id,eventId,typeId,periodId,timeMin,timeSec,contestantId,outcome,x,y,timeStamp,lastModified,qualifier/0/id,qualifier/0/qualifierId,qualifier/0/value,qualifier/1/id,qualifier/1/qualifierId,qualifier/1/value,qualifier/2/id,qualifier/2/qualifierId,qualifier/2/value,qualifier/3/id,qualifier/3/qualifierId,qualifier/3/value,qualifier/4/id,qualifier/4/qualifierId,qualifier/4/value,qualifier/5/id,qualifier/5/qualifierId,qualifier/5/value,qualifier/6/id,qualifier/6/qualifierId,qualifier/6/value,qualifier/7/id,qualifier/7/qualifierId,qualifier/7/value,playerId,playerName,qualifier/8/id,qualifier/8/qualifierId,qualifier/9/id,qualifier/9/qualifierId,qualifier/9/value,keyPass,qualifier/8/value,qualifier/10/id,qualifier/10/qualifierId,qualifier/11/id,qualifier/11/qualifierId,qualifier/11/value,qualifier/12/id,qualifier/12/qualifierId,qualifier/13/id,qualifier/13/qualifierId,qualifier/13/value,qualifier/10/value,qualifier/12/value,qualifier/14/id,qualifier/14/qualifierId,qualifier/14/value,qualifier/15/id,qualifier/15/qualifierId,qualifier/15/value,qualifier/16/id,qualifier/16/qualifierId,qualifier/16/value,qualifier/17/id,qualifier/17/qualifierId,qualifier/17/value,assist
2500984071,1,34,16,0,0,2uuh2bir8ktof0uxfo06lb4ox,1,0,0,2023-01-27T18:11:51.229Z,2023-01-27T18:58:27Z,3996898709,194,dse1rndtog4qn2mwv966vp6mt,3996898705,131,"1, 2, 3, 4, 5, 6, 7, 8, 9, 10, 11, 0, 0, 0, 0, 0, 0, 0, 0, 0, 0, 0, 0",3996898697,44,"1, 3, 3, 2, 2, 2, 3, 3, 4, 4, 4, 5, 5, 5, 5, 5, 5, 5, 5, 5, 5, 5, 5",3996898695,30,"cetavjue5femoxid9fmcd0zjd, 8fqnvz74z901a2h0kgk1zezje, csecbdlw3sxstnebpiw91ezxm, dse1rndtog4qn2mwv966vp6mt, dmrznrol8qp7yk53r6ajhnkt0, idvh0ac1f8wv39640pyl4esp, a339o11ut8s1o9odm6ybc4pka, 29s8wk0a2m66rebsfx1jfuuh, 2esbyi3i7rtsdkxe6a917rsnp, 1rd0zzpp3dn0y7qtxwc57g7h1, by85t8ssyumcjcks1jx3v96vo, eds7hz8z52qf06c3oug7nivv9, 3a89nlkh1p3l3qi6o70uzp5ud, b77p0um20y057708bx6on4d4a, a4dg6hmhim8bhpl5d7me85al1, asn8og4yn5gj4it0qe6vulhat, amb2qvdnwu0meepj6yu65g72t, 8dez06qvnnwh13201ki10rtka, 2f3j5qchxzh11u4bi2mb8dslw, 73wkaux439sdodxdjhn1152sq, ebr52ne9bo6xyh2vhr6nhfhbe, 7gwm8sjtl2vyfeh6mio8ve9ec, 4jshezco0cyjgre23nm98fetx",3996898699,59,"1, 3, 21, 5, 36, 15, 6, 11, 9, 30, 20, 4, 7, 8, 10, 14, 18, 19, 22, 24, 31, 33, 40",3996979401,197,497,3996898701,130,17,3996898713,227,"0, 0, 0, 0, 0, 0, 0, 0, 0, 0, 0, 0, 0, 0, 0, 0, 0, 0, 0, 0, 0, 0, 0",,,,,,,,,,,,,,,,,,,,,,,,,,,,,,,,,,
2500985597,1,34,16,0,0,dnzj0iv5qtaemm9kthh9pos8q,1,0,0,2023-01-27T18:15:26.431Z,2023-01-27T19:09:24Z,3996907123,30,"alzgg0nxnnex3nkzr6lgmt1ey, dcdvet7azx1a59xm2ke7qi2cq, 4zow18ykkg1gvw40r7jsrzkl, 8uw9w30592omb8acpnssgdlh, 7cetznpb0tnu6kdz7bvm8gyxh, 1jn9jog8ou8uxnmypneksizxm, bquqyyfz4lj0xrerbhbtj1jze, dh3ksith5iat573zuhdhv91w5, b950jt347chmq9whlkgl6fxpm, f1as17wqpj44gihtvw936lofd, 1mroid71v9bwpx0iaospei9gq, cexuwvet4xiruf1jitkjjp7qi, au91rqig6uyyi1zdmlxydk38q, 5c5quyl7qxptstbge87w2eqqx, b61yiz3lait78xmlbyzr2vd62, 4z8o35izc3gx6i2bt4mcs1fjd, 5dppoogob8jwl8n3884uqm4iy, 5ffbqf6o50173uqvaefnce4gk, 5chl0qcvbbkd0yeogurw1fz6x, 9tj2yr6ep9hsignf7cjn7wnl6",3996907131,131,"1, 2, 3, 4, 5, 6, 7, 8, 9, 10, 11, 0, 0, 0, 0, 0, 0, 0, 0, 0",3996977987,197,16934,3996907129,130,4,3996907125,44,"1, 2, 2, 3, 2, 2, 3, 3, 4, 4, 4, 5, 5, 5, 5, 5, 5, 5, 5, 5",3996907133,194,dh3ksith5iat573zuhdhv91w5,3996907127,59,"1, 2, 12, 19, 15, 4, 18, 8, 39, 17, 28, 3, 6, 9, 11, 16, 20, 21, 23, 30",3996907135,227,"0, 0, 0, 0, 0, 0, 0, 0, 0, 0, 0, 0, 0, 0, 0, 0, 0, 0, 0, 0",,,,,,,,,,,,,,,,,,,,,,,,,,,,,,,,,,
2500999783,2,32,1,0,0,2uuh2bir8ktof0uxfo06lb4ox,1,0,0,2023-01-27T18:59:20.506Z,2023-01-27T18:59:23Z,3996980705,127,Left to Right,,,,,,,,,,,,,,,,,,,,,,,,,,,,,,,,,,,,,,,,,,,,,,,,,,,,,,,
2500999779,3,32,1,0,0,dnzj0iv5qtaemm9kthh9pos8q,1,0,0,2023-01-27T18:59:20.506Z,2023-01-27T19:01:54Z,3996980691,127,Right to Left,,,,,,,,,,,,,,,,,,,,,,,,,,,,,,,,,,,,,,,,,,,,,,,,,,,,,,,
2500999819,4,1,1,0,0,dnzj0iv5qtaemm9kthh9pos8q,1,50,50,2023-01-27T18:59:20.606Z,2023-01-27T19:01:53Z,3996980865,213,3.3,3996980863,212,22.6,3996980859,140,28.7,3996980867,279,S,3996980861,141,45.7,3996980857,56,Back,,,,,,,1mroid71v9bwpx0iaospei9gq,R. Margaret,,,,,,,,,,,,,,,,,,,,,,,,,,,,,,,,
2500999813,3,43,1,0,5,2uuh2bir8ktof0uxfo06lb4ox,1,0,0,2023-01-27T18:59:26.130Z,2023-01-27T18:59:46Z,3996981593,144,44,3996980841,285,0,3996980839,56,Back,,,,,,,,,,,,,,,,8fqnvz74z901a2h0kgk1zezje,L. Görlich,,,,,,,,,,,,,,,,,,,,,,,,,,,,,,,,
2500999841,5,1,1,0,6,dnzj0iv5qtaemm9kthh9pos8q,1,29.7,44.6,2023-01-27T18:59:26.653Z,2023-01-27T19:01:53Z,3996980993,141,92.3,3996980987,155,,3996980991,140,60.5,3996980997,213,0.8,3996980995,212,45.8,3996980999,1,,3996980989,56,Left,,,,7cetznpb0tnu6kdz7bvm8gyxh,L. Piqué,,,,,,,,,,,,,,,,,,,,,,,,,,,,,,,,
2500999885,6,4,1,0,9,dnzj0iv5qtaemm9kthh9pos8q,1,62.2,85.8,2023-01-27T18:59:30.125Z,2023-01-27T19:01:53Z,3996981217,56,Left,3996981209,13,,3996981221,286,,3996981281,233,4,3996981219,152,,3996981215,294,,,,,,,,4zow18ykkg1gvw40r7jsrzkl,D. van der Sluys,,,,,,,,,,,,,,,,,,,,,,,,,,,,,,,,
2500999859,4,4,1,0,9,2uuh2bir8ktof0uxfo06lb4ox,0,37.8,14.2,2023-01-27T18:59:30.126Z,2023-01-27T18:59:39Z,3996981091,152,,3996981293,233,6,3996981089,56,Left,3996981085,13,,3996981093,285,,3996981087,294,,,,,,,,by85t8ssyumcjcks1jx3v96vo,Y. Taha,,,,,,,,,,,,,,,,,,,,,,,,,,,,,,,,
2500999997,7,1,1,0,24,dnzj0iv5qtaemm9kthh9pos8q,1,62.9,91.7,2023-01-27T18:59:44.541Z,2023-01-27T19:01:52Z,3996981725,140,71.9,3996981729,212,39.2,3996981719,155,,3996981731,213,5.0,3996981733,1,,3996981723,56,Center,3996981727,141,35.8,3996981717,5,,4zow18ykkg1gvw40r7jsrzkl,D. van der Sluys,3996981721,152,,,,,,,,,,,,,,,,,,,,,,,,,,,,,,
2501000013,8,1,1,0,29,dnzj0iv5qtaemm9kthh9pos8q,1,71.6,34,2023-01-27T18:59:50.429Z,2023-01-27T19:01:52Z,3996981807,141,29.5,3996981803,56,Center,3996981811,213,3.3,3996981805,140,50.3,3996981809,212,22.6,,,,,,,,,,b950jt347chmq9whlkgl6fxpm,K. Leidsman,,,,,,,,,,,,,,,,,,,,,,,,,,,,,,,,
2501000027,9,1,1,0,32,dnzj0iv5qtaemm9kthh9pos8q,1,58.4,21.5,2023-01-27T18:59:53.134Z,2023-01-27T19:01:52Z,3996981841,1,,3996981833,140,92.4,3996981837,212,44.5,3996981829,155,,3996981831,56,Center,3996981839,213,0.6,3996981835,141,60.6,,,,dh3ksith5iat573zuhdhv91w5,R. Stuy van den Herik,,,,,,,,,,,,,,,,,,,,,,,,,,,,,,,,
2501000039,10,1,1,0,34,dnzj0iv5qtaemm9kthh9pos8q,0,91.8,61.5,2023-01-27T18:59:55.109Z,2023-01-27T19:52:10Z,3996981883,212,8.8,3996981877,56,Center,3996981885,213,2.5,3996981881,141,69.3,3996981879,140,85.1,,,,,,,,,,bquqyyfz4lj0xrerbhbtj1jze,Ö. Gündüz,,,,,,,,,,,,,,,,,,,,,,,,,,,,,,,,
2501000025,5,49,1,0,35,2uuh2bir8ktof0uxfo06lb4ox,1,19.1,23,2023-01-27T18:59:55.534Z,2023-01-27T18:59:55Z,,,,,,,,,,,,,,,,,,,,,,,,,by85t8ssyumcjcks1jx3v96vo,Y. Taha,,,,,,,,,,,,,,,,,,,,,,,,,,,,,,,,
2501000063,6,1,1,0,37,2uuh2bir8ktof0uxfo06lb4ox,0,28.4,8.8,2023-01-27T18:59:58.015Z,2023-01-27T19:00:01Z,3996981981,140,73.9,3996981979,56,Right,3996981987,213,0.1,3996981977,155,,3996981983,141,17.0,3996981989,1,,3996981985,212,48.1,,,,by85t8ssyumcjcks1jx3v96vo,Y. Taha,,,,,,,,,,,,,,,,,,,,,,,,,,,,,,,,
2501000069,11,49,1,0,42,dnzj0iv5qtaemm9kthh9pos8q,1,24.8,81.8,2023-01-27T19:00:02.525Z,2023-01-27T19:00:02Z,,,,,,,,,,,,,,,,,,,,,,,,,1jn9jog8ou8uxnmypneksizxm,R. van Eijma,,,,,,,,,,,,,,,,,,,,,,,,,,,,,,,,
2501000099,12,1,1,0,43,dnzj0iv5qtaemm9kthh9pos8q,1,26.5,84.1,2023-01-27T19:00:03.757Z,2023-01-27T19:01:51Z,3996982125,212,25.6,3996982119,56,Back,3996982123,141,56.9,3996982127,213,4.0,3996982121,140,9.7,,,,,,,,,,1jn9jog8ou8uxnmypneksizxm,R. van Eijma,,,,,,,,,,,,,,,,,,,,,,,,,,,,,,,,
2501000113,13,1,1,0,45,dnzj0iv5qtaemm9kthh9pos8q,1,9.4,56,2023-01-27T19:00:06.189Z,2023-01-27T19:01:51Z,3996982193,1,,3996982181,157,,3996982187,141,43.3,3996982183,56,Back,3996982191,213,6.0,3996982189,212,35.8,3996982185,140,42.5,,,,alzgg0nxnnex3nkzr6lgmt1ey,T. Jansen,,,,,,,,,,,,,,,,,,,,,,,,,,,,,,,,
2501000121,15,44,1,0,49,dnzj0iv5qtaemm9kthh9pos8q,1,39.8,43,2023-01-27T19:00:10.493Z,2023-01-27T19:01:51Z,3996982233,233,7,3996985305,285,,3996982229,56,Back,,,,,,,,,,,,,,,,f1as17wqpj44gihtvw936lofd,B. van Hoeven,,,,,,,,,,,,,,,,,,,,,,,,,,,,,,,,
2501000115,7,44,1,0,49,2uuh2bir8ktof0uxfo06lb4ox,0,60.2,57,2023-01-27T19:00:10.494Z,2023-01-27T19:00:12Z,3996982237,233,15,3996982197,56,Back,3996982241,285,,,,,,,,,,,,,,,,,1rd0zzpp3dn0y7qtxwc57g7h1,R. Thomas,,,,,,,,,,,,,,,,,,,,,,,,,,,,,,,,
2501000117,14,43,1,0,49,dnzj0iv5qtaemm9kthh9pos8q,1,0,0,2023-01-27T19:00:10.494Z,2023-01-27T19:00:15Z,3996982293,144,1,3996982211,212,0,3996982203,168,0,3996982201,3,0,3996982213,213,0,3996982207,140,42.6,3996982209,141,43.0,3996982205,56,Center,f1as17wqpj44gihtvw936lofd,B. van Hoeven,,,,,,,,,,,,,,,,,,,,,,,,,,,,,,,,
2501000123,16,1,1,0,51,dnzj0iv5qtaemm9kthh9pos8q,0,42.6,43,2023-01-27T19:00:12.157Z,2023-01-27T19:01:50Z,3996982255,213,2.2,3996982247,56,Back,3996982251,141,53.1,3996982249,140,38.3,3996982245,3,,3996982253,212,8.2,,,,,,,f1as17wqpj44gihtvw936lofd,B. van Hoeven,,,,,,,,,,,,,,,,,,,,,,,,,,,,,,,,
2501000125,8,49,1,0,52,2uuh2bir8ktof0uxfo06lb4ox,1,54.1,47.5,2023-01-27T19:00:13.231Z,2023-01-27T19:00:13Z,,,,,,,,,,,,,,,,,,,,,,,,,dmrznrol8qp7yk53r6ajhnkt0,T. Beelen,,,,,,,,,,,,,,,,,,,,,,,,,,,,,,,,
2501000155,9,1,1,0,53,2uuh2bir8ktof0uxfo06lb4ox,1,55.3,43.9,2023-01-27T19:00:14.384Z,2023-01-27T19:00:18Z,3996982395,212,27.9,3996982393,141,6.2,3996982397,213,5.1,3996982389,56,Right,3996982391,140,65.8,,,,,,,,,,dmrznrol8qp7yk53r6ajhnkt0,T. Beelen,,,,,,,,,,,,,,,,,,,,,,,,,,,,,,,,
2501000177,10,1,1,0,58,2uuh2bir8ktof0uxfo06lb4ox,1,81.2,7.6,2023-01-27T19:00:18.590Z,2023-01-27T19:00:21Z,3996982513,213,0.5,3996982507,140,92.3,3996982511,212,13.1,3996982505,56,Right,3996982509,141,16.5,,,,,,,,,,8fqnvz74z901a2h0kgk1zezje,L. Görlich,,,,,,,,,,,,,,,,,,,,,,,,,,,,,,,,
2501000181,11,61,1,1,0,2uuh2bir8ktof0uxfo06lb4ox,0,92.5,16.5,2023-01-27T19:00:21.422Z,2023-01-27T19:00:21Z,3996982521,56,Right,,,,,,,,,,,,,,,,,,,,,,by85t8ssyumcjcks1jx3v96vo,Y. Taha,,,,,,,,,,,,,,,,,,,,,,,,,,,,,,,,
2501000191,17,49,1,1,3,dnzj0iv5qtaemm9kthh9pos8q,1,2.9,74.5,2023-01-27T19:00:24.334Z,2023-01-27T19:00:24Z,,,,,,,,,,,,,,,,,,,,,,,,,1jn9jog8ou8uxnmypneksizxm,R. van Eijma,,,,,,,,,,,,,,,,,,,,,,,,,,,,,,,,
2501000197,18,1,1,1,4,dnzj0iv5qtaemm9kthh9pos8q,0,2.9,74.5,2023-01-27T19:00:24.637Z,2023-01-27T19:01:50Z,3996982579,1,,3996982569,56,Back,3996982575,212,46.1,3996982573,141,41.9,3996982577,213,5.8,3996982567,157,,3996982571,140,41.4,,,,1jn9jog8ou8uxnmypneksizxm,R. van Eijma,,,,,,,,,,,,,,,,,,,,,,,,,,,,,,,,
2501000215,12,1,1,1,6,2uuh2bir8ktof0uxfo06lb4ox,1,55.9,57.3,2023-01-27T19:00:27.134Z,2023-01-27T19:00:30Z,3996982663,140,68.5,3996982659,3,,3996982669,213,0.9,3996982665,141,81.5,3996982661,56,Left,3996982667,212,21.1,,,,,,,dse1rndtog4qn2mwv966vp6mt,B. van Hintum,,,,,,,,,,,,,,,,,,,,,,,,,,,,,,,,
2501000219,13,49,1,1,9,2uuh2bir8ktof0uxfo06lb4ox,1,71.1,90.2,2023-01-27T19:00:29.966Z,2023-01-27T19:00:30Z,,,,,,,,,,,,,,,,,,,,,,,,,csecbdlw3sxstnebpiw91ezxm,S. Lagsir,,,,,,,,,,,,,,,,,,,,,,,,,,,,,,,,
2501000261,14,1,1,1,16,2uuh2bir8ktof0uxfo06lb4ox,1,70.2,89.9,2023-01-27T19:00:36.718Z,2023-01-27T19:00:39Z,3996982895,140,58.8,3996982899,212,12.0,3996982893,56,Left,3996982897,141,90.3,3996982901,213,3.1,,,,,,,,,,csecbdlw3sxstnebpiw91ezxm,S. Lagsir,,,,,,,,,,,,,,,,,,,,,,,,,,,,,,,,
2501000281,15,1,1,1,18,2uuh2bir8ktof0uxfo06lb4ox,1,58.8,90.3,2023-01-27T19:00:39.310Z,2023-01-27T19:00:42Z,3996982993,141,78.7,3996982995,212,19.9,3996982991,140,76.2,3996982989,56,Center,3996982997,213,5.9,,,,,,,,,,dse1rndtog4qn2mwv966vp6mt,B. van Hintum,,,,,,,,,,,,,,,,,,,,,,,,,,,,,,,,
2501000295,16,1,1,1,22,2uuh2bir8ktof0uxfo06lb4ox,1,76.2,78.7,2023-01-27T19:00:42.542Z,2023-01-27T19:00:46Z,3996983055,212,11.2,3996983053,141,95.0,3996983057,213,1.7,3996983049,56,Left,3996983051,140,74.8,,,,,,,,,,29s8wk0a2m66rebsfx1jfuuh,D. van den Berg,,,,,,,,,,,,,,,,,,,,,,,,,,,,,,,,
2501000297,17,1,1,1,26,2uuh2bir8ktof0uxfo06lb4ox,0,87.9,94.1,2023-01-27T19:00:46.559Z,2023-01-27T19:00:48Z,3996983075,213,5.1,3996983063,2,,3996983067,56,Left,3996983089,233,19,3996983093,286,,3996983065,155,,3996983073,212,4.2,3996983069,140,89.4,csecbdlw3sxstnebpiw91ezxm,S. Lagsir,3996983087,236,3996983071,141,88.3,,,,,,,,,,,,,,,,,,,,,,,,,,,
2501000301,19,12,1,1,26,dnzj0iv5qtaemm9kthh9pos8q,1,10.8,5.8,2023-01-27T19:00:46.659Z,2023-01-27T19:01:50Z,3996983083,56,Back,3996983081,185,,3996983095,233,17,,,,,,,,,,,,,,,,dcdvet7azx1a59xm2ke7qi2cq,I. Pata,,,,,,,,,,,,,,,,,,,,,,,,,,,,,,,,
2501000309,18,6,1,1,27,2uuh2bir8ktof0uxfo06lb4ox,1,95.2,87.7,2023-01-27T19:00:48.222Z,2023-01-27T19:00:51Z,3996983137,233,20,3996983115,56,Left,3996983117,73,,,,,,,,,,,,,,,,,csecbdlw3sxstnebpiw91ezxm,S. Lagsir,,,,,,,,,,,,,,,,,,,,,,,,,,,,,,,,
2501000321,20,6,1,1,27,dnzj0iv5qtaemm9kthh9pos8q,0,4.8,12.3,2023-01-27T19:00:48.222Z,2023-01-27T19:45:56Z,3996983135,73,,3996983141,233,18,3996983133,56,Back,,,,,,,,,,,,,,,,dcdvet7azx1a59xm2ke7qi2cq,I. Pata,,,,,,,,,,,,,,,,,,,,,,,,,,,,,,,,
2501000493,19,1,1,1,50,2uuh2bir8ktof0uxfo06lb4ox,1,99.5,99.5,2023-01-27T19:01:11.182Z,2023-01-27T19:02:57Z,3996983807,2,,3996989451,210,15,3996983821,212,46.8,3996983811,155,,3996983819,141,31.3,3996983823,213,4.6,3996983813,224,,3996989453,154,,dse1rndtog4qn2mwv966vp6mt,B. van Hintum,3996983817,140,3996983815,56,Center,1,93.2,3996983825,1,3996983809,6,,,,,,,,,,,,,,,,,,,,,
2501000501,20,15,1,1,56,2uuh2bir8ktof0uxfo06lb4ox,1,94.2,34,2023-01-27T19:01:16.862Z,2023-01-27T19:02:57Z,3996989461,29,,3996984003,233,22,3996989457,25,,3996989471,103,17.1,3996983853,56,Center,3996989469,102,47.4,3996983983,20,,3996989459,80,,a339o11ut8s1o9odm6ybc4pka,T. van den Belt,3996989463,154,3996989475,146,99.9,,,3996983851,63,3996989477,147,48.0,3996989473,108,3996989465,55,19,,,,,,,,,,,,,,,
2501000531,22,10,1,1,56,dnzj0iv5qtaemm9kthh9pos8q,1,1.3,54.2,2023-01-27T19:01:16.962Z,2023-01-27T19:01:49Z,3996984019,233,20,3996983967,177,,3996983971,182,,3996983973,56,Back,3996983969,178,,,,,,,,,,,alzgg0nxnnex3nkzr6lgmt1ey,T. Jansen,,,,,,,,,,,,,,,,,,,,,,,,,,,,,,,,
2501000529,21,52,1,1,57,dnzj0iv5qtaemm9kthh9pos8q,1,1.3,54.2,2023-01-27T19:01:17.606Z,2023-01-27T19:01:19Z,,,,,,,,,,,,,,,,,,,,,,,,,alzgg0nxnnex3nkzr6lgmt1ey,T. Jansen,,,,,,,,,,,,,,,,,,,,,,,,,,,,,,,,
2501000579,23,1,1,2,3,dnzj0iv5qtaemm9kthh9pos8q,0,15,46.6,2023-01-27T19:01:23.740Z,2023-01-27T19:01:49Z,3996984157,199,,3996984161,140,62.7,3996984167,213,6.1,3996984159,56,Center,3996984163,141,32.2,3996984165,212,51.0,3996984169,1,,,,,alzgg0nxnnex3nkzr6lgmt1ey,T. Jansen,,,,,,,,,,,,,,,,,,,,,,,,,,,,,,,,
2501000597,21,61,1,2,6,2uuh2bir8ktof0uxfo06lb4ox,1,36,66.4,2023-01-27T19:01:27.058Z,2023-01-27T19:01:27Z,3996984249,56,Back,,,,,,,,,,,,,,,,,,,,,,1rd0zzpp3dn0y7qtxwc57g7h1,R. Thomas,,,,,,,,,,,,,,,,,,,,,,,,,,,,,,,,
2501000617,22,49,1,2,9,2uuh2bir8ktof0uxfo06lb4ox,1,51.2,71.8,2023-01-27T19:01:30.205Z,2023-01-27T19:01:30Z,,,,,,,,,,,,,,,,,,,,,,,,,29s8wk0a2m66rebsfx1jfuuh,D. van den Berg,,,,,,,,,,,,,,,,,,,,,,,,,,,,,,,,
2501000629,23,1,1,2,10,2uuh2bir8ktof0uxfo06lb4ox,1,51.2,71.8,2023-01-27T19:01:30.509Z,2023-01-27T19:01:32Z,3996984417,213,0.7,3996984413,141,90.2,3996984407,56,Left,3996984409,140,65.9,3996984415,212,19.9,,,,,,,,,,29s8wk0a2m66rebsfx1jfuuh,D. van den Berg,,,,,,,,,,,,,,,,,,,,,,,,,,,,,,,,
2501000663,24,1,1,2,11,2uuh2bir8ktof0uxfo06lb4ox,1,65.9,90.2,2023-01-27T19:01:31.981Z,2023-01-27T19:01:34Z,3996984545,141,76.7,3996984549,213,4.1,3996984537,56,Center,3996984547,212,11.4,3996984541,140,59.5,,,,,,,,,,csecbdlw3sxstnebpiw91ezxm,S. Lagsir,,,,,,,,,,,,,,,,,,,,,,,,,,,,,,,,
2501000709,25,1,1,2,13,2uuh2bir8ktof0uxfo06lb4ox,1,58.6,74.1,2023-01-27T19:01:34.077Z,2023-01-27T19:01:37Z,3996984755,212,27.4,3996984753,141,34.3,3996984757,213,4.5,3996984749,56,Center,3996984751,140,54.3,,,,,,,,,,29s8wk0a2m66rebsfx1jfuuh,D. van den Berg,,,,,,,,,,,,,,,,,,,,,,,,,,,,,,,,
2501000737,26,1,1,2,16,2uuh2bir8ktof0uxfo06lb4ox,1,54.1,29.2,2023-01-27T19:01:37.293Z,2023-01-27T19:01:41Z,3996984869,141,8.3,3996984865,56,Right,3996984873,213,5.5,3996984871,212,20.1,3996984867,140,67.7,,,,,,,,,,idvh0ac1f8wv39640pyl4esp,S. Kersten,,,,,,,,,,,,,,,,,,,,,,,,,,,,,,,,
2501000759,27,1,1,2,20,2uuh2bir8ktof0uxfo06lb4ox,1,68.9,8.8,2023-01-27T19:01:41.134Z,2023-01-27T19:01:42Z,3996984965,140,58.0,3996984969,212,13.2,3996984963,56,Right,3996984967,141,18.6,3996984971,213,2.6,,,,,,,,,,8fqnvz74z901a2h0kgk1zezje,L. Görlich,,,,,,,,,,,,,,,,,,,,,,,,,,,,,,,,
2501000803,28,1,1,2,22,2uuh2bir8ktof0uxfo06lb4ox,1,57.5,20.1,2023-01-27T19:01:42.814Z,2023-01-27T19:01:47Z,3996985171,212,15.7,3996985165,56,Center,3996985169,141,43.0,3996985173,213,1.7,3996985167,140,55.4,,,,,,,,,,idvh0ac1f8wv39640pyl4esp,S. Kersten,,,,,,,,,,,,,,,,,,,,,,,,,,,,,,,,
2501000813,29,1,1,2,26,2uuh2bir8ktof0uxfo06lb4ox,1,53.9,48.4,2023-01-27T19:01:47.470Z,2023-01-27T19:01:48Z,3996985215,213,1.7,3996985209,140,51.2,3996985207,56,Center,3996985213,212,20.7,3996985211,141,78.5,,,,,,,,,,dmrznrol8qp7yk53r6ajhnkt0,T. Beelen,,,,,,,,,,,,,,,,,,,,,,,,,,,,,,,,
2501000849,30,1,1,2,28,2uuh2bir8ktof0uxfo06lb4ox,1,51.2,78.5,2023-01-27T19:01:48.605Z,2023-01-27T19:01:52Z,3996985389,212,16.9,3996985385,140,62.9,3996985383,56,Left,3996985391,213,0.8,3996985387,141,95.6,,,,,,,,,,dse1rndtog4qn2mwv966vp6mt,B. van Hintum,,,,,,,,,,,,,,,,,,,,,,,,,,,,,,,,
2501000881,31,1,1,2,31,2uuh2bir8ktof0uxfo06lb4ox,1,64.7,93.3,2023-01-27T19:01:52.013Z,2023-01-27T19:01:54Z,3996985533,140,63.2,3996985537,212,12.1,3996985531,56,Center,3996985539,213,4.6,3996985535,141,75.6,,,,,,,,,,csecbdlw3sxstnebpiw91ezxm,S. Lagsir,,,,,,,,,,,,,,,,,,,,,,,,,,,,,,,,
2501000899,32,1,1,2,33,2uuh2bir8ktof0uxfo06lb4ox,1,64.3,74.8,2023-01-27T19:01:53.934Z,2023-01-27T19:01:55Z,3996985621,140,55.9,3996985627,213,2.7,3996985623,141,81.4,3996985619,56,Left,3996985625,212,9.9,,,,,,,,,,1rd0zzpp3dn0y7qtxwc57g7h1,R. Thomas,,,,,,,,,,,,,,,,,,,,,,,,,,,,,,,,
2501000947,33,1,1,2,35,2uuh2bir8ktof0uxfo06lb4ox,1,55.9,81.4,2023-01-27T19:01:55.566Z,2023-01-27T19:01:58Z,3996985851,213,0.9,3996985843,56,Left,3996985845,140,62.0,3996985849,212,10.2,3996985847,141,93.0,,,,,,,,,,dse1rndtog4qn2mwv966vp6mt,B. van Hintum,,,,,,,,,,,,,,,,,,,,,,,,,,,,,,,,
2501001019,34,1,1,2,38,2uuh2bir8ktof0uxfo06lb4ox,1,66.6,91.8,2023-01-27T19:01:58.685Z,2023-01-27T19:02:03Z,3996986127,141,96.6,3996986125,140,66.8,3996986129,212,3.3,3996986131,213,1.5,3996986123,56,Left,,,,,,,,,,csecbdlw3sxstnebpiw91ezxm,S. Lagsir,,,,,,,,,,,,,,,,,,,,,,,,,,,,,,,,
2501001067,35,1,1,2,43,2uuh2bir8ktof0uxfo06lb4ox,1,66.6,95.7,2023-01-27T19:02:03.613Z,2023-01-27T19:02:07Z,3996986341,141,75.6,3996986333,56,Center,3996986343,212,13.8,3996986337,140,64.6,3996986345,213,4.6,,,,,,,,,,29s8wk0a2m66rebsfx1jfuuh,D. van den Berg,,,,,,,,,,,,,,,,,,,,,,,,,,,,,,,,
2501001083,36,1,1,2,46,2uuh2bir8ktof0uxfo06lb4ox,1,64.6,74.7,2023-01-27T19:02:06.926Z,2023-01-27T19:02:08Z,3996986419,140,74.1,3996986423,212,10.0,3996986425,213,6.2,3996986417,56,Center,3996986421,141,74.2,,,,,,,,,,1rd0zzpp3dn0y7qtxwc57g7h1,R. Thomas,,,,,,,,,,,,,,,,,,,,,,,,,,,,,,,,
2501001105,37,1,1,2,48,2uuh2bir8ktof0uxfo06lb4ox,1,74.1,74.2,2023-01-27T19:02:08.637Z,2023-01-27T19:02:10Z,3996986515,140,76.8,3996986519,212,5.2,3996986513,56,Left,3996986521,213,1.0,3996986517,141,80.6,,,,,,,,,,csecbdlw3sxstnebpiw91ezxm,S. Lagsir,,,,,,,,,,,,,,,,,,,,,,,,,,,,,,,,
2501001119,38,1,1,2,49,2uuh2bir8ktof0uxfo06lb4ox,1,76.8,80.6,2023-01-27T19:02:09.869Z,2023-01-27T19:02:10Z,3996986595,56,Left,3996986599,141,85.3,3996986601,212,4.6,3996986597,140,80.0,3996986603,213,0.8,,,,,,,,,,1rd0zzpp3dn0y7qtxwc57g7h1,R. Thomas,,,,,,,,,,,,,,,,,,,,,,,,,,,,,,,,
2501001153,39,1,1,2,50,2uuh2bir8ktof0uxfo06lb4ox,1,80,85.3,2023-01-27T19:02:10.669Z,2023-01-27T19:02:13Z,3996986773,141,76.3,3996986769,56,Center,3996986775,212,13.4,3996986771,140,91.3,3996986777,213,5.8,,,,,,,,,,29s8wk0a2m66rebsfx1jfuuh,D. van den Berg,,,,,,,,,,,,,,,,,,,,,,,,,,,,,,,,
2501001159,40,1,1,2,52,2uuh2bir8ktof0uxfo06lb4ox,0,92.2,75.7,2023-01-27T19:02:13.021Z,2023-01-27T19:02:15Z,3996986813,141,72.6,3996986817,213,3.8,3996986947,236,,3996986811,140,89.6,3996986815,212,3.4,3996986949,233,24,3996986809,56,Center,3996986953,286,,1rd0zzpp3dn0y7qtxwc57g7h1,R. Thomas,,,,,,,,,,,,,,,,,,,,,,,,,,,,,,,,
2501001179,24,74,1,2,52,dnzj0iv5qtaemm9kthh9pos8q,1,6.3,24.4,2023-01-27T19:02:13.022Z,2023-01-27T19:46:00Z,3996986911,56,Back,3996986961,233,40,3996986913,285,,,,,,,,,,,,,,,,,dcdvet7azx1a59xm2ke7qi2cq,I. Pata,,,,,,,,,,,,,,,,,,,,,,,,,,,,,,,,
2501001209,25,6,1,2,54,dnzj0iv5qtaemm9kthh9pos8q,0,4.6,23.2,2023-01-27T19:02:14.670Z,2023-01-27T19:45:56Z,3996987127,233,41,3996987071,73,,3996987067,56,Back,,,,,,,,,,,,,,,,dcdvet7azx1a59xm2ke7qi2cq,I. Pata,,,,,,,,,,,,,,,,,,,,,,,,,,,,,,,,
2501001181,41,6,1,2,54,2uuh2bir8ktof0uxfo06lb4ox,1,95.4,76.8,2023-01-27T19:02:14.670Z,2023-01-27T19:02:18Z,3996986915,56,Center,3996987105,233,25,3996986917,73,,,,,,,,,,,,,,,,,1rd0zzpp3dn0y7qtxwc57g7h1,R. Thomas,,,,,,,,,,,,,,,,,,,,,,,,,,,,,,,,
2501001459,42,1,1,3,13,2uuh2bir8ktof0uxfo06lb4ox,0,99.5,99.5,2023-01-27T19:02:34.286Z,2023-01-27T19:02:37Z,3996988249,140,90.0,3996988257,1,,3996988245,224,,3996988251,141,40.3,3996988239,2,,3996988253,212,41.5,3996988243,155,,3996988255,213,4.5,dse1rndtog4qn2mwv966vp6mt,B. van Hintum,3996988247,56,3996988241,6,,,Center,,,,,,,,,,,,,,,,,,,,,,,,,
2501001527,26,12,1,3,20,dnzj0iv5qtaemm9kthh9pos8q,1,9.8,59.3,2023-01-27T19:02:41.052Z,2023-01-27T19:04:51Z,3996988619,212,9.0,3996988615,140,4.9,3996988613,56,Back,3996988617,141,70.2,3996988621,213,2.2,3996988641,15,,,,,,,,8uw9w30592omb8acpnssgdlh,R. Dekker,,,,,,,,,,,,,,,,,,,,,,,,,,,,,,,,
2501001549,43,1,1,3,22,2uuh2bir8ktof0uxfo06lb4ox,1,95.9,34.2,2023-01-27T19:02:43.358Z,2023-01-27T19:04:18Z,3996988735,141,41.9,3996988739,213,2.4,3996994485,210,13,3996988733,140,90.5,3996994487,154,,3996988731,56,Center,3996988737,212,7.7,3996988729,3,,8fqnvz74z901a2h0kgk1zezje,L. Görlich,,,,,,1,,,,,,,,,,,,,,,,,,,,,,,,,,
2501001555,44,13,1,3,23,2uuh2bir8ktof0uxfo06lb4ox,1,90.5,41.9,2023-01-27T19:02:44.413Z,2023-01-27T19:04:18Z,3996988779,56,Center,3996994509,328,,3996994499,55,43,3996994513,231,49.1,3996994267,25,,3996994269,20,,3996994493,85,,3996994505,103,55.6,idvh0ac1f8wv39640pyl4esp,S. Kersten,3996994497,154,3996994503,102,48.2,,,3996994511,230,3996994495,29,,3996988777,17,3996994507,108,,99.4,,,,,,,,,,,,,,
2501001597,27,5,1,3,25,dnzj0iv5qtaemm9kthh9pos8q,1,-1.5,52.4,2023-01-27T19:02:45.789Z,2023-01-27T19:47:07Z,3996988925,346,,3996988923,56,Back,3996988931,233,45,,,,,,,,,,,,,,,,8uw9w30592omb8acpnssgdlh,R. Dekker,,,,,,,,,,,,,,,,,,,,,,,,,,,,,,,,
2501001575,45,5,1,3,25,2uuh2bir8ktof0uxfo06lb4ox,0,101.5,47.6,2023-01-27T19:02:45.789Z,2023-01-27T19:02:47Z,3996988849,346,,3996988845,56,Center,3996988935,233,27,,,,,,,,,,,,,,,,idvh0ac1f8wv39640pyl4esp,S. Kersten,,,,,,,,,,,,,,,,,,,,,,,,,,,,,,,,
2501001845,28,1,1,3,46,dnzj0iv5qtaemm9kthh9pos8q,1,5.5,55.4,2023-01-27T19:03:06.621Z,2023-01-27T19:03:09Z,3996990077,213,0.3,3996990087,74,,3996990065,140,61.5,3996990069,212,61.1,3996990061,124,,3996990067,141,79.9,3996990063,56,Left,3996990079,1,,alzgg0nxnnex3nkzr6lgmt1ey,T. Jansen,,,,,,,,,,,,,,,,,,,,,,,,,,,,,,,,
2501001865,29,1,1,3,48,dnzj0iv5qtaemm9kthh9pos8q,1,62.8,81.8,2023-01-27T19:03:08.805Z,2023-01-27T19:03:15Z,3996990157,140,45.1,3996990153,3,,3996990161,212,19.2,3996990163,213,2.9,3996990155,56,Back,3996990159,141,88.9,,,,,,,b950jt347chmq9whlkgl6fxpm,K. Leidsman,,,,,,,,,,,,,,,,,,,,,,,,,,,,,,,,
2501001869,30,50,1,3,49,dnzj0iv5qtaemm9kthh9pos8q,1,44.1,85,2023-01-27T19:03:09.628Z,2023-01-27T19:03:12Z,3996990185,286,,3996990183,56,Back,3996990253,233,46,,,,,,,,,,,,,,,,4zow18ykkg1gvw40r7jsrzkl,D. van der Sluys,,,,,,,,,,,,,,,,,,,,,,,,,,,,,,,,
2501001851,46,7,1,3,49,2uuh2bir8ktof0uxfo06lb4ox,1,55.9,15,2023-01-27T19:03:09.629Z,2023-01-27T19:03:12Z,3996990115,285,,3996990113,56,Right,3996990219,233,30,,,,,,,,,,,,,,,,2esbyi3i7rtsdkxe6a917rsnp,L. Thy,,,,,,,,,,,,,,,,,,,,,,,,,,,,,,,,
2501001855,47,49,1,3,50,2uuh2bir8ktof0uxfo06lb4ox,1,56.6,10,2023-01-27T19:03:10.668Z,2023-01-27T19:03:11Z,,,,,,,,,,,,,,,,,,,,,,,,,csecbdlw3sxstnebpiw91ezxm,S. Lagsir,,,,,,,,,,,,,,,,,,,,,,,,,,,,,,,,
2501001955,48,1,1,3,52,2uuh2bir8ktof0uxfo06lb4ox,1,66.6,5.3,2023-01-27T19:03:13.148Z,2023-01-27T19:03:17Z,3996990591,213,0.3,3996990583,141,12.3,3996990579,56,Right,3996990581,140,81.3,3996990587,212,16.2,,,,,,,,,,csecbdlw3sxstnebpiw91ezxm,S. Lagsir,,,,,,,,,,,,,,,,,,,,,,,,,,,,,,,,
2501001959,49,50,1,3,56,2uuh2bir8ktof0uxfo06lb4ox,1,91.4,10.4,2023-01-27T19:03:17.501Z,2023-01-27T19:03:29Z,3996990609,56,Right,3996990611,286,,3996991205,233,31,,,,,,,,,,,,,,,,29s8wk0a2m66rebsfx1jfuuh,D. van den Berg,,,,,,,,,,,,,,,,,,,,,,,,,,,,,,,,
2501002061,31,7,1,3,56,dnzj0iv5qtaemm9kthh9pos8q,1,8.6,89.6,2023-01-27T19:03:17.502Z,2023-01-27T19:03:41Z,3996991007,56,Back,3996991191,233,49,3996991005,167,,3996991009,285,,,,,,,,,,,,,,7cetznpb0tnu6kdz7bvm8gyxh,L. Piqué,,,,,,,,,,,,,,,,,,,,,,,,,,,,,,,,
2501002071,32,5,1,3,58,dnzj0iv5qtaemm9kthh9pos8q,0,4.2,101,2023-01-27T19:03:18.748Z,2023-01-27T19:47:07Z,3996991043,347,,3996991433,233,50,3996991041,56,Back,,,,,,,,,,,,,,,,bquqyyfz4lj0xrerbhbtj1jze,Ö. Gündüz,,,,,,,,,,,,,,,,,,,,,,,,,,,,,,,,
2501002141,50,5,1,3,58,2uuh2bir8ktof0uxfo06lb4ox,1,95.8,-1,2023-01-27T19:03:18.748Z,2023-01-27T19:03:33Z,3996991363,56,Right,3996991365,347,,3996991409,233,32,,,,,,,,,,,,,,,,29s8wk0a2m66rebsfx1jfuuh,D. van den Berg,,,,,,,,,,,,,,,,,,,,,,,,,,,,,,,,
2501002233,51,1,1,4,14,2uuh2bir8ktof0uxfo06lb4ox,1,94.2,0,2023-01-27T19:03:35.245Z,2023-01-27T19:03:37Z,3996991835,107,,3996991841,141,12.5,3996991839,140,93.6,3996991845,213,1.6,3996991837,56,Right,3996991843,212,9.3,,,,,,,8fqnvz74z901a2h0kgk1zezje,L. Görlich,,,,,,,,,,,,,,,,,,,,,,,,,,,,,,,,
2501002253,52,1,1,4,16,2uuh2bir8ktof0uxfo06lb4ox,1,93.6,12.5,2023-01-27T19:03:37.165Z,2023-01-27T19:03:46Z,3996991925,141,3.4,3996991929,213,4.3,3996991923,140,91.3,3996991927,212,6.6,3996991921,56,Right,,,,,,,,,,a339o11ut8s1o9odm6ybc4pka,T. van den Belt,,,,,,,,,,,,,,,,,,,,,,,,,,,,,,,,
2501002271,53,1,1,4,18,2uuh2bir8ktof0uxfo06lb4ox,0,89.6,5,2023-01-27T19:03:38.541Z,2023-01-27T19:03:40Z,3996992013,213,2.4,3996992007,140,69.4,3996992003,155,,3996992011,212,29.7,3996992009,141,35.5,3996992005,56,Center,,,,,,,8fqnvz74z901a2h0kgk1zezje,L. Görlich,,,,,,,,,,,,,,,,,,,,,,,,,,,,,,,,
2501002349,33,1,1,4,22,dnzj0iv5qtaemm9kthh9pos8q,1,27.9,47.9,2023-01-27T19:03:43.196Z,2023-01-27T19:03:47Z,3996992419,3,,3996992429,213,6.1,3996992425,141,45.2,3996992423,140,36.4,3996992421,56,Back,3996992427,212,9.1,,,,,,,f1as17wqpj44gihtvw936lofd,B. van Hoeven,,,,,,,,,,,,,,,,,,,,,,,,,,,,,,,,
2501002363,34,1,1,4,26,dnzj0iv5qtaemm9kthh9pos8q,1,36.5,44.5,2023-01-27T19:03:46.876Z,2023-01-27T19:03:48Z,3996992479,140,31.0,3996992481,141,40.9,3996992483,212,6.3,3996992477,56,Back,3996992485,213,3.5,,,,,,,,,,1mroid71v9bwpx0iaospei9gq,R. Margaret,,,,,,,,,,,,,,,,,,,,,,,,,,,,,,,,
2501002389,35,1,1,4,27,dnzj0iv5qtaemm9kthh9pos8q,1,31,40.9,2023-01-27T19:03:48.205Z,2023-01-27T19:03:50Z,3996992685,1,,3996992661,157,,3996992675,212,42.1,3996992671,141,86.6,3996992665,56,Left,3996992681,213,0.8,3996992669,140,58.1,,,,bquqyyfz4lj0xrerbhbtj1jze,Ö. Gündüz,,,,,,,,,,,,,,,,,,,,,,,,,,,,,,,,
2501002397,36,49,1,4,30,dnzj0iv5qtaemm9kthh9pos8q,1,56.7,89.9,2023-01-27T19:03:50.540Z,2023-01-27T19:03:50Z,,,,,,,,,,,,,,,,,,,,,,,,,1mroid71v9bwpx0iaospei9gq,R. Margaret,,,,,,,,,,,,,,,,,,,,,,,,,,,,,,,,
2501002487,37,1,1,4,32,dnzj0iv5qtaemm9kthh9pos8q,1,57.8,89.9,2023-01-27T19:03:53.100Z,2023-01-27T19:03:56Z,3996993149,212,16.2,3996993145,140,42.4,3996993143,56,Back,3996993151,213,3.1,3996993147,141,92.0,,,,,,,,,,1mroid71v9bwpx0iaospei9gq,R. Margaret,,,,,,,,,,,,,,,,,,,,,,,,,,,,,,,,
2501002615,38,1,1,4,35,dnzj0iv5qtaemm9kthh9pos8q,1,40.8,92,2023-01-27T19:03:55.933Z,2023-01-27T19:04:20Z,3996993771,212,42.9,3996993773,213,5.7,3996993769,141,57.2,3996993765,56,Center,3996994641,210,13,3996993767,140,74.9,3996993763,155,,3996993775,1,,4zow18ykkg1gvw40r7jsrzkl,D. van der Sluys,,,,,,1,,,,,,,,,,,,,,,,,,,,,,,,,,
2501002619,39,13,1,4,43,dnzj0iv5qtaemm9kthh9pos8q,1,90.8,67.8,2023-01-27T19:04:03.676Z,2023-01-27T19:04:20Z,3996994677,103,6.9,3996994681,231,53.4,3996994665,29,,3996994667,55,38,3996994663,84,,3996993801,64,,3996994675,102,43.4,3996993805,56,Center,f1as17wqpj44gihtvw936lofd,B. van Hoeven,3996993957,72,3996993795,22,,,,3996994679,230,,,,,,,,,98.9,,,,,,,,,,,,,,
2501002811,40,5,1,4,43,dnzj0iv5qtaemm9kthh9pos8q,0,100.9,41.4,2023-01-27T19:04:03.725Z,2023-01-27T19:47:07Z,3996994819,346,,3996995335,233,54,3996994817,56,Center,,,,,,,,,,,,,,,,f1as17wqpj44gihtvw936lofd,B. van Hoeven,,,,,,,,,,,,,,,,,,,,,,,,,,,,,,,,
2501002595,54,5,1,4,43,2uuh2bir8ktof0uxfo06lb4ox,1,-0.9,58.6,2023-01-27T19:04:03.725Z,2023-01-27T19:04:29Z,3996993651,56,Back,3996995303,233,40,3996993653,346,,,,,,,,,,,,,,,,,dse1rndtog4qn2mwv966vp6mt,B. van Hintum,,,,,,,,,,,,,,,,,,,,,,,,,,,,,,,,
2501002845,55,1,1,4,59,2uuh2bir8ktof0uxfo06lb4ox,1,4.2,53.7,2023-01-27T19:04:19.564Z,2023-01-27T19:04:25Z,3996994993,212,24.7,3996994987,56,Back,3996994991,141,47.3,3996994995,213,6.1,3996994999,237,,3996994985,124,,3996994989,140,27.4,,,,cetavjue5femoxid9fmcd0zjd,J. Schendelaar,,,,,,,,,,,,,,,,,,,,,,,,,,,,,,,,
2501002919,56,1,1,5,5,2uuh2bir8ktof0uxfo06lb4ox,1,36.9,43.1,2023-01-27T19:04:25.532Z,2023-01-27T19:04:30Z,3996995379,212,13.9,3996995375,140,36.9,3996995377,141,63.6,3996995381,213,1.6,3996995373,56,Back,,,,,,,,,,dmrznrol8qp7yk53r6ajhnkt0,T. Beelen,,,,,,,,,,,,,,,,,,,,,,,,,,,,,,,,
2501002953,57,1,1,5,10,2uuh2bir8ktof0uxfo06lb4ox,1,36.8,69,2023-01-27T19:04:30.555Z,2023-01-27T19:04:32Z,3996995533,140,56.0,3996995531,56,Left,3996995537,212,25.1,3996995535,141,91.1,3996995539,213,0.6,,,,,,,,,,dse1rndtog4qn2mwv966vp6mt,B. van Hintum,,,,,,,,,,,,,,,,,,,,,,,,,,,,,,,,
2501003001,58,1,1,5,12,2uuh2bir8ktof0uxfo06lb4ox,0,58.5,91.1,2023-01-27T19:04:32.684Z,2023-01-27T19:04:35Z,3996995767,213,5.9,3996995761,140,92.9,3996995765,212,38.9,3996995769,1,,3996995759,56,Center,3996995763,141,69.7,,,,,,,csecbdlw3sxstnebpiw91ezxm,S. Lagsir,,,,,,,,,,,,,,,,,,,,,,,,,,,,,,,,
2501003023,41,52,1,5,16,dnzj0iv5qtaemm9kthh9pos8q,1,10.7,30.7,2023-01-27T19:04:37.387Z,2023-01-27T19:04:41Z,,,,,,,,,,,,,,,,,,,,,,,,,alzgg0nxnnex3nkzr6lgmt1ey,T. Jansen,,,,,,,,,,,,,,,,,,,,,,,,,,,,,,,,
2501003179,42,80,1,5,29,dnzj0iv5qtaemm9kthh9pos8q,0,14.2,47.3,2023-01-27T19:04:49.931Z,2023-01-27T19:04:50Z,,,,,,,,,,,,,,,,,,,,,,,,,alzgg0nxnnex3nkzr6lgmt1ey,T. Jansen,,,,,,,,,,,,,,,,,,,,,,,,,,,,,,,,
2501003255,43,1,1,5,31,dnzj0iv5qtaemm9kthh9pos8q,0,14.9,39.8,2023-01-27T19:04:52.332Z,2023-01-27T19:04:56Z,3996996945,213,0.0,3996996939,140,65.5,3996996935,198,,3996996943,212,53.2,3996996937,56,Center,3996996933,157,,3996996947,1,,3996996941,141,43.6,alzgg0nxnnex3nkzr6lgmt1ey,T. Jansen,,,,,,,,,,,,,,,,,,,,,,,,,,,,,,,,
2501003261,59,1,1,5,35,2uuh2bir8ktof0uxfo06lb4ox,0,30,57.3,2023-01-27T19:04:55.531Z,2023-01-27T19:04:57Z,3996996983,141,69.4,3996996977,3,,3996996985,212,12.0,3996996981,140,38.3,3996996979,56,Back,3996996987,213,0.8,,,,,,,dmrznrol8qp7yk53r6ajhnkt0,T. Beelen,,,,,,,,,,,,,,,,,,,,,,,,,,,,,,,,
2501003283,44,61,1,5,38,dnzj0iv5qtaemm9kthh9pos8q,1,61.4,33,2023-01-27T19:04:58.757Z,2023-01-27T19:04:58Z,3996997077,56,Center,,,,,,,,,,,,,,,,,,,,,,f1as17wqpj44gihtvw936lofd,B. van Hoeven,,,,,,,,,,,,,,,,,,,,,,,,,,,,,,,,
2501003305,60,1,1,5,39,2uuh2bir8ktof0uxfo06lb4ox,1,30.4,47,2023-01-27T19:04:59.899Z,2023-01-27T19:05:00Z,3996997205,213,5.0,3996997197,56,Back,3996997203,212,7.3,3996997201,141,36.6,3996997199,140,32.3,,,,,,,,,,a339o11ut8s1o9odm6ybc4pka,T. van den Belt,,,,,,,,,,,,,,,,,,,,,,,,,,,,,,,,
2501003309,61,49,1,5,40,2uuh2bir8ktof0uxfo06lb4ox,1,34.5,33,2023-01-27T19:05:00.827Z,2023-01-27T19:05:01Z,,,,,,,,,,,,,,,,,,,,,,,,,by85t8ssyumcjcks1jx3v96vo,Y. Taha,,,,,,,,,,,,,,,,,,,,,,,,,,,,,,,,
2501003387,62,1,1,5,45,2uuh2bir8ktof0uxfo06lb4ox,1,62.6,27,2023-01-27T19:05:06.316Z,2023-01-27T19:05:07Z,3996997677,212,18.3,3996997671,56,Center,3996997673,140,74.4,3996997675,141,46.9,3996997679,213,0.8,,,,,,,,,,by85t8ssyumcjcks1jx3v96vo,Y. Taha,,,,,,,,,,,,,,,,,,,,,,,,,,,,,,,,
2501003421,63,1,1,5,47,2uuh2bir8ktof0uxfo06lb4ox,1,74.4,46.9,2023-01-27T19:05:07.675Z,2023-01-27T19:06:55Z,3996997891,56,Center,3996997897,212,12.7,3996997893,140,86.5,3996997895,141,47.5,3996997899,213,0.0,,,,,,,,,,29s8wk0a2m66rebsfx1jfuuh,D. van den Berg,,,,,,,,,,,,,,,,,,,,,,,,,,,,,,,,
2501003425,64,50,1,5,49,2uuh2bir8ktof0uxfo06lb4ox,1,85.4,46.2,2023-01-27T19:05:10.364Z,2023-01-27T19:05:14Z,3996998049,233,45,3996997917,56,Center,3996997919,286,,,,,,,,,,,,,,,,,2esbyi3i7rtsdkxe6a917rsnp,L. Thy,,,,,,,,,,,,,,,,,,,,,,,,,,,,,,,,
2501003447,45,7,1,5,49,dnzj0iv5qtaemm9kthh9pos8q,1,14.6,53.8,2023-01-27T19:05:10.365Z,2023-01-27T19:50:03Z,3996998025,285,,3996998031,233,64,3996998023,56,Back,,,,,,,,,,,,,,,,7cetznpb0tnu6kdz7bvm8gyxh,L. Piqué,,,,,,,,,,,,,,,,,,,,,,,,,,,,,,,,
2501003461,46,12,1,5,52,dnzj0iv5qtaemm9kthh9pos8q,1,13.4,36.1,2023-01-27T19:05:13.100Z,2023-01-27T19:50:16Z,3996998103,56,Back,3996998111,213,6.2,3996998105,140,48.1,3996998109,212,36.5,3996998107,141,32.2,,,,,,,,,,dcdvet7azx1a59xm2ke7qi2cq,I. Pata,,,,,,,,,,,,,,,,,,,,,,,,,,,,,,,,
2501003521,65,49,1,5,57,2uuh2bir8ktof0uxfo06lb4ox,1,55,84.7,2023-01-27T19:05:18.284Z,2023-01-27T19:05:18Z,,,,,,,,,,,,,,,,,,,,,,,,,csecbdlw3sxstnebpiw91ezxm,S. Lagsir,,,,,,,,,,,,,,,,,,,,,,,,,,,,,,,,
2501003575,66,1,1,5,57,2uuh2bir8ktof0uxfo06lb4ox,1,55,84.7,2023-01-27T19:05:18.492Z,2023-01-27T19:05:22Z,3996998673,140,65.0,3996998671,56,Center,3996998677,212,11.9,3996998679,213,5.8,3996998675,141,76.6,,,,,,,,,,csecbdlw3sxstnebpiw91ezxm,S. Lagsir,,,,,,,,,,,,,,,,,,,,,,,,,,,,,,,,
2501003619,67,1,1,6,2,2uuh2bir8ktof0uxfo06lb4ox,1,66.5,73.9,2023-01-27T19:05:22.572Z,2023-01-27T19:05:25Z,3996998889,213,5.6,3996998885,141,57.2,3996998881,56,Center,3996998887,212,17.7,3996998883,140,79.4,,,,,,,,,,a339o11ut8s1o9odm6ybc4pka,T. van den Belt,,,,,,,,,,,,,,,,,,,,,,,,,,,,,,,,
2501003625,68,50,1,6,4,2uuh2bir8ktof0uxfo06lb4ox,1,74.6,59.5,2023-01-27T19:05:25.099Z,2023-01-27T19:05:29Z,3996998903,286,,3996999139,233,47,3996998901,56,Center,,,,,,,,,,,,,,,,by85t8ssyumcjcks1jx3v96vo,Y. Taha,,,,,,,,,,,,,,,,,,,,,,,,,,,,,,,,
2501003675,47,7,1,6,4,dnzj0iv5qtaemm9kthh9pos8q,1,25.4,40.5,2023-01-27T19:05:25.100Z,2023-01-27T19:05:29Z,3996999109,233,68,3996999073,285,,3996999071,56,Back,,,,,,,,,,,,,,,,8uw9w30592omb8acpnssgdlh,R. Dekker,,,,,,,,,,,,,,,,,,,,,,,,,,,,,,,,
2501003677,48,61,1,6,5,dnzj0iv5qtaemm9kthh9pos8q,1,20.6,47.8,2023-01-27T19:05:25.924Z,2023-01-27T19:05:37Z,3996999075,56,Back,,,,,,,,,,,,,,,,,,,,,,1jn9jog8ou8uxnmypneksizxm,R. van Eijma,,,,,,,,,,,,,,,,,,,,,,,,,,,,,,,,
2501003725,49,1,1,6,7,dnzj0iv5qtaemm9kthh9pos8q,1,35.4,22.5,2023-01-27T19:05:27.587Z,2023-01-27T19:05:39Z,3996999315,213,3.9,3996999309,140,26.8,3996999307,56,Back,3996999313,212,12.8,3996999311,141,9.2,,,,,,,,,,f1as17wqpj44gihtvw936lofd,B. van Hoeven,,,,,,,,,,,,,,,,,,,,,,,,,,,,,,,,
2501003741,50,1,1,6,9,dnzj0iv5qtaemm9kthh9pos8q,0,26.8,9.2,2023-01-27T19:05:30.059Z,2023-01-27T19:05:41Z,3996999363,140,47.4,3996999359,157,,3996999369,213,0.3,3996999365,141,18.6,3996999361,56,Back,3996999371,1,,3996999367,212,22.6,,,,dcdvet7azx1a59xm2ke7qi2cq,I. Pata,,,,,,,,,,,,,,,,,,,,,,,,,,,,,,,,
2501003775,69,49,1,6,14,2uuh2bir8ktof0uxfo06lb4ox,1,55.3,82.3,2023-01-27T19:05:34.972Z,2023-01-27T19:06:29Z,,,,,,,,,,,,,,,,,,,,,,,,,dse1rndtog4qn2mwv966vp6mt,B. van Hintum,,,,,,,,,,,,,,,,,,,,,,,,,,,,,,,,
2501003807,70,1,1,6,14,2uuh2bir8ktof0uxfo06lb4ox,1,55.3,82.3,2023-01-27T19:05:35.196Z,2023-01-27T19:06:31Z,3996999659,56,Center,3996999663,141,74.2,3996999665,212,9.3,3996999669,213,5.6,3996999661,140,62.4,,,,,,,,,,dse1rndtog4qn2mwv966vp6mt,B. van Hintum,,,,,,,,,,,,,,,,,,,,,,,,,,,,,,,,
2501003821,71,1,1,6,17,2uuh2bir8ktof0uxfo06lb4ox,1,62.4,74.2,2023-01-27T19:05:38.107Z,2023-01-27T19:05:39Z,3996999735,141,87.2,3996999739,213,2.4,3996999737,212,12.6,3996999731,56,Left,3996999733,140,53.9,,,,,,,,,,1rd0zzpp3dn0y7qtxwc57g7h1,R. Thomas,,,,,,,,,,,,,,,,,,,,,,,,,,,,,,,,
2501003843,72,1,1,6,18,2uuh2bir8ktof0uxfo06lb4ox,1,53.9,87.2,2023-01-27T19:05:39.179Z,2023-01-27T19:06:21Z,3996999835,212,10.8,3996999827,56,Left,3996999831,141,94.7,3996999837,213,0.5,3996999829,140,63.0,,,,,,,,,,dse1rndtog4qn2mwv966vp6mt,B. van Hintum,,,,,,,,,,,,,,,,,,,,,,,,,,,,,,,,
2501003889,73,1,1,6,20,2uuh2bir8ktof0uxfo06lb4ox,1,63.3,94.5,2023-01-27T19:05:41.052Z,2023-01-27T19:05:43Z,3997000043,212,15.8,3997000037,56,Center,3997000045,213,4.2,3997000041,141,74.1,3997000039,140,56.1,,,,,,,,,,29s8wk0a2m66rebsfx1jfuuh,D. van den Berg,,,,,,,,,,,,,,,,,,,,,,,,,,,,,,,,
2501003925,74,1,1,6,23,2uuh2bir8ktof0uxfo06lb4ox,1,57.1,72.6,2023-01-27T19:05:43.643Z,2023-01-27T19:05:46Z,3997000243,140,55.6,3997000245,141,52.7,3997000249,213,4.6,3997000241,56,Center,3997000247,212,13.6,,,,,,,,,,1rd0zzpp3dn0y7qtxwc57g7h1,R. Thomas,,,,,,,,,,,,,,,,,,,,,,,,,,,,,,,,
2501003971,75,1,1,6,25,2uuh2bir8ktof0uxfo06lb4ox,1,55.6,52.7,2023-01-27T19:05:46.235Z,2023-01-27T19:05:49Z,3997000447,141,67.0,3997000443,56,Center,3997000451,213,1.3,3997000449,212,10.2,3997000445,140,58.4,,,,,,,,,,dmrznrol8qp7yk53r6ajhnkt0,T. Beelen,,,,,,,,,,,,,,,,,,,,,,,,,,,,,,,,
2501003999,76,1,1,6,28,2uuh2bir8ktof0uxfo06lb4ox,1,59.1,65.5,2023-01-27T19:05:49.067Z,2023-01-27T19:05:50Z,3997000563,140,65.2,3997000565,141,51.8,3997000569,213,5.3,3997000561,56,Center,3997000567,212,11.3,,,,,,,,,,1rd0zzpp3dn0y7qtxwc57g7h1,R. Thomas,,,,,,,,,,,,,,,,,,,,,,,,,,,,,,,,
2501004011,77,1,1,6,30,2uuh2bir8ktof0uxfo06lb4ox,1,65.2,51.8,2023-01-27T19:05:50.555Z,2023-01-27T19:05:52Z,3997000617,140,72.6,3997000621,212,7.8,3997000619,141,51.2,3997000615,56,Center,3997000623,213,6.2,,,,,,,,,,a339o11ut8s1o9odm6ybc4pka,T. van den Belt,,,,,,,,,,,,,,,,,,,,,,,,,,,,,,,,
2501004017,78,1,1,6,31,2uuh2bir8ktof0uxfo06lb4ox,1,72.6,51.2,2023-01-27T19:05:52.235Z,2023-01-27T19:05:52Z,3997000661,213,3.9,3997000659,212,9.6,3997000655,140,66.1,3997000657,141,41.2,3997000653,56,Center,,,,,,,,,,2esbyi3i7rtsdkxe6a917rsnp,L. Thy,,,,,,,,,,,,,,,,,,,,,,,,,,,,,,,,
2501004057,79,1,1,6,32,2uuh2bir8ktof0uxfo06lb4ox,1,66.1,41.2,2023-01-27T19:05:52.827Z,2023-01-27T19:05:55Z,3997000887,212,12.1,3997000879,56,Center,3997000881,140,77.5,3997000885,141,44.0,3997000889,213,0.2,,,,,,,,,,a339o11ut8s1o9odm6ybc4pka,T. van den Belt,,,,,,,,,,,,,,,,,,,,,,,,,,,,,,,,
2501004061,80,50,1,6,34,2uuh2bir8ktof0uxfo06lb4ox,1,78.8,48.1,2023-01-27T19:05:55.211Z,2023-01-27T19:06:01Z,3997000895,286,,3997001209,233,51,3997000893,56,Center,,,,,,,,,,,,,,,,by85t8ssyumcjcks1jx3v96vo,Y. Taha,,,,,,,,,,,,,,,,,,,,,,,,,,,,,,,,
2501004129,51,7,1,6,34,dnzj0iv5qtaemm9kthh9pos8q,1,21.2,51.9,2023-01-27T19:05:55.212Z,2023-01-27T19:06:00Z,3997001165,285,,3997001163,56,Back,3997001171,233,80,,,,,,,,,,,,,,,,bquqyyfz4lj0xrerbhbtj1jze,Ö. Gündüz,,,,,,,,,,,,,,,,,,,,,,,,,,,,,,,,
2501004133,52,49,1,6,39,dnzj0iv5qtaemm9kthh9pos8q,1,19.5,58.2,2023-01-27T19:06:00.363Z,2023-01-27T19:06:00Z,,,,,,,,,,,,,,,,,,,,,,,,,8uw9w30592omb8acpnssgdlh,R. Dekker,,,,,,,,,,,,,,,,,,,,,,,,,,,,,,,,
2501004249,53,1,1,6,42,dnzj0iv5qtaemm9kthh9pos8q,1,15.4,72.9,2023-01-27T19:06:02.507Z,2023-01-27T19:06:07Z,3997001707,141,87.5,3997001713,212,9.9,3997001699,56,Back,3997001717,213,1.6,3997001703,140,15.5,,,,,,,,,,8uw9w30592omb8acpnssgdlh,R. Dekker,,,,,,,,,,,,,,,,,,,,,,,,,,,,,,,,
2501004273,54,1,1,6,44,dnzj0iv5qtaemm9kthh9pos8q,0,16.2,90.3,2023-01-27T19:06:04.723Z,2023-01-27T19:51:53Z,3997001851,212,5.4,3997001843,140,15.0,3997001853,213,4.5,3997001839,56,Back,3997001847,141,82.6,,,,,,,,,,1mroid71v9bwpx0iaospei9gq,R. Margaret,,,,,,,,,,,,,,,,,,,,,,,,,,,,,,,,
2501004213,81,61,1,6,45,2uuh2bir8ktof0uxfo06lb4ox,1,78.1,10.9,2023-01-27T19:06:05.704Z,2023-01-27T19:06:05Z,3997001551,56,Right,,,,,,,,,,,,,,,,,,,,,,8fqnvz74z901a2h0kgk1zezje,L. Görlich,,,,,,,,,,,,,,,,,,,,,,,,,,,,,,,,
2501004337,56,5,1,6,46,dnzj0iv5qtaemm9kthh9pos8q,0,14.8,101.6,2023-01-27T19:06:07.291Z,2023-01-27T19:47:08Z,3997002129,347,,3997002721,233,82,3997002127,56,Back,,,,,,,,,,,,,,,,1mroid71v9bwpx0iaospei9gq,R. Margaret,,,,,,,,,,,,,,,,,,,,,,,,,,,,,,,,
2501004287,82,5,1,6,46,2uuh2bir8ktof0uxfo06lb4ox,1,85.2,-1.6,2023-01-27T19:06:07.291Z,2023-01-27T19:46:42Z,3997001927,56,Right,3997001929,347,,3997140113,233,56,,,,,,,,,,,,,,,,8fqnvz74z901a2h0kgk1zezje,L. Görlich,,,,,,,,,,,,,,,,,,,,,,,,,,,,,,,,
2501004341,83,1,1,6,49,2uuh2bir8ktof0uxfo06lb4ox,1,80.7,0,2023-01-27T19:06:10.266Z,2023-01-27T19:06:14Z,3997002161,213,1.5,3997002147,107,,3997002151,140,82.0,3997002157,212,11.8,3997002149,56,Right,3997002153,141,16.1,,,,,,,idvh0ac1f8wv39640pyl4esp,S. Kersten,,,,,,,,,,,,,,,,,,,,,,,,,,,,,,,,
2501004349,84,61,1,6,51,2uuh2bir8ktof0uxfo06lb4ox,0,83.5,18.8,2023-01-27T19:06:11.931Z,2023-01-27T19:51:45Z,3997002187,56,Right,,,,,,,,,,,,,,,,,,,,,,by85t8ssyumcjcks1jx3v96vo,Y. Taha,,,,,,,,,,,,,,,,,,,,,,,,,,,,,,,,
2501004317,55,61,1,6,52,dnzj0iv5qtaemm9kthh9pos8q,1,16.5,96.5,2023-01-27T19:06:12.731Z,2023-01-27T19:06:12Z,3997002059,56,Back,,,,,,,,,,,,,,,,,,,,,,1mroid71v9bwpx0iaospei9gq,R. Margaret,,,,,,,,,,,,,,,,,,,,,,,,,,,,,,,,
2501004437,57,49,1,6,55,dnzj0iv5qtaemm9kthh9pos8q,1,2.3,74.1,2023-01-27T19:06:15.763Z,2023-01-27T19:06:24Z,,,,,,,,,,,,,,,,,,,,,,,,,4zow18ykkg1gvw40r7jsrzkl,D. van der Sluys,,,,,,,,,,,,,,,,,,,,,,,,,,,,,,,,
2501004463,58,1,1,6,55,dnzj0iv5qtaemm9kthh9pos8q,0,2.3,74.1,2023-01-27T19:06:16.132Z,2023-01-27T19:51:34Z,3997002751,140,1.7,3997002757,213,1.6,3997002749,56,Back,3997002753,141,100.0,3997002759,1,,3997002747,157,,3997002755,212,18.5,,,,4zow18ykkg1gvw40r7jsrzkl,D. van der Sluys,,,,,,,,,,,,,,,,,,,,,,,,,,,,,,,,
2501004469,59,5,1,6,56,dnzj0iv5qtaemm9kthh9pos8q,0,6.1,101.6,2023-01-27T19:06:16.683Z,2023-01-27T19:47:08Z,3997140133,233,85,3997002791,56,Back,3997002793,347,,,,,,,,,,,,,,,,,4zow18ykkg1gvw40r7jsrzkl,D. van der Sluys,,,,,,,,,,,,,,,,,,,,,,,,,,,,,,,,
2501004449,85,5,1,6,56,2uuh2bir8ktof0uxfo06lb4ox,1,93.9,-1.6,2023-01-27T19:06:16.683Z,2023-01-27T19:47:08Z,3997002689,347,,3997002717,233,59,3997002687,56,Right,,,,,,,,,,,,,,,,by85t8ssyumcjcks1jx3v96vo,Y. Taha,,,,,,,,,,,,,,,,,,,,,,,,,,,,,,,,
2501004661,86,1,1,7,12,2uuh2bir8ktof0uxfo06lb4ox,1,95.6,0,2023-01-27T19:06:33.402Z,2023-01-27T19:06:36Z,3997003691,140,93.3,3997003697,213,1.9,3997003693,141,7.4,3997003687,107,,3997003689,56,Right,3997003695,212,6.8,,,,,,,8fqnvz74z901a2h0kgk1zezje,L. Görlich,,,,,,,,,,,,,,,,,,,,,,,,,,,,,,,,
2501004699,87,1,1,7,15,2uuh2bir8ktof0uxfo06lb4ox,1,94.2,5.3,2023-01-27T19:06:36.202Z,2023-01-27T19:06:38Z,3997003835,212,6.8,3997003833,141,14.7,3997003837,213,1.9,3997003829,56,Right,3997003831,140,92.1,,,,,,,,,,a339o11ut8s1o9odm6ybc4pka,T. van den Belt,,,,,,,,,,,,,,,,,,,,,,,,,,,,,,,,
2501004705,88,1,1,7,17,2uuh2bir8ktof0uxfo06lb4ox,0,92.1,14.7,2023-01-27T19:06:38.170Z,2023-01-27T19:06:39Z,3997003867,2,,3997003883,213,1.9,3997003871,56,Center,3997003869,155,,3997003875,141,54.5,3997003879,212,28.7,3997003873,140,82.9,,,,8fqnvz74z901a2h0kgk1zezje,L. Görlich,,,,,,,,,,,,,,,,,,,,,,,,,,,,,,,,
2501004731,60,12,1,7,18,dnzj0iv5qtaemm9kthh9pos8q,1,10.1,67.3,2023-01-27T19:06:39.243Z,2023-01-27T19:06:40Z,3997003985,56,Back,3997003989,141,55.7,3997003991,212,15.0,3997003987,140,22.3,3997004011,15,,3997003993,213,5.7,,,,,,,1jn9jog8ou8uxnmypneksizxm,R. van Eijma,,,,,,,,,,,,,,,,,,,,,,,,,,,,,,,,
2501004757,89,43,1,7,21,2uuh2bir8ktof0uxfo06lb4ox,1,0,0,2023-01-27T19:06:42.411Z,2023-01-27T19:06:46Z,3997004415,144,61,3997004151,56,Center,,,,,,,,,,,,,,,,,,,1rd0zzpp3dn0y7qtxwc57g7h1,R. Thomas,,,,,,,,,,,,,,,,,,,,,,,,,,,,,,,,
2501004827,61,4,1,7,23,dnzj0iv5qtaemm9kthh9pos8q,1,29.6,63,2023-01-27T19:06:44.361Z,2023-01-27T19:06:52Z,3997004495,285,,3997004489,56,Back,3997004487,13,,3997004493,265,,3997004491,152,,3997004525,233,90,,,,,,,b950jt347chmq9whlkgl6fxpm,K. Leidsman,,,,,,,,,,,,,,,,,,,,,,,,,,,,,,,,
2501004793,90,4,1,7,23,2uuh2bir8ktof0uxfo06lb4ox,0,70.4,37,2023-01-27T19:06:44.362Z,2023-01-27T19:06:53Z,3997004305,13,,3997004315,265,,3997004319,286,,3997004751,233,61,3997004311,152,,3997004307,56,Center,,,,,,,dmrznrol8qp7yk53r6ajhnkt0,T. Beelen,,,,,,,,,,,,,,,,,,,,,,,,,,,,,,,,
2501005163,62,2,1,7,38,dnzj0iv5qtaemm9kthh9pos8q,1,35.7,46.3,2023-01-27T19:06:59.340Z,2023-01-27T19:07:15Z,3997006067,152,,3997006071,140,92.0,3997006061,7,1mroid71v9bwpx0iaospei9gq,3997006065,5,,3997006069,56,Left,3997006073,141,82.9,3997006063,1,,,,,7cetznpb0tnu6kdz7bvm8gyxh,L. Piqué,,,,,,,,,,,,,,,,,,,,,,,,,,,,,,,,
2501005161,91,55,1,7,38,2uuh2bir8ktof0uxfo06lb4ox,1,15.4,12.3,2023-01-27T19:06:59.341Z,2023-01-27T19:45:55Z,,,,,,,,,,,,,,,,,,,,,,,,,idvh0ac1f8wv39640pyl4esp,S. Kersten,,,,,,,,,,,,,,,,,,,,,,,,,,,,,,,,
2501005193,92,1,1,7,54,2uuh2bir8ktof0uxfo06lb4ox,1,15.4,12.3,2023-01-27T19:07:15.498Z,2023-01-27T19:07:47Z,3997006265,5,,3997006269,56,Back,3997008055,189,,3997006273,141,45.5,3997006277,213,1.2,3997006271,140,23.8,3997006275,212,24.2,3997006267,241,,idvh0ac1f8wv39640pyl4esp,S. Kersten,,,,,,,,,,,,,,,,,,,,,,,,,,,,,,,,
2501005207,93,1,1,7,57,2uuh2bir8ktof0uxfo06lb4ox,1,23.8,45.5,2023-01-27T19:07:17.947Z,2023-01-27T19:07:18Z,3997006359,141,66.1,3997006363,213,1.5,3997006355,56,Back,3997006357,140,25.2,3997006361,212,14.1,,,,,,,,,,dmrznrol8qp7yk53r6ajhnkt0,T. Beelen,,,,,,,,,,,,,,,,,,,,,,,,,,,,,,,,
2501005267,94,1,1,7,58,2uuh2bir8ktof0uxfo06lb4ox,1,25.2,66.1,2023-01-27T19:07:18.859Z,2023-01-27T19:07:23Z,3997006691,212,31.2,3997006685,56,Back,3997006689,141,94.8,3997006693,213,0.7,3997006687,140,48.4,,,,,,,,,,dse1rndtog4qn2mwv966vp6mt,B. van Hintum,,,,,,,,,,,,,,,,,,,,,,,,,,,,,,,,
2501005291,95,1,1,8,2,2uuh2bir8ktof0uxfo06lb4ox,1,61.7,93.5,2023-01-27T19:07:23.098Z,2023-01-27T19:07:26Z,3997006803,141,85.0,3997006799,56,Left,3997006801,140,65.5,3997006807,213,5.3,3997006805,212,7.0,,,,,,,,,,csecbdlw3sxstnebpiw91ezxm,S. Lagsir,,,,,,,,,,,,,,,,,,,,,,,,,,,,,,,,
2501005313,96,1,1,8,5,2uuh2bir8ktof0uxfo06lb4ox,1,64.1,89.1,2023-01-27T19:07:25.978Z,2023-01-27T19:07:28Z,3997006893,56,Left,3997006903,213,3.3,3997006899,212,13.7,3997006895,140,51.2,3997006897,141,86.2,,,,,,,,,,29s8wk0a2m66rebsfx1jfuuh,D. van den Berg,,,,,,,,,,,,,,,,,,,,,,,,,,,,,,,,
2501005373,97,1,1,8,7,2uuh2bir8ktof0uxfo06lb4ox,1,51.3,85.6,2023-01-27T19:07:28.379Z,2023-01-27T19:07:31Z,3997007203,213,0.5,3997007197,140,61.6,3997007201,212,12.2,3997007193,56,Left,3997007199,141,93.8,,,,,,,,,,dse1rndtog4qn2mwv966vp6mt,B. van Hintum,,,,,,,,,,,,,,,,,,,,,,,,,,,,,,,,
2501005453,98,1,1,8,10,2uuh2bir8ktof0uxfo06lb4ox,1,63.1,93.9,2023-01-27T19:07:31.498Z,2023-01-27T19:07:37Z,3997007555,212,9.9,3997007553,141,82.7,3997007549,56,Left,3997007557,213,4.0,3997007551,140,57.1,,,,,,,,,,29s8wk0a2m66rebsfx1jfuuh,D. van den Berg,,,,,,,,,,,,,,,,,,,,,,,,,,,,,,,,
2501005475,99,2,1,8,16,2uuh2bir8ktof0uxfo06lb4ox,1,66.5,47.3,2023-01-27T19:07:37.018Z,2023-01-27T19:07:43Z,3997007899,7,8fqnvz74z901a2h0kgk1zezje,3997007687,141,20.9,3997007683,56,Right,3997007685,140,78.6,,,,,,,,,,,,,1rd0zzpp3dn0y7qtxwc57g7h1,R. Thomas,,,,,,,,,,,,,,,,,,,,,,,,,,,,,,,,
2501005515,63,55,1,8,16,dnzj0iv5qtaemm9kthh9pos8q,1,17.5,71.4,2023-01-27T19:07:37.019Z,2023-01-27T19:45:56Z,,,,,,,,,,,,,,,,,,,,,,,,,1jn9jog8ou8uxnmypneksizxm,R. van Eijma,,,,,,,,,,,,,,,,,,,,,,,,,,,,,,,,
2501005853,64,1,1,8,43,dnzj0iv5qtaemm9kthh9pos8q,0,20.1,63.1,2023-01-27T19:08:04.122Z,2023-01-27T19:08:24Z,3997009403,56,Center,3997009411,213,6.1,3997009413,1,,3997009401,241,,3997009407,141,48.4,3997009409,212,55.8,3997009405,140,72.4,3997009395,5,,alzgg0nxnnex3nkzr6lgmt1ey,T. Jansen,3997009399,157,,,,,,,,,,,,,,,,,,,,,,,,,,,,,,
2501005871,100,1,1,8,45,2uuh2bir8ktof0uxfo06lb4ox,1,30.5,44.2,2023-01-27T19:08:06.106Z,2023-01-27T19:08:07Z,3997009485,3,,3997009507,212,14.2,3997009511,213,0.7,3997009499,141,57.3,3997009493,140,41.0,3997009487,56,Back,,,,,,,dse1rndtog4qn2mwv966vp6mt,B. van Hintum,,,,,,,,,,,,,,,,,,,,,,,,,,,,,,,,
2501005879,101,49,1,8,47,2uuh2bir8ktof0uxfo06lb4ox,1,41,57.3,2023-01-27T19:08:07.690Z,2023-01-27T19:08:08Z,,,,,,,,,,,,,,,,,,,,,,,,,29s8wk0a2m66rebsfx1jfuuh,D. van den Berg,,,,,,,,,,,,,,,,,,,,,,,,,,,,,,,,
2501005887,102,1,1,8,47,2uuh2bir8ktof0uxfo06lb4ox,1,41,57.3,2023-01-27T19:08:07.834Z,2023-01-27T19:08:08Z,3997009561,140,34.7,3997009567,213,4.0,3997009559,56,Back,3997009563,141,46.9,3997009565,212,9.7,,,,,,,,,,29s8wk0a2m66rebsfx1jfuuh,D. van den Berg,,,,,,,,,,,,,,,,,,,,,,,,,,,,,,,,
2501005893,103,1,1,8,48,2uuh2bir8ktof0uxfo06lb4ox,0,34.7,46.9,2023-01-27T19:08:08.698Z,2023-01-27T19:08:11Z,3997009601,56,Back,3997009607,212,4.6,3997009697,233,65,3997009603,140,39.1,3997009701,286,,3997009609,213,0.1,3997009695,236,,3997009605,141,47.5,1rd0zzpp3dn0y7qtxwc57g7h1,R. Thomas,,,,,,,,,,,,,,,,,,,,,,,,,,,,,,,,
2501005909,65,74,1,8,48,dnzj0iv5qtaemm9kthh9pos8q,1,60.9,46.1,2023-01-27T19:08:08.699Z,2023-01-27T19:46:00Z,3997009731,233,103,3997009677,285,,3997009675,56,Center,,,,,,,,,,,,,,,,8uw9w30592omb8acpnssgdlh,R. Dekker,,,,,,,,,,,,,,,,,,,,,,,,,,,,,,,,
2501005931,104,1,1,8,51,2uuh2bir8ktof0uxfo06lb4ox,0,33.7,39.5,2023-01-27T19:08:12.202Z,2023-01-27T19:08:13Z,3997009819,212,9.7,3997009813,140,39.1,3997009817,141,27.9,3997009821,213,5.3,3997009811,56,Back,,,,,,,,,,a339o11ut8s1o9odm6ybc4pka,T. van den Belt,,,,,,,,,,,,,,,,,,,,,,,,,,,,,,,,
2501005935,66,8,1,8,52,dnzj0iv5qtaemm9kthh9pos8q,1,61.1,64,2023-01-27T19:08:13.450Z,2023-01-27T19:08:13Z,3997009841,56,Center,,,,,,,,,,,,,,,,,,,,,,1mroid71v9bwpx0iaospei9gq,R. Margaret,,,,,,,,,,,,,,,,,,,,,,,,,,,,,,,,
2501005951,67,49,1,8,53,dnzj0iv5qtaemm9kthh9pos8q,1,58.6,56.9,2023-01-27T19:08:14.234Z,2023-01-27T19:08:14Z,,,,,,,,,,,,,,,,,,,,,,,,,1mroid71v9bwpx0iaospei9gq,R. Margaret,,,,,,,,,,,,,,,,,,,,,,,,,,,,,,,,
2501005971,68,1,1,8,55,dnzj0iv5qtaemm9kthh9pos8q,0,62.2,63.7,2023-01-27T19:08:16.058Z,2023-01-27T19:08:16Z,3997010047,212,15.2,3997010041,140,70.4,3997010039,56,Center,3997010051,213,5.3,3997010043,141,45.2,,,,,,,,,,1mroid71v9bwpx0iaospei9gq,R. Margaret,,,,,,,,,,,,,,,,,,,,,,,,,,,,,,,,
2501005975,105,49,1,8,56,2uuh2bir8ktof0uxfo06lb4ox,1,29.8,58.4,2023-01-27T19:08:16.698Z,2023-01-27T19:08:17Z,,,,,,,,,,,,,,,,,,,,,,,,,dse1rndtog4qn2mwv966vp6mt,B. van Hintum,,,,,,,,,,,,,,,,,,,,,,,,,,,,,,,,
2501006017,106,1,1,8,56,2uuh2bir8ktof0uxfo06lb4ox,1,29.8,58.4,2023-01-27T19:08:16.922Z,2023-01-27T19:08:21Z,3997010277,212,14.0,3997010271,56,Back,3997010273,140,40.6,3997010275,141,70.5,3997010279,213,0.6,,,,,,,,,,dse1rndtog4qn2mwv966vp6mt,B. van Hintum,,,,,,,,,,,,,,,,,,,,,,,,,,,,,,,,
2501006029,107,1,1,9,0,2uuh2bir8ktof0uxfo06lb4ox,1,37.1,71.5,2023-01-27T19:08:20.986Z,2023-01-27T19:08:23Z,3997010353,141,49.3,3997010355,212,17.3,3997010351,140,29.1,3997010349,56,Back,3997010357,213,4.2,,,,,,,,,,29s8wk0a2m66rebsfx1jfuuh,D. van den Berg,,,,,,,,,,,,,,,,,,,,,,,,,,,,,,,,
2501006071,108,1,1,9,2,2uuh2bir8ktof0uxfo06lb4ox,1,29.5,47.5,2023-01-27T19:08:22.890Z,2023-01-27T19:08:25Z,3997010533,212,21.0,3997010529,140,33.9,3997010531,141,17.4,3997010535,213,4.9,3997010527,56,Back,,,,,,,,,,dmrznrol8qp7yk53r6ajhnkt0,T. Beelen,,,,,,,,,,,,,,,,,,,,,,,,,,,,,,,,
2501006115,109,1,1,9,5,2uuh2bir8ktof0uxfo06lb4ox,1,38.3,13.5,2023-01-27T19:08:25.866Z,2023-01-27T19:08:29Z,3997010791,213,0.3,3997010783,56,Center,3997010785,140,61.9,3997010789,212,26.1,3997010787,141,25.6,,,,,,,,,,idvh0ac1f8wv39640pyl4esp,S. Kersten,,,,,,,,,,,,,,,,,,,,,,,,,,,,,,,,
2501006185,110,1,1,9,9,2uuh2bir8ktof0uxfo06lb4ox,1,70.4,26.5,2023-01-27T19:08:29.802Z,2023-01-27T19:08:35Z,3997011127,56,Center,3997011135,213,0.1,3997011133,212,25.3,3997011131,141,29.4,3997011129,140,94.4,,,,,,,,,,by85t8ssyumcjcks1jx3v96vo,Y. Taha,,,,,,,,,,,,,,,,,,,,,,,,,,,,,,,,
2501006199,111,1,1,9,14,2uuh2bir8ktof0uxfo06lb4ox,0,93,31.2,2023-01-27T19:08:35.001Z,2023-01-27T19:08:35Z,3997011189,141,40.3,3997011183,140,91.5,3997011199,213,1.8,3997011195,212,6.4,3997011179,56,Center,,,,,,,,,,2esbyi3i7rtsdkxe6a917rsnp,L. Thy,,,,,,,,,,,,,,,,,,,,,,,,,,,,,,,,
2501006321,69,12,1,9,16,dnzj0iv5qtaemm9kthh9pos8q,1,6.6,63,2023-01-27T19:08:37.066Z,2023-01-27T19:08:45Z,3997011763,140,37.7,3997011765,141,75.9,3997011769,213,0.3,3997011761,56,Back,3997011767,212,33.8,,,,,,,,,,1jn9jog8ou8uxnmypneksizxm,R. van Eijma,,,,,,,,,,,,,,,,,,,,,,,,,,,,,,,,
2501006323,70,4,1,9,20,dnzj0iv5qtaemm9kthh9pos8q,1,39.6,77.2,2023-01-27T19:08:40.825Z,2023-01-27T19:08:47Z,3997011783,286,,3997011777,56,Back,3997011901,233,112,3997011781,265,,3997011779,152,,3997011775,13,,,,,,,,b950jt347chmq9whlkgl6fxpm,K. Leidsman,,,,,,,,,,,,,,,,,,,,,,,,,,,,,,,,
2501006281,112,4,1,9,20,2uuh2bir8ktof0uxfo06lb4ox,0,60.4,22.8,2023-01-27T19:08:40.826Z,2023-01-27T19:08:47Z,3997011853,152,,3997011855,265,,3997011547,285,,3997011913,233,70,3997011851,13,,3997011545,56,Center,,,,,,,dmrznrol8qp7yk53r6ajhnkt0,T. Beelen,,,,,,,,,,,,,,,,,,,,,,,,,,,,,,,,
2501006523,71,1,1,9,29,dnzj0iv5qtaemm9kthh9pos8q,1,37.6,72,2023-01-27T19:08:49.722Z,2023-01-27T19:08:56Z,3997012679,56,Back,3997012675,5,,3997012689,1,,3997012685,212,32.6,3997012687,213,4.7,3997012681,140,37.6,3997012683,141,24.0,3997012677,152,,8uw9w30592omb8acpnssgdlh,R. Dekker,,,,,,,,,,,,,,,,,,,,,,,,,,,,,,,,
2501006589,72,1,1,9,35,dnzj0iv5qtaemm9kthh9pos8q,1,36,17.1,2023-01-27T19:08:56.490Z,2023-01-27T19:09:00Z,3997013021,141,18.8,3997013017,56,Back,3997013025,213,3.1,3997013023,212,24.0,3997013019,140,13.2,,,,,,,,,,dcdvet7azx1a59xm2ke7qi2cq,I. Pata,,,,,,,,,,,,,,,,,,,,,,,,,,,,,,,,
2501006641,73,1,1,9,40,dnzj0iv5qtaemm9kthh9pos8q,1,14.8,17.9,2023-01-27T19:09:00.682Z,2023-01-27T19:09:07Z,3997013251,56,Back,3997013257,212,34.3,3997013249,157,,3997013253,140,43.2,3997013261,1,,3997013259,213,0.5,3997013255,141,42.7,,,,alzgg0nxnnex3nkzr6lgmt1ey,T. Jansen,,,,,,,,,,,,,,,,,,,,,,,,,,,,,,,,
2501006651,74,1,1,9,42,dnzj0iv5qtaemm9kthh9pos8q,0,43.2,42.5,2023-01-27T19:09:03.411Z,2023-01-27T19:51:28Z,3997013325,213,5.9,3997013319,140,66.7,3997013323,212,27.1,3997013315,157,,3997013327,1,,3997013317,56,Center,3997013321,141,26.2,,,,8uw9w30592omb8acpnssgdlh,R. Dekker,,,,,,,,,,,,,,,,,,,,,,,,,,,,,,,,
2501006621,113,49,1,9,42,2uuh2bir8ktof0uxfo06lb4ox,1,27.6,86.5,2023-01-27T19:09:03.466Z,2023-01-27T19:09:03Z,,,,,,,,,,,,,,,,,,,,,,,,,dse1rndtog4qn2mwv966vp6mt,B. van Hintum,,,,,,,,,,,,,,,,,,,,,,,,,,,,,,,,
2501006707,114,1,1,9,44,2uuh2bir8ktof0uxfo06lb4ox,1,27.6,86.5,2023-01-27T19:09:04.714Z,2023-01-27T19:09:08Z,3997013553,140,33.8,3997013551,56,Back,3997013557,212,8.5,3997013549,155,,3997013559,213,0.7,3997013555,141,94.5,,,,,,,dse1rndtog4qn2mwv966vp6mt,B. van Hintum,,,,,,,,,,,,,,,,,,,,,,,,,,,,,,,,
2501006737,115,1,1,9,48,2uuh2bir8ktof0uxfo06lb4ox,1,38.7,94.5,2023-01-27T19:09:08.521Z,2023-01-27T19:09:10Z,3997013671,212,21.2,3997013665,56,Left,3997013669,141,82.9,3997013673,213,5.9,3997013667,140,57.4,,,,,,,,,,csecbdlw3sxstnebpiw91ezxm,S. Lagsir,,,,,,,,,,,,,,,,,,,,,,,,,,,,,,,,
2501006751,116,1,1,9,49,2uuh2bir8ktof0uxfo06lb4ox,1,57.4,82.9,2023-01-27T19:09:10.505Z,2023-01-27T19:09:12Z,3997013737,56,Back,3997013743,212,14.4,3997013761,156,,3997013745,213,3.2,3997013741,141,81.2,3997013739,140,43.7,,,,,,,2esbyi3i7rtsdkxe6a917rsnp,L. Thy,,,,,,,,,,,,,,,,,,,,,,,,,,,,,,,,
2501006777,117,1,1,9,52,2uuh2bir8ktof0uxfo06lb4ox,1,41.6,80.9,2023-01-27T19:09:12.953Z,2023-01-27T19:09:15Z,3997013863,140,22.3,3997013869,213,3.7,3997013865,141,63.9,3997013861,56,Back,3997013867,212,23.3,,,,,,,,,,1rd0zzpp3dn0y7qtxwc57g7h1,R. Thomas,,,,,,,,,,,,,,,,,,,,,,,,,,,,,,,,
2501006829,118,1,1,9,54,2uuh2bir8ktof0uxfo06lb4ox,1,22.3,63.9,2023-01-27T19:09:15.017Z,2023-01-27T19:09:17Z,3997014099,140,30.9,3997014105,213,5.5,3997014103,212,12.4,3997014097,56,Back,3997014101,141,51.3,,,,,,,,,,cetavjue5femoxid9fmcd0zjd,J. Schendelaar,,,,,,,,,,,,,,,,,,,,,,,,,,,,,,,,
2501006977,119,1,1,10,2,2uuh2bir8ktof0uxfo06lb4ox,1,43.3,46,2023-01-27T19:09:23.321Z,2023-01-27T19:09:29Z,3997014847,141,21.9,3997014845,140,42.3,3997014849,212,16.4,3997014851,213,4.6,3997014843,56,Back,,,,,,,,,,dmrznrol8qp7yk53r6ajhnkt0,T. Beelen,,,,,,,,,,,,,,,,,,,,,,,,,,,,,,,,
2501007027,120,1,1,10,8,2uuh2bir8ktof0uxfo06lb4ox,1,53,20.9,2023-01-27T19:09:29.449Z,2023-01-27T19:09:32Z,3997015133,213,2.0,3997015125,56,Back,3997015129,141,44.0,3997015131,212,17.6,3997015127,140,45.4,,,,,,,,,,idvh0ac1f8wv39640pyl4esp,S. Kersten,,,,,,,,,,,,,,,,,,,,,,,,,,,,,,,,
2501007063,121,1,1,10,11,2uuh2bir8ktof0uxfo06lb4ox,0,45.9,47.2,2023-01-27T19:09:32.153Z,2023-01-27T19:09:34Z,3997015273,141,57.5,3997015269,56,Center,3997015275,212,19.0,3997015271,140,62.7,3997015277,213,0.4,,,,,,,,,,dmrznrol8qp7yk53r6ajhnkt0,T. Beelen,,,,,,,,,,,,,,,,,,,,,,,,,,,,,,,,
2501007075,75,8,1,10,14,dnzj0iv5qtaemm9kthh9pos8q,1,34.7,41,2023-01-27T19:09:35.050Z,2023-01-27T19:09:35Z,3997015301,56,Back,,,,,,,,,,,,,,,,,,,,,,7cetznpb0tnu6kdz7bvm8gyxh,L. Piqué,,,,,,,,,,,,,,,,,,,,,,,,,,,,,,,,
2501007081,76,49,1,10,15,dnzj0iv5qtaemm9kthh9pos8q,1,34.7,41,2023-01-27T19:09:35.562Z,2023-01-27T19:09:35Z,,,,,,,,,,,,,,,,,,,,,,,,,7cetznpb0tnu6kdz7bvm8gyxh,L. Piqué,,,,,,,,,,,,,,,,,,,,,,,,,,,,,,,,
2501007119,77,1,1,10,16,dnzj0iv5qtaemm9kthh9pos8q,1,36.8,44.3,2023-01-27T19:09:36.858Z,2023-01-27T19:09:39Z,3997015485,141,27.7,3997015489,213,4.5,3997015481,56,Back,3997015487,212,11.7,3997015483,140,34.0,,,,,,,,,,7cetznpb0tnu6kdz7bvm8gyxh,L. Piqué,,,,,,,,,,,,,,,,,,,,,,,,,,,,,,,,
2501007185,78,1,1,10,19,dnzj0iv5qtaemm9kthh9pos8q,0,38.3,18.2,2023-01-27T19:09:39.866Z,2023-01-27T19:10:16Z,3997015739,140,58.3,3997015747,212,24.9,3997015751,213,5.7,3997015737,56,Right,3997015743,141,0.0,,,,,,,,,,bquqyyfz4lj0xrerbhbtj1jze,Ö. Gündüz,,,,,,,,,,,,,,,,,,,,,,,,,,,,,,,,
2501007197,79,5,1,10,20,dnzj0iv5qtaemm9kthh9pos8q,0,57.9,-1.7,2023-01-27T19:09:41.034Z,2023-01-27T19:47:08Z,3997015793,56,Right,3997015795,347,,3997015963,233,122,,,,,,,,,,,,,,,,bquqyyfz4lj0xrerbhbtj1jze,Ö. Gündüz,,,,,,,,,,,,,,,,,,,,,,,,,,,,,,,,
2501007231,122,5,1,10,20,2uuh2bir8ktof0uxfo06lb4ox,1,42.1,101.7,2023-01-27T19:09:41.034Z,2023-01-27T19:09:44Z,3997015945,56,Back,3997015957,233,79,3997015947,347,,,,,,,,,,,,,,,,,dse1rndtog4qn2mwv966vp6mt,B. van Hintum,,,,,,,,,,,,,,,,,,,,,,,,,,,,,,,,
2501007335,123,1,1,10,23,2uuh2bir8ktof0uxfo06lb4ox,1,42.5,100,2023-01-27T19:09:44.313Z,2023-01-27T19:09:51Z,3997016431,56,Center,3997016441,141,77.0,3997016451,1,,3997016445,212,48.7,3997016449,213,5.9,3997016435,140,86.0,3997016427,107,,,,,dse1rndtog4qn2mwv966vp6mt,B. van Hintum,,,,,,,,,,,,,,,,,,,,,,,,,,,,,,,,
2501007383,124,1,1,10,31,2uuh2bir8ktof0uxfo06lb4ox,1,88,72.4,2023-01-27T19:09:51.641Z,2023-01-27T19:10:11Z,3997017647,210,13,3997016637,141,61.1,3997016633,56,Center,3997016641,213,4.5,3997017649,154,,3997016639,212,7.9,3997016635,140,86.4,,,,2esbyi3i7rtsdkxe6a917rsnp,L. Thy,,,,,,1,,,,,,,,,,,,,,,,,,,,,,,,,,
2501007389,125,13,1,10,33,2uuh2bir8ktof0uxfo06lb4ox,1,90.5,60,2023-01-27T19:09:54.249Z,2023-01-27T19:10:11Z,3997017673,29,,3997017693,231,50,3997017681,154,,3997016673,17,,3997017689,103,2.8,3997016675,56,Center,3997016671,22,,3997017687,102,40.5,csecbdlw3sxstnebpiw91ezxm,S. Lagsir,3997017671,75,3997017027,72,,,,3997017683,55,3997017691,230,98.8,,,,,,124,,,,,,,,,,,,,,
2501007413,80,5,1,10,35,dnzj0iv5qtaemm9kthh9pos8q,1,-1,60.2,2023-01-27T19:09:56.137Z,2023-01-27T19:47:09Z,3997016761,346,,3997016757,56,Back,3997016779,233,126,,,,,,,,,,,,,,,,bquqyyfz4lj0xrerbhbtj1jze,Ö. Gündüz,,,,,,,,,,,,,,,,,,,,,,,,,,,,,,,,
2501007405,126,5,1,10,35,2uuh2bir8ktof0uxfo06lb4ox,0,101,39.8,2023-01-27T19:09:56.137Z,2023-01-27T19:09:57Z,3997016815,233,80,3997016719,346,,3997016717,56,Center,,,,,,,,,,,,,,,,csecbdlw3sxstnebpiw91ezxm,S. Lagsir,,,,,,,,,,,,,,,,,,,,,,,,,,,,,,,,
2501007721,81,1,1,10,58,dnzj0iv5qtaemm9kthh9pos8q,0,5.4,56.1,2023-01-27T19:10:18.890Z,2023-01-27T19:10:21Z,3997018189,212,55.3,3997018179,124,,3997018195,74,,3997018191,213,0.1,3997018183,140,57.9,3997018193,1,,3997018181,56,Center,3997018187,141,61.7,alzgg0nxnnex3nkzr6lgmt1ey,T. Jansen,,,,,,,,,,,,,,,,,,,,,,,,,,,,,,,,
2501007727,127,1,1,11,0,2uuh2bir8ktof0uxfo06lb4ox,0,37.1,28.6,2023-01-27T19:10:20.888Z,2023-01-27T19:10:21Z,3997018233,212,18.9,3997018235,213,6.3,3997018227,56,Center,3997018231,141,28.3,3997018229,140,55.1,,,,,,,,,,a339o11ut8s1o9odm6ybc4pka,T. van den Belt,,,,,,,,,,,,,,,,,,,,,,,,,,,,,,,,
2501007745,128,49,1,11,2,2uuh2bir8ktof0uxfo06lb4ox,1,43.3,13.4,2023-01-27T19:10:23.321Z,2023-01-27T19:10:23Z,,,,,,,,,,,,,,,,,,,,,,,,,8fqnvz74z901a2h0kgk1zezje,L. Görlich,,,,,,,,,,,,,,,,,,,,,,,,,,,,,,,,
2501007759,82,1,1,11,3,dnzj0iv5qtaemm9kthh9pos8q,0,32.4,67.3,2023-01-27T19:10:23.770Z,2023-01-27T19:10:24Z,3997018407,56,Back,3997018415,213,0.4,3997018413,212,13.5,3997018409,140,44.0,3997018405,3,,3997018411,141,75.9,,,,,,,1jn9jog8ou8uxnmypneksizxm,R. van Eijma,,,,,,,,,,,,,,,,,,,,,,,,,,,,,,,,
2501007805,129,1,1,11,4,2uuh2bir8ktof0uxfo06lb4ox,1,51.2,11.9,2023-01-27T19:10:25.417Z,2023-01-27T19:10:28Z,3997018639,213,0.5,3997018635,141,23.9,3997018631,56,Center,3997018637,212,15.6,3997018633,140,63.9,,,,,,,,,,8fqnvz74z901a2h0kgk1zezje,L. Görlich,,,,,,,,,,,,,,,,,,,,,,,,,,,,,,,,
2501007809,130,61,1,11,7,2uuh2bir8ktof0uxfo06lb4ox,0,63.9,23.9,2023-01-27T19:10:28.409Z,2023-01-27T19:10:28Z,3997018657,56,Center,,,,,,,,,,,,,,,,,,,,,,2esbyi3i7rtsdkxe6a917rsnp,L. Thy,,,,,,,,,,,,,,,,,,,,,,,,,,,,,,,,
2501007905,83,1,1,11,9,dnzj0iv5qtaemm9kthh9pos8q,0,29.9,78.5,2023-01-27T19:10:30.202Z,2023-01-27T19:11:27Z,3997021575,213,0.9,3997022581,233,131,3997021573,212,2.9,3997019113,56,Back,3997022585,286,,3997021569,140,31.6,3997021571,141,81.8,3997022579,236,,dh3ksith5iat573zuhdhv91w5,R. Stuy van den Herik,,,,,,,,,,,,,,,,,,,,,,,,,,,,,,,,
2501007855,131,74,1,11,9,2uuh2bir8ktof0uxfo06lb4ox,1,60.4,13.1,2023-01-27T19:10:30.203Z,2023-01-27T19:46:00Z,3997018929,285,,3997022589,233,83,3997018927,56,Right,,,,,,,,,,,,,,,,8fqnvz74z901a2h0kgk1zezje,L. Görlich,,,,,,,,,,,,,,,,,,,,,,,,,,,,,,,,
2501007857,132,49,1,11,12,2uuh2bir8ktof0uxfo06lb4ox,1,61,19.8,2023-01-27T19:10:32.889Z,2023-01-27T19:10:33Z,,,,,,,,,,,,,,,,,,,,,,,,,2esbyi3i7rtsdkxe6a917rsnp,L. Thy,,,,,,,,,,,,,,,,,,,,,,,,,,,,,,,,
2501007937,133,1,1,11,12,2uuh2bir8ktof0uxfo06lb4ox,1,61,19.8,2023-01-27T19:10:33.241Z,2023-01-27T19:10:38Z,3997019283,213,1.5,3997019277,140,62.3,3997019275,56,Center,3997019281,212,12.9,3997019279,141,38.6,,,,,,,,,,2esbyi3i7rtsdkxe6a917rsnp,L. Thy,,,,,,,,,,,,,,,,,,,,,,,,,,,,,,,,
2501007959,134,1,1,11,17,2uuh2bir8ktof0uxfo06lb4ox,1,78.7,60,2023-01-27T19:10:38.281Z,2023-01-27T19:10:40Z,3997019387,141,66.9,3997019389,212,8.7,3997019385,140,71.7,3997019391,213,2.6,3997019383,56,Center,,,,,,,,,,29s8wk0a2m66rebsfx1jfuuh,D. van den Berg,,,,,,,,,,,,,,,,,,,,,,,,,,,,,,,,
2501007993,135,1,1,11,19,2uuh2bir8ktof0uxfo06lb4ox,1,71.1,65.4,2023-01-27T19:10:40.265Z,2023-01-27T19:10:41Z,3997019543,56,Center,3997019551,213,3.0,3997019549,212,10.5,3997019545,140,61.2,3997019547,141,67.5,,,,,,,,,,1rd0zzpp3dn0y7qtxwc57g7h1,R. Thomas,,,,,,,,,,,,,,,,,,,,,,,,,,,,,,,,
2501007999,136,61,1,11,21,2uuh2bir8ktof0uxfo06lb4ox,1,61.2,67.5,2023-01-27T19:10:41.781Z,2023-01-27T19:10:42Z,3997019557,56,Center,,,,,,,,,,,,,,,,,,,,,,dse1rndtog4qn2mwv966vp6mt,B. van Hintum,,,,,,,,,,,,,,,,,,,,,,,,,,,,,,,,
2501008129,137,1,1,11,22,2uuh2bir8ktof0uxfo06lb4ox,1,66.8,62.3,2023-01-27T19:10:43.400Z,2023-01-27T19:10:51Z,3997020179,213,4.5,3997020175,141,47.0,3997020173,140,64.3,3997020171,56,Center,3997020177,212,10.7,,,,,,,,,,1rd0zzpp3dn0y7qtxwc57g7h1,R. Thomas,,,,,,,,,,,,,,,,,,,,,,,,,,,,,,,,
2501008149,138,1,1,11,30,2uuh2bir8ktof0uxfo06lb4ox,1,65.7,32.5,2023-01-27T19:10:51.112Z,2023-01-27T19:10:52Z,3997020253,140,60.5,3997020255,141,44.0,3997020259,213,2.2,3997020251,56,Center,3997020257,212,9.5,,,,,,,,,,a339o11ut8s1o9odm6ybc4pka,T. van den Belt,,,,,,,,,,,,,,,,,,,,,,,,,,,,,,,,
2501008179,139,1,1,11,31,2uuh2bir8ktof0uxfo06lb4ox,1,60.5,44,2023-01-27T19:10:52.280Z,2023-01-27T19:10:54Z,3997020419,140,65.7,3997020423,212,8.1,3997020425,213,0.8,3997020417,56,Center,3997020421,141,52.7,,,,,,,,,,dmrznrol8qp7yk53r6ajhnkt0,T. Beelen,,,,,,,,,,,,,,,,,,,,,,,,,,,,,,,,
2501008247,140,4,1,11,33,2uuh2bir8ktof0uxfo06lb4ox,1,64.4,44.8,2023-01-27T19:10:54.281Z,2023-01-27T19:45:53Z,3997020787,152,,3997137789,233,84,3997020789,265,,3997020785,56,Center,3997020791,286,,3997020783,13,,,,,,,,1rd0zzpp3dn0y7qtxwc57g7h1,R. Thomas,,,,,,,,,,,,,,,,,,,,,,,,,,,,,,,,
2501008333,84,4,1,11,33,dnzj0iv5qtaemm9kthh9pos8q,0,35.6,55.2,2023-01-27T19:10:54.282Z,2023-01-27T19:45:54Z,3997021175,56,Back,3997137793,233,140,3997021179,265,,3997021177,152,,3997021181,285,,3997021173,13,,,,,,,,bquqyyfz4lj0xrerbhbtj1jze,Ö. Gündüz,,,,,,,,,,,,,,,,,,,,,,,,,,,,,,,,
2501008427,141,1,1,11,49,2uuh2bir8ktof0uxfo06lb4ox,1,63.3,34.2,2023-01-27T19:11:10.264Z,2023-01-27T19:11:13Z,3997021639,152,,3997021641,56,Center,3997021647,212,11.0,3997021643,140,62.9,3997021637,5,,3997021645,141,50.3,3997021649,213,1.6,,,,a339o11ut8s1o9odm6ybc4pka,T. van den Belt,,,,,,,,,,,,,,,,,,,,,,,,,,,,,,,,
2501008447,142,1,1,11,52,2uuh2bir8ktof0uxfo06lb4ox,1,62.9,50.3,2023-01-27T19:11:13.048Z,2023-01-27T19:11:14Z,3997021795,141,34.3,3997021799,212,11.1,3997021791,140,61.0,3997021805,213,4.5,3997021787,56,Center,,,,,,,,,,dmrznrol8qp7yk53r6ajhnkt0,T. Beelen,,,,,,,,,,,,,,,,,,,,,,,,,,,,,,,,
2501008477,143,1,1,11,54,2uuh2bir8ktof0uxfo06lb4ox,1,61,33.3,2023-01-27T19:11:14.856Z,2023-01-27T19:11:16Z,3997021939,140,61.2,3997021941,141,47.9,3997021943,212,9.9,3997021937,56,Center,3997021945,213,1.5,,,,,,,,,,a339o11ut8s1o9odm6ybc4pka,T. van den Belt,,,,,,,,,,,,,,,,,,,,,,,,,,,,,,,,
2501008525,144,1,1,11,56,2uuh2bir8ktof0uxfo06lb4ox,1,61.6,48.1,2023-01-27T19:11:16.808Z,2023-01-27T19:11:21Z,3997022167,56,Center,3997022171,141,70.2,3997022169,140,71.3,3997022175,213,1.0,3997022173,212,18.2,,,,,,,,,,dmrznrol8qp7yk53r6ajhnkt0,T. Beelen,,,,,,,,,,,,,,,,,,,,,,,,,,,,,,,,
2501008557,145,1,1,12,0,2uuh2bir8ktof0uxfo06lb4ox,1,72.5,70.9,2023-01-27T19:11:21.464Z,2023-01-27T19:11:23Z,3997022321,213,4.1,3997022317,212,17.9,3997022313,141,49.3,3997022307,56,Center,3997022309,140,62.8,,,,,,,,,,29s8wk0a2m66rebsfx1jfuuh,D. van den Berg,,,,,,,,,,,,,,,,,,,,,,,,,,,,,,,,
2501008589,146,1,1,12,3,2uuh2bir8ktof0uxfo06lb4ox,1,62.8,49.3,2023-01-27T19:11:23.512Z,2023-01-27T19:11:25Z,3997022495,212,13.2,3997022493,141,67.6,3997022497,213,1.9,3997022489,56,Center,3997022491,140,58.7,,,,,,,,,,dmrznrol8qp7yk53r6ajhnkt0,T. Beelen,,,,,,,,,,,,,,,,,,,,,,,,,,,,,,,,
2501008631,147,1,1,12,5,2uuh2bir8ktof0uxfo06lb4ox,1,58.7,67.6,2023-01-27T19:11:25.512Z,2023-01-27T19:11:28Z,3997022647,141,93.0,3997022649,212,20.2,3997022645,140,68.6,3997022643,56,Left,3997022651,213,1.0,,,,,,,,,,dse1rndtog4qn2mwv966vp6mt,B. van Hintum,,,,,,,,,,,,,,,,,,,,,,,,,,,,,,,,
2501008661,148,1,1,12,7,2uuh2bir8ktof0uxfo06lb4ox,1,67.7,92.6,2023-01-27T19:11:28.360Z,2023-01-27T19:11:31Z,3997022809,212,14.4,3997022805,140,58.6,3997022803,56,Center,3997022811,213,4.0,3997022807,141,76.7,,,,,,,,,,csecbdlw3sxstnebpiw91ezxm,S. Lagsir,,,,,,,,,,,,,,,,,,,,,,,,,,,,,,,,
2501008715,149,1,1,12,11,2uuh2bir8ktof0uxfo06lb4ox,1,58.6,76.7,2023-01-27T19:11:31.639Z,2023-01-27T19:11:35Z,3997023109,213,5.3,3997023105,141,50.4,3997023103,140,70.1,3997023107,212,21.6,3997023101,56,Center,,,,,,,,,,dse1rndtog4qn2mwv966vp6mt,B. van Hintum,,,,,,,,,,,,,,,,,,,,,,,,,,,,,,,,
2501008781,150,1,1,12,15,2uuh2bir8ktof0uxfo06lb4ox,1,68.1,59.9,2023-01-27T19:11:35.608Z,2023-01-27T19:11:39Z,3997023411,212,14.1,3997023409,141,60.6,3997023405,56,Center,3997023413,213,0.0,3997023407,140,81.5,,,,,,,,,,a339o11ut8s1o9odm6ybc4pka,T. van den Belt,,,,,,,,,,,,,,,,,,,,,,,,,,,,,,,,
2501009249,153,1,1,12,17,2uuh2bir8ktof0uxfo06lb4ox,0,74.7,74.4,2023-01-27T19:11:37.601Z,2023-01-27T19:46:01Z,3997025659,56,Center,3997025663,141,70.2,3997027793,236,,3997025661,140,74.7,3997025667,213,4.7,3997027799,286,,3997027795,233,94,3997025665,212,2.9,1rd0zzpp3dn0y7qtxwc57g7h1,R. Thomas,,,,,,,,,,,,,,,,,,,,,,,,,,,,,,,,
2501009615,94,74,1,12,17,dnzj0iv5qtaemm9kthh9pos8q,1,21.7,27.7,2023-01-27T19:11:37.602Z,2023-01-27T19:12:47Z,3997027461,285,,3997027813,233,153,3997027459,56,Back,,,,,,,,,,,,,,,,8uw9w30592omb8acpnssgdlh,R. Dekker,,,,,,,,,,,,,,,,,,,,,,,,,,,,,,,,
2501008785,151,50,1,12,17,2uuh2bir8ktof0uxfo06lb4ox,1,78.8,63.2,2023-01-27T19:11:38.208Z,2023-01-27T19:14:47Z,3997023495,233,85,3997023433,286,,3997023431,56,Center,,,,,,,,,,,,,,,,by85t8ssyumcjcks1jx3v96vo,Y. Taha,,,,,,,,,,,,,,,,,,,,,,,,,,,,,,,,
2501008791,85,7,1,12,17,dnzj0iv5qtaemm9kthh9pos8q,0,21.2,36.8,2023-01-27T19:11:38.209Z,2023-01-27T19:14:48Z,3997023457,285,,3997023485,233,151,3997023455,56,Back,,,,,,,,,,,,,,,,7cetznpb0tnu6kdz7bvm8gyxh,L. Piqué,,,,,,,,,,,,,,,,,,,,,,,,,,,,,,,,
2501008827,86,49,1,12,20,dnzj0iv5qtaemm9kthh9pos8q,1,26.9,45.5,2023-01-27T19:11:41.386Z,2023-01-27T19:11:41Z,,,,,,,,,,,,,,,,,,,,,,,,,bquqyyfz4lj0xrerbhbtj1jze,Ö. Gündüz,,,,,,,,,,,,,,,,,,,,,,,,,,,,,,,,
2501008869,87,1,1,12,21,dnzj0iv5qtaemm9kthh9pos8q,1,26.8,39.5,2023-01-27T19:11:42.441Z,2023-01-27T19:11:45Z,3997023827,56,Back,3997023835,213,5.4,3997023831,141,7.1,3997023829,140,44.3,3997023833,212,28.7,,,,,,,,,,bquqyyfz4lj0xrerbhbtj1jze,Ö. Gündüz,,,,,,,,,,,,,,,,,,,,,,,,,,,,,,,,
2501008925,88,1,1,12,24,dnzj0iv5qtaemm9kthh9pos8q,1,44,5.6,2023-01-27T19:11:45.257Z,2023-01-27T19:11:49Z,3997024097,141,8.5,3997024101,213,3.1,3997024095,140,20.7,3997024099,212,24.5,3997024093,56,Back,,,,,,,,,,f1as17wqpj44gihtvw936lofd,B. van Hoeven,,,,,,,,,,,,,,,,,,,,,,,,,,,,,,,,
2501008993,89,1,1,12,28,dnzj0iv5qtaemm9kthh9pos8q,1,20.7,9.2,2023-01-27T19:11:49.322Z,2023-01-27T19:11:53Z,3997024353,140,46.0,3997024351,56,Back,3997024349,155,,3997024357,212,27.2,3997024355,141,17.6,3997024359,213,0.2,,,,,,,dcdvet7azx1a59xm2ke7qi2cq,I. Pata,,,,,,,,,,,,,,,,,,,,,,,,,,,,,,,,
2501009075,90,1,1,12,30,dnzj0iv5qtaemm9kthh9pos8q,1,46,16.2,2023-01-27T19:11:50.889Z,2023-01-27T19:51:22Z,3997024741,141,6.4,3997024739,140,45.3,3997024737,56,Back,3997024743,212,6.7,3997024745,213,4.6,,,,,,,,,,b950jt347chmq9whlkgl6fxpm,K. Leidsman,,,,,,,,,,,,,,,,,,,,,,,,,,,,,,,,
2501009079,91,4,1,12,31,dnzj0iv5qtaemm9kthh9pos8q,1,51.2,6.8,2023-01-27T19:11:52.215Z,2023-01-27T19:45:54Z,3997024755,265,,3997024753,152,,3997024757,286,,3997137809,233,152,3997024749,13,,3997024751,56,Right,,,,,,,f1as17wqpj44gihtvw936lofd,B. van Hoeven,,,,,,,,,,,,,,,,,,,,,,,,,,,,,,,,
2501008983,152,4,1,12,31,2uuh2bir8ktof0uxfo06lb4ox,0,48.8,93.2,2023-01-27T19:11:52.216Z,2023-01-27T19:45:54Z,3997024309,152,,3997024305,13,,3997024313,285,,3997024307,56,Back,3997024311,265,,3997137833,233,91,,,,,,,dmrznrol8qp7yk53r6ajhnkt0,T. Beelen,,,,,,,,,,,,,,,,,,,,,,,,,,,,,,,,
2501009321,92,1,1,12,57,dnzj0iv5qtaemm9kthh9pos8q,0,54.6,4,2023-01-27T19:12:17.673Z,2023-01-27T19:51:17Z,3997026031,141,90.3,3997026037,1,,3997026029,140,68.7,3997026025,152,,3997026033,212,60.5,3997026023,157,,3997026021,5,,3997026027,56,Left,bquqyyfz4lj0xrerbhbtj1jze,Ö. Gündüz,3997026035,213,,,,,1.3,,,,,,,,,,,,,,,,,,,,,,,,,
2501009309,154,44,1,12,59,2uuh2bir8ktof0uxfo06lb4ox,1,33.7,11.3,2023-01-27T19:12:19.895Z,2023-01-27T19:12:22Z,3997025965,285,,3997025959,56,Back,3997026163,233,93,,,,,,,,,,,,,,,,8fqnvz74z901a2h0kgk1zezje,L. Görlich,,,,,,,,,,,,,,,,,,,,,,,,,,,,,,,,
2501009327,93,44,1,12,59,dnzj0iv5qtaemm9kthh9pos8q,0,66.3,88.7,2023-01-27T19:12:19.896Z,2023-01-27T19:12:22Z,3997026075,286,,3997026243,233,154,3997026073,56,Left,,,,,,,,,,,,,,,,4zow18ykkg1gvw40r7jsrzkl,D. van der Sluys,,,,,,,,,,,,,,,,,,,,,,,,,,,,,,,,
2501009337,155,1,1,12,59,2uuh2bir8ktof0uxfo06lb4ox,1,35.9,11.6,2023-01-27T19:12:20.136Z,2023-01-27T19:12:21Z,3997026123,212,18.5,3997026113,3,,3997026117,140,40.8,3997026115,56,Back,3997026119,141,37.7,3997026125,213,1.3,,,,,,,8fqnvz74z901a2h0kgk1zezje,L. Görlich,,,,,,,,,,,,,,,,,,,,,,,,,,,,,,,,
2501009357,156,1,1,13,1,2uuh2bir8ktof0uxfo06lb4ox,1,38,37.7,2023-01-27T19:12:21.752Z,2023-01-27T19:14:41Z,3997026205,56,Back,3997026209,141,60.0,3997026211,212,17.6,3997026203,3,,3997026207,140,29.5,3997026213,213,2.1,,,,,,,2esbyi3i7rtsdkxe6a917rsnp,L. Thy,,,,,,,,,,,,,,,,,,,,,,,,,,,,,,,,
2501009387,157,1,1,13,2,2uuh2bir8ktof0uxfo06lb4ox,1,32,64.3,2023-01-27T19:12:22.968Z,2023-01-27T19:12:25Z,3997026343,3,,3997026347,140,38.0,3997026351,212,15.7,3997026349,141,85.4,3997026345,56,Back,3997026353,213,1.2,,,,,,,dse1rndtog4qn2mwv966vp6mt,B. van Hintum,,,,,,,,,,,,,,,,,,,,,,,,,,,,,,,,
2501009397,158,49,1,13,4,2uuh2bir8ktof0uxfo06lb4ox,1,38.3,85.6,2023-01-27T19:12:24.984Z,2023-01-27T19:12:25Z,,,,,,,,,,,,,,,,,,,,,,,,,csecbdlw3sxstnebpiw91ezxm,S. Lagsir,,,,,,,,,,,,,,,,,,,,,,,,,,,,,,,,
2501009483,159,1,1,13,6,2uuh2bir8ktof0uxfo06lb4ox,1,37.3,84.8,2023-01-27T19:12:26.808Z,2023-01-27T19:12:31Z,3997026821,212,13.1,3997026817,140,32.0,3997026823,213,4.3,3997026815,56,Back,3997026819,141,67.3,,,,,,,,,,csecbdlw3sxstnebpiw91ezxm,S. Lagsir,,,,,,,,,,,,,,,,,,,,,,,,,,,,,,,,
2501009563,160,1,1,13,10,2uuh2bir8ktof0uxfo06lb4ox,1,32.8,70,2023-01-27T19:12:31.240Z,2023-01-27T19:12:39Z,3997027217,140,43.3,3997027221,212,17.7,3997027219,141,90.3,3997027215,56,Back,3997027223,213,0.9,,,,,,,,,,1rd0zzpp3dn0y7qtxwc57g7h1,R. Thomas,,,,,,,,,,,,,,,,,,,,,,,,,,,,,,,,
2501009633,161,1,1,13,18,2uuh2bir8ktof0uxfo06lb4ox,1,60.2,91.5,2023-01-27T19:12:38.872Z,2023-01-27T19:12:44Z,3997027561,141,74.8,3997027563,212,11.8,3997027555,56,Center,3997027559,140,57.2,3997027565,213,4.4,,,,,,,,,,csecbdlw3sxstnebpiw91ezxm,S. Lagsir,,,,,,,,,,,,,,,,,,,,,,,,,,,,,,,,
2501009685,162,1,1,13,23,2uuh2bir8ktof0uxfo06lb4ox,1,57.4,61.7,2023-01-27T19:12:43.991Z,2023-01-27T19:12:48Z,3997027833,141,31.8,3997027835,212,25.4,3997027831,140,71.9,3997027837,213,5.4,3997027829,56,Center,,,,,,,,,,1rd0zzpp3dn0y7qtxwc57g7h1,R. Thomas,,,,,,,,,,,,,,,,,,,,,,,,,,,,,,,,
2501009705,163,1,1,13,26,2uuh2bir8ktof0uxfo06lb4ox,1,71.9,30,2023-01-27T19:12:47.478Z,2023-01-27T19:12:49Z,3997027967,140,85.0,3997027971,212,18.0,3997027965,56,Right,3997027969,141,12.9,3997027973,213,5.6,,,,,,,,,,by85t8ssyumcjcks1jx3v96vo,Y. Taha,,,,,,,,,,,,,,,,,,,,,,,,,,,,,,,,
2501009741,164,1,1,13,29,2uuh2bir8ktof0uxfo06lb4ox,1,85,12.9,2023-01-27T19:12:49.543Z,2023-01-27T19:12:52Z,3997028127,56,Center,3997028135,213,2.8,3997028133,212,18.8,3997028129,140,68.3,3997028131,141,22.8,,,,,,,,,,8fqnvz74z901a2h0kgk1zezje,L. Görlich,,,,,,,,,,,,,,,,,,,,,,,,,,,,,,,,
2501009759,165,1,1,13,31,2uuh2bir8ktof0uxfo06lb4ox,0,68.1,26.7,2023-01-27T19:12:52.104Z,2023-01-27T19:12:53Z,3997028245,212,26.3,3997028237,155,,3997028243,141,54.0,3997028247,213,0.8,3997028239,56,Center,3997028241,140,85.8,,,,,,,a339o11ut8s1o9odm6ybc4pka,T. van den Belt,,,,,,,,,,,,,,,,,,,,,,,,,,,,,,,,
2501009773,95,1,1,13,33,dnzj0iv5qtaemm9kthh9pos8q,0,13.4,42.1,2023-01-27T19:12:54.122Z,2023-01-27T19:12:54Z,3997028315,213,0.3,3997028307,56,Back,3997028313,212,18.4,3997028305,3,,3997028309,140,29.9,3997028311,141,51.0,,,,,,,7cetznpb0tnu6kdz7bvm8gyxh,L. Piqué,,,,,,,,,,,,,,,,,,,,,,,,,,,,,,,,
2501009837,166,1,1,13,35,2uuh2bir8ktof0uxfo06lb4ox,1,68.5,51.3,2023-01-27T19:12:55.815Z,2023-01-27T19:13:00Z,3997028635,56,Center,3997028641,212,14.1,3997028639,141,69.4,3997028643,213,1.1,3997028637,140,75.1,,,,,,,,,,1rd0zzpp3dn0y7qtxwc57g7h1,R. Thomas,,,,,,,,,,,,,,,,,,,,,,,,,,,,,,,,
2501009871,167,1,1,13,39,2uuh2bir8ktof0uxfo06lb4ox,1,75,75.1,2023-01-27T19:13:00.184Z,2023-01-27T19:13:03Z,3997028837,141,93.9,3997028843,213,1.4,3997028831,56,Left,3997028839,212,13.0,3997028833,140,77.1,,,,,,,,,,29s8wk0a2m66rebsfx1jfuuh,D. van den Berg,,,,,,,,,,,,,,,,,,,,,,,,,,,,,,,,
2501009909,168,1,1,13,42,2uuh2bir8ktof0uxfo06lb4ox,1,77.1,93.9,2023-01-27T19:13:03.111Z,2023-01-27T19:13:05Z,3997029033,212,15.4,3997029037,213,3.6,3997029029,141,84.5,3997029027,140,63.8,3997029023,56,Left,,,,,,,,,,csecbdlw3sxstnebpiw91ezxm,S. Lagsir,,,,,,,,,,,,,,,,,,,,,,,,,,,,,,,,
2501009947,169,1,1,13,45,2uuh2bir8ktof0uxfo06lb4ox,1,65.6,85.3,2023-01-27T19:13:05.639Z,2023-01-27T19:13:07Z,3997029243,213,4.7,3997029237,140,65.6,3997029241,212,8.4,3997029239,141,73.0,3997029235,56,Center,,,,,,,,,,dse1rndtog4qn2mwv966vp6mt,B. van Hintum,,,,,,,,,,,,,,,,,,,,,,,,,,,,,,,,
2501009985,170,1,1,13,47,2uuh2bir8ktof0uxfo06lb4ox,1,64.2,73,2023-01-27T19:13:07.800Z,2023-01-27T19:13:10Z,3997029407,141,49.9,3997029403,56,Center,3997029411,213,4.4,3997029409,212,16.5,3997029405,140,59.4,,,,,,,,,,1rd0zzpp3dn0y7qtxwc57g7h1,R. Thomas,,,,,,,,,,,,,,,,,,,,,,,,,,,,,,,,
2501010027,171,1,1,13,50,2uuh2bir8ktof0uxfo06lb4ox,1,61.8,41.2,2023-01-27T19:13:10.568Z,2023-01-27T19:13:14Z,3997029579,141,17.1,3997029577,140,71.1,3997029583,212,19.1,3997029587,213,5.2,3997029573,56,Right,,,,,,,,,,dmrznrol8qp7yk53r6ajhnkt0,T. Beelen,,,,,,,,,,,,,,,,,,,,,,,,,,,,,,,,
2501010043,172,1,1,13,53,2uuh2bir8ktof0uxfo06lb4ox,1,71.2,17.1,2023-01-27T19:13:14.055Z,2023-01-27T19:13:15Z,3997029671,141,7.6,3997029667,56,Right,3997029673,212,15.2,3997029669,140,84.3,3997029675,213,5.8,,,,,,,,,,idvh0ac1f8wv39640pyl4esp,S. Kersten,,,,,,,,,,,,,,,,,,,,,,,,,,,,,,,,
2501010087,173,1,1,13,55,2uuh2bir8ktof0uxfo06lb4ox,1,84.3,7.6,2023-01-27T19:13:15.783Z,2023-01-27T19:13:18Z,3997029899,213,3.1,3997029895,141,8.9,3997029893,140,67.1,3997029897,212,18.1,3997029891,56,Right,,,,,,,,,,8fqnvz74z901a2h0kgk1zezje,L. Görlich,,,,,,,,,,,,,,,,,,,,,,,,,,,,,,,,
2501010127,174,1,1,13,57,2uuh2bir8ktof0uxfo06lb4ox,1,67,9.2,2023-01-27T19:13:17.975Z,2023-01-27T19:13:21Z,3997030129,212,20.4,3997030125,140,54.1,3997030123,56,Center,3997030131,213,2.3,3997030127,141,31.6,,,,,,,,,,idvh0ac1f8wv39640pyl4esp,S. Kersten,,,,,,,,,,,,,,,,,,,,,,,,,,,,,,,,
2501010147,175,1,1,14,0,2uuh2bir8ktof0uxfo06lb4ox,1,50.6,35.7,2023-01-27T19:13:20.983Z,2023-01-27T19:13:22Z,3997030227,141,56.9,3997030225,140,51.6,3997030229,212,14.5,3997030231,213,1.5,3997030223,56,Center,,,,,,,,,,dmrznrol8qp7yk53r6ajhnkt0,T. Beelen,,,,,,,,,,,,,,,,,,,,,,,,,,,,,,,,
2501010165,176,1,1,14,2,2uuh2bir8ktof0uxfo06lb4ox,1,51.6,56.9,2023-01-27T19:13:22.519Z,2023-01-27T19:13:24Z,3997030329,140,43.1,3997030331,141,40.7,3997030333,212,14.2,3997030327,56,Back,3997030335,213,4.0,,,,,,,,,,dse1rndtog4qn2mwv966vp6mt,B. van Hintum,,,,,,,,,,,,,,,,,,,,,,,,,,,,,,,,
2501010201,177,1,1,14,3,2uuh2bir8ktof0uxfo06lb4ox,1,43.1,40.7,2023-01-27T19:13:24.119Z,2023-01-27T19:13:26Z,3997030505,141,69.0,3997030509,213,1.3,3997030503,140,47.3,3997030507,212,19.7,3997030501,56,Back,,,,,,,,,,dmrznrol8qp7yk53r6ajhnkt0,T. Beelen,,,,,,,,,,,,,,,,,,,,,,,,,,,,,,,,
2501010291,178,1,1,14,6,2uuh2bir8ktof0uxfo06lb4ox,1,53,76.4,2023-01-27T19:13:26.694Z,2023-01-27T19:13:33Z,3997030949,56,Left,3997030957,213,0.9,3997030951,140,63.4,3997030955,212,16.9,3997030953,141,95.4,,,,,,,,,,dse1rndtog4qn2mwv966vp6mt,B. van Hintum,,,,,,,,,,,,,,,,,,,,,,,,,,,,,,,,
2501010343,179,1,1,14,13,2uuh2bir8ktof0uxfo06lb4ox,1,63.6,77.6,2023-01-27T19:13:33.687Z,2023-01-27T19:13:39Z,3997031267,213,4.6,3997031261,140,60.7,3997031265,212,29.5,3997031263,141,34.5,3997031259,56,Center,,,,,,,,,,csecbdlw3sxstnebpiw91ezxm,S. Lagsir,,,,,,,,,,,,,,,,,,,,,,,,,,,,,,,,
2501010363,180,1,1,14,19,2uuh2bir8ktof0uxfo06lb4ox,1,60.3,36.3,2023-01-27T19:13:39.527Z,2023-01-27T19:13:40Z,3997031357,140,72.2,3997031361,212,12.5,3997031359,141,37.1,3997031355,56,Center,3997031363,213,0.0,,,,,,,,,,idvh0ac1f8wv39640pyl4esp,S. Kersten,,,,,,,,,,,,,,,,,,,,,,,,,,,,,,,,
2501010447,181,1,1,14,20,2uuh2bir8ktof0uxfo06lb4ox,1,72.2,37.1,2023-01-27T19:13:40.519Z,2023-01-27T19:13:46Z,3997031761,141,12.9,3997031757,56,Right,3997031765,213,4.7,3997031763,212,16.5,3997031759,140,72.0,,,,,,,,,,a339o11ut8s1o9odm6ybc4pka,T. van den Belt,,,,,,,,,,,,,,,,,,,,,,,,,,,,,,,,
2501010467,182,1,1,14,26,2uuh2bir8ktof0uxfo06lb4ox,0,97,18.5,2023-01-27T19:13:46.824Z,2023-01-27T19:13:48Z,3997031847,140,91.2,3997031853,213,1.8,3997031841,2,,3997031845,56,Center,3997031849,141,50.1,3997031851,212,22.3,3997031843,155,,,,,by85t8ssyumcjcks1jx3v96vo,Y. Taha,,,,,,,,,,,,,,,,,,,,,,,,,,,,,,,,
2501010509,96,12,1,14,29,dnzj0iv5qtaemm9kthh9pos8q,1,10.9,47,2023-01-27T19:13:49.577Z,2023-01-27T19:14:02Z,3997032015,213,1.7,3997032009,140,7.8,3997032007,56,Back,3997032013,212,26.7,3997032011,141,85.9,3997032035,15,,,,,,,,7cetznpb0tnu6kdz7bvm8gyxh,L. Piqué,,,,,,,,,,,,,,,,,,,,,,,,,,,,,,,,
2501010555,183,1,1,14,31,2uuh2bir8ktof0uxfo06lb4ox,1,91.3,15.5,2023-01-27T19:13:51.831Z,2023-01-27T19:13:55Z,3997032241,212,13.0,3997032239,141,16.1,3997032235,56,Right,3997032243,213,3.1,3997032237,140,78.9,,,,,,,,,,by85t8ssyumcjcks1jx3v96vo,Y. Taha,,,,,,,,,,,,,,,,,,,,,,,,,,,,,,,,
2501010563,184,1,1,14,35,2uuh2bir8ktof0uxfo06lb4ox,0,77.4,21,2023-01-27T19:13:55.783Z,2023-01-27T19:13:57Z,3997032283,140,81.7,3997032285,141,50.6,3997032289,213,1.4,3997032281,56,Center,3997032287,212,20.6,,,,,,,,,,a339o11ut8s1o9odm6ybc4pka,T. van den Belt,,,,,,,,,,,,,,,,,,,,,,,,,,,,,,,,
2501010621,97,12,1,14,38,dnzj0iv5qtaemm9kthh9pos8q,1,21.8,52.5,2023-01-27T19:13:58.809Z,2023-01-27T19:14:01Z,3997032567,141,88.6,3997032571,213,1.1,3997032565,140,34.6,3997032569,212,28.0,3997032563,56,Back,,,,,,,,,,8uw9w30592omb8acpnssgdlh,R. Dekker,,,,,,,,,,,,,,,,,,,,,,,,,,,,,,,,
2501010763,185,1,1,14,40,2uuh2bir8ktof0uxfo06lb4ox,1,58.7,10.6,2023-01-27T19:14:01.478Z,2023-01-27T19:14:11Z,3997033289,141,55.4,3997033285,56,Back,3997033295,1,,3997033291,212,40.3,3997033293,213,2.3,3997033287,140,33.6,,,,,,,idvh0ac1f8wv39640pyl4esp,S. Kersten,,,,,,,,,,,,,,,,,,,,,,,,,,,,,,,,
2501010781,186,1,1,14,50,2uuh2bir8ktof0uxfo06lb4ox,1,40.5,63.9,2023-01-27T19:14:11.479Z,2023-01-27T19:14:20Z,3997033375,56,Center,3997033851,189,,3997033379,141,50.0,3997033377,140,58.2,3997033383,213,5.8,3997033381,212,20.9,,,,,,,dmrznrol8qp7yk53r6ajhnkt0,T. Beelen,,,,,,,,,,,,,,,,,,,,,,,,,,,,,,,,
2501010821,187,1,1,14,52,2uuh2bir8ktof0uxfo06lb4ox,1,58.4,49.4,2023-01-27T19:14:13.158Z,2023-01-27T19:14:16Z,3997033555,56,Center,3997033565,212,14.8,3997033557,140,72.4,3997033561,141,52.2,3997033567,213,0.1,,,,,,,,,,1rd0zzpp3dn0y7qtxwc57g7h1,R. Thomas,,,,,,,,,,,,,,,,,,,,,,,,,,,,,,,,
2501010825,188,4,1,14,55,2uuh2bir8ktof0uxfo06lb4ox,1,74.7,52.6,2023-01-27T19:14:16.086Z,2023-01-27T19:14:19Z,3997033589,56,Center,3997033819,233,98,3997033595,286,,3997033591,152,,3997033593,265,,3997033587,13,,,,,,,,2esbyi3i7rtsdkxe6a917rsnp,L. Thy,,,,,,,,,,,,,,,,,,,,,,,,,,,,,,,,
2501010867,98,4,1,14,55,dnzj0iv5qtaemm9kthh9pos8q,0,25.3,47.4,2023-01-27T19:14:16.087Z,2023-01-27T19:14:19Z,3997033799,152,,3997033795,13,,3997033803,285,,3997033827,233,188,3997033797,56,Back,3997033801,265,,,,,,,,7cetznpb0tnu6kdz7bvm8gyxh,L. Piqué,,,,,,,,,,,,,,,,,,,,,,,,,,,,,,,,
2501011293,189,15,1,15,39,2uuh2bir8ktof0uxfo06lb4ox,1,68,52.1,2023-01-27T19:14:59.846Z,2023-01-27T19:15:36Z,3997035981,26,,3997038037,82,,3997038323,215,,3997038327,146,80.8,3997038317,76,,3997038033,20,,3997038325,458,,3997038333,231,50,a339o11ut8s1o9odm6ybc4pka,T. van den Belt,3997035983,18,3997038321,103,19,,,3997038329,147,3997038051,233,99,3997038331,230,3997038319,102,52.3,52.2,99.3,3997035985,56,Center,,,,,,,,,,
2501011349,99,10,1,15,39,dnzj0iv5qtaemm9kthh9pos8q,1,17.5,35.7,2023-01-27T19:14:59.946Z,2023-01-27T19:15:32Z,3997038057,233,189,3997036261,56,Back,3997036259,94,,,,,,,,,,,,,,,,,7cetznpb0tnu6kdz7bvm8gyxh,L. Piqué,,,,,,,,,,,,,,,,,,,,,,,,,,,,,,,,
2501011369,190,1,1,15,42,2uuh2bir8ktof0uxfo06lb4ox,1,66.3,65.5,2023-01-27T19:15:02.550Z,2023-01-27T19:15:05Z,3997036379,212,13.1,3997036375,140,60.8,3997036381,213,4.3,3997036373,56,Center,3997036377,141,48.2,,,,,,,,,,a339o11ut8s1o9odm6ybc4pka,T. van den Belt,,,,,,,,,,,,,,,,,,,,,,,,,,,,,,,,
2501011391,191,1,1,15,44,2uuh2bir8ktof0uxfo06lb4ox,1,60.7,47,2023-01-27T19:15:05.398Z,2023-01-27T19:15:07Z,3997036497,140,67.9,3997036495,56,Center,3997036499,141,59.3,3997036503,213,0.8,3997036501,212,11.3,,,,,,,,,,dse1rndtog4qn2mwv966vp6mt,B. van Hintum,,,,,,,,,,,,,,,,,,,,,,,,,,,,,,,,
2501011431,192,1,1,15,46,2uuh2bir8ktof0uxfo06lb4ox,1,67.9,59.3,2023-01-27T19:15:07.158Z,2023-01-27T19:15:10Z,3997036679,212,17.1,3997036677,141,83.0,3997036671,56,Left,3997036681,213,1.2,3997036673,140,73.3,,,,,,,,,,29s8wk0a2m66rebsfx1jfuuh,D. van den Berg,,,,,,,,,,,,,,,,,,,,,,,,,,,,,,,,
2501011491,193,1,1,15,49,2uuh2bir8ktof0uxfo06lb4ox,1,84.5,85.6,2023-01-27T19:15:10.022Z,2023-01-27T19:15:16Z,3997036985,213,4.5,3997036977,56,Center,3997036983,212,11.8,3997036979,140,82.1,3997036981,141,68.7,,,,,,,,,,a339o11ut8s1o9odm6ybc4pka,T. van den Belt,,,,,,,,,,,,,,,,,,,,,,,,,,,,,,,,
2501011533,194,1,1,15,56,2uuh2bir8ktof0uxfo06lb4ox,1,81.3,49.3,2023-01-27T19:15:16.549Z,2023-01-27T19:15:28Z,3997037219,212,14.2,3997037215,141,29.2,3997037211,140,77.5,3997037863,154,,3997037221,213,4.4,3997037207,56,Center,3997037861,210,13,,,,1rd0zzpp3dn0y7qtxwc57g7h1,R. Thomas,,,,,,1,,,,,,,,,,,,,,,,,,,,,,,,,,
2501011539,195,13,1,15,57,2uuh2bir8ktof0uxfo06lb4ox,1,77.5,29.2,2023-01-27T19:15:18.486Z,2023-01-27T19:15:28Z,3997037879,230,99.3,3997037259,56,Center,3997037869,154,,3997037871,55,194,3997037875,102,41.2,3997037257,18,,3997037867,29,,3997037255,22,,idvh0ac1f8wv39640pyl4esp,S. Kersten,3997037865,84,3997037881,231,49.3,,,3997037597,20,3997037877,103,33.3,,,,,,,,,,,,,,,,,,,,
2501011561,100,43,1,15,59,dnzj0iv5qtaemm9kthh9pos8q,1,0,0,2023-01-27T19:15:20.473Z,2023-01-27T19:15:23Z,3997037339,141,58.5,3997037335,56,Back,3997037333,168,0,3997037341,212,0,3997037551,144,1,3997037331,3,0,3997037343,213,3.1,3997037337,140,0.0,f1as17wqpj44gihtvw936lofd,B. van Hoeven,,,,,,,,,,,,,,,,,,,,,,,,,,,,,,,,
2501011569,101,5,1,16,0,dnzj0iv5qtaemm9kthh9pos8q,1,-0.6,59,2023-01-27T19:15:20.823Z,2023-01-27T19:47:09Z,3997037367,56,Back,3997037369,346,,3997037431,233,196,,,,,,,,,,,,,,,,f1as17wqpj44gihtvw936lofd,B. van Hoeven,,,,,,,,,,,,,,,,,,,,,,,,,,,,,,,,
2501011557,196,5,1,16,0,2uuh2bir8ktof0uxfo06lb4ox,0,100.6,41,2023-01-27T19:15:20.823Z,2023-01-27T19:15:21Z,3997037453,233,101,3997037319,346,,3997037315,56,Center,,,,,,,,,,,,,,,,idvh0ac1f8wv39640pyl4esp,S. Kersten,,,,,,,,,,,,,,,,,,,,,,,,,,,,,,,,
2501011913,102,1,1,16,22,dnzj0iv5qtaemm9kthh9pos8q,1,5.4,56.4,2023-01-27T19:15:43.144Z,2023-01-27T19:15:50Z,3997039187,140,63.5,3997039193,213,0.1,3997039183,124,,3997039191,212,61.6,3997039195,1,,3997039199,74,,3997039185,56,Center,3997039189,141,69.0,alzgg0nxnnex3nkzr6lgmt1ey,T. Jansen,,,,,,,,,,,,,,,,,,,,,,,,,,,,,,,,
2501011929,103,1,1,16,28,dnzj0iv5qtaemm9kthh9pos8q,0,63.5,67.2,2023-01-27T19:15:49.152Z,2023-01-27T19:50:48Z,3997039273,168,,3997039281,212,19.4,3997039271,3,,3997039283,213,6.2,3997039277,140,81.9,3997039275,56,Center,3997039279,141,64.5,,,,b950jt347chmq9whlkgl6fxpm,K. Leidsman,,,,,,,,,,,,,,,,,,,,,,,,,,,,,,,,
2501011927,197,1,1,16,28,2uuh2bir8ktof0uxfo06lb4ox,0,31,28.2,2023-01-27T19:15:49.414Z,2023-01-27T19:15:51Z,3997039263,141,22.7,3997039259,56,Center,3997039269,1,,3997039265,212,40.7,3997039261,140,69.6,3997039257,157,,3997039267,213,6.2,,,,idvh0ac1f8wv39640pyl4esp,S. Kersten,,,,,,,,,,,,,,,,,,,,,,,,,,,,,,,,
2501011975,104,1,1,16,34,dnzj0iv5qtaemm9kthh9pos8q,1,26,75.1,2023-01-27T19:15:54.616Z,2023-01-27T19:15:55Z,3997039537,56,Back,3997039549,213,3.7,3997039545,141,62.6,3997039541,140,13.6,3997039547,212,15.5,,,,,,,,,,1jn9jog8ou8uxnmypneksizxm,R. van Eijma,,,,,,,,,,,,,,,,,,,,,,,,,,,,,,,,
2501012035,105,1,1,16,35,dnzj0iv5qtaemm9kthh9pos8q,1,13.6,62.6,2023-01-27T19:15:55.529Z,2023-01-27T19:15:58Z,3997039831,141,67.6,3997039829,140,43.1,3997039837,1,,3997039825,157,,3997039833,212,31.2,3997039827,56,Back,3997039835,213,0.1,,,,alzgg0nxnnex3nkzr6lgmt1ey,T. Jansen,,,,,,,,,,,,,,,,,,,,,,,,,,,,,,,,
2501012061,106,1,1,16,37,dnzj0iv5qtaemm9kthh9pos8q,0,43.1,67.6,2023-01-27T19:15:58.455Z,2023-01-27T19:16:00Z,3997039953,3,,3997039965,213,5.9,3997039957,56,Center,3997039963,212,27.5,3997039955,168,,3997039959,140,67.6,3997039961,141,53.3,,,,dh3ksith5iat573zuhdhv91w5,R. Stuy van den Herik,,,,,,,,,,,,,,,,,,,,,,,,,,,,,,,,
2501012077,198,1,1,16,39,2uuh2bir8ktof0uxfo06lb4ox,1,35.8,37.9,2023-01-27T19:16:00.198Z,2023-01-27T19:16:01Z,3997040045,212,14.5,3997040037,3,,3997040043,141,57.8,3997040047,213,1.9,3997040039,56,Back,3997040041,140,30.9,,,,,,,dmrznrol8qp7yk53r6ajhnkt0,T. Beelen,,,,,,,,,,,,,,,,,,,,,,,,,,,,,,,,
2501012081,199,49,1,16,41,2uuh2bir8ktof0uxfo06lb4ox,1,29.9,59.3,2023-01-27T19:16:01.557Z,2023-01-27T19:16:01Z,,,,,,,,,,,,,,,,,,,,,,,,,dse1rndtog4qn2mwv966vp6mt,B. van Hintum,,,,,,,,,,,,,,,,,,,,,,,,,,,,,,,,
2501012103,200,1,1,16,41,2uuh2bir8ktof0uxfo06lb4ox,0,27.8,61.7,2023-01-27T19:16:02.453Z,2023-01-27T19:16:04Z,3997040147,212,22.7,3997040153,213,0.4,3997040141,56,Back,3997040145,141,73.2,3997040143,140,48.1,,,,,,,,,,dse1rndtog4qn2mwv966vp6mt,B. van Hintum,,,,,,,,,,,,,,,,,,,,,,,,,,,,,,,,
2501012115,107,49,1,16,44,dnzj0iv5qtaemm9kthh9pos8q,1,53.9,25,2023-01-27T19:16:04.633Z,2023-01-27T19:16:04Z,,,,,,,,,,,,,,,,,,,,,,,,,dcdvet7azx1a59xm2ke7qi2cq,I. Pata,,,,,,,,,,,,,,,,,,,,,,,,,,,,,,,,
2501012201,108,1,1,16,45,dnzj0iv5qtaemm9kthh9pos8q,1,56.9,22.1,2023-01-27T19:16:05.592Z,2023-01-27T19:16:12Z,3997040667,140,71.5,3997040669,141,8.2,3997040665,56,Right,3997040673,213,5.7,3997040671,212,18.0,,,,,,,,,,dcdvet7azx1a59xm2ke7qi2cq,I. Pata,,,,,,,,,,,,,,,,,,,,,,,,,,,,,,,,
2501012207,109,1,1,16,51,dnzj0iv5qtaemm9kthh9pos8q,0,89.5,8.2,2023-01-27T19:16:12.137Z,2023-01-27T19:16:13Z,3997040713,56,Center,3997040719,212,23.5,3997040715,140,91.3,3997040711,155,,3997040717,141,42.7,3997040709,2,,3997040721,213,1.5,,,,f1as17wqpj44gihtvw936lofd,B. van Hoeven,,,,,,,,,,,,,,,,,,,,,,,,,,,,,,,,
2501012221,201,1,1,16,52,2uuh2bir8ktof0uxfo06lb4ox,1,10.5,59,2023-01-27T19:16:12.949Z,2023-01-27T19:16:14Z,3997040809,212,10.2,3997040805,141,73.0,3997040799,56,Back,3997040795,3,,3997040803,140,7.1,3997040813,213,1.9,,,,,,,dmrznrol8qp7yk53r6ajhnkt0,T. Beelen,,,,,,,,,,,,,,,,,,,,,,,,,,,,,,,,
2501012227,202,49,1,16,54,2uuh2bir8ktof0uxfo06lb4ox,1,7.1,73,2023-01-27T19:16:14.710Z,2023-01-27T19:16:15Z,,,,,,,,,,,,,,,,,,,,,,,,,dse1rndtog4qn2mwv966vp6mt,B. van Hintum,,,,,,,,,,,,,,,,,,,,,,,,,,,,,,,,
2501012269,203,1,1,16,54,2uuh2bir8ktof0uxfo06lb4ox,0,8.7,70.9,2023-01-27T19:16:15.446Z,2023-01-27T19:16:19Z,3997041017,56,Center,3997041021,141,62.3,3997041027,1,,3997041019,140,57.4,3997041015,155,,3997041023,212,51.5,3997041025,213,6.2,,,,dse1rndtog4qn2mwv966vp6mt,B. van Hintum,,,,,,,,,,,,,,,,,,,,,,,,,,,,,,,,
2501012267,110,49,1,16,58,dnzj0iv5qtaemm9kthh9pos8q,1,45.4,36.3,2023-01-27T19:16:18.856Z,2023-01-27T19:16:18Z,,,,,,,,,,,,,,,,,,,,,,,,,1jn9jog8ou8uxnmypneksizxm,R. van Eijma,,,,,,,,,,,,,,,,,,,,,,,,,,,,,,,,
2501012315,111,1,1,16,59,dnzj0iv5qtaemm9kthh9pos8q,1,44.8,34,2023-01-27T19:16:19.784Z,2023-01-27T19:16:22Z,3997041207,140,53.0,3997041213,213,5.3,3997041209,141,16.4,3997041205,56,Right,3997041211,212,14.7,,,,,,,,,,1jn9jog8ou8uxnmypneksizxm,R. van Eijma,,,,,,,,,,,,,,,,,,,,,,,,,,,,,,,,
2501012357,112,1,1,17,1,dnzj0iv5qtaemm9kthh9pos8q,1,54.1,16.8,2023-01-27T19:16:22.120Z,2023-01-27T19:16:25Z,3997041483,140,61.2,3997041487,212,11.5,3997041481,56,Right,3997041485,141,4.0,3997041489,213,5.4,,,,,,,,,,7cetznpb0tnu6kdz7bvm8gyxh,L. Piqué,,,,,,,,,,,,,,,,,,,,,,,,,,,,,,,,
2501012375,113,1,1,17,5,dnzj0iv5qtaemm9kthh9pos8q,0,61.2,3.2,2023-01-27T19:16:25.847Z,2023-01-27T19:16:27Z,3997041609,286,,3997041605,233,204,3997041579,212,3.4,3997041575,140,64.4,3997041571,56,Right,3997041577,141,4.0,3997041603,236,,3997041581,213,0.2,dcdvet7azx1a59xm2ke7qi2cq,I. Pata,,,,,,,,,,,,,,,,,,,,,,,,,,,,,,,,
2501012369,204,74,1,17,5,2uuh2bir8ktof0uxfo06lb4ox,1,33.2,94.2,2023-01-27T19:16:25.848Z,2023-01-27T19:16:27Z,3997041553,56,Back,3997041617,233,113,3997041555,285,,,,,,,,,,,,,,,,,csecbdlw3sxstnebpiw91ezxm,S. Lagsir,,,,,,,,,,,,,,,,,,,,,,,,,,,,,,,,
2501012441,114,5,1,17,7,dnzj0iv5qtaemm9kthh9pos8q,1,64,-1.5,2023-01-27T19:16:27.591Z,2023-01-27T19:16:31Z,3997041955,347,,3997041975,233,205,3997041953,56,Right,,,,,,,,,,,,,,,,dcdvet7azx1a59xm2ke7qi2cq,I. Pata,,,,,,,,,,,,,,,,,,,,,,,,,,,,,,,,
2501012385,205,5,1,17,7,2uuh2bir8ktof0uxfo06lb4ox,0,36,101.5,2023-01-27T19:16:27.591Z,2023-01-27T19:47:09Z,3997042001,233,114,3997041651,56,Back,3997041653,347,,,,,,,,,,,,,,,,,csecbdlw3sxstnebpiw91ezxm,S. Lagsir,,,,,,,,,,,,,,,,,,,,,,,,,,,,,,,,
2501012509,115,1,1,17,11,dnzj0iv5qtaemm9kthh9pos8q,1,67.7,0,2023-01-27T19:16:31.592Z,2023-01-27T19:16:35Z,3997042323,56,Center,3997042321,107,,3997042327,141,31.2,3997042331,213,1.0,3997042329,212,26.1,3997042325,140,80.1,3997042333,1,,,,,dcdvet7azx1a59xm2ke7qi2cq,I. Pata,,,,,,,,,,,,,,,,,,,,,,,,,,,,,,,,
2501012535,116,1,1,17,14,dnzj0iv5qtaemm9kthh9pos8q,1,77.8,31.8,2023-01-27T19:16:35.463Z,2023-01-27T19:16:36Z,3997042463,140,78.2,3997042469,213,4.8,3997042465,141,20.9,3997042461,56,Right,3997042467,212,7.4,,,,,,,,,,b950jt347chmq9whlkgl6fxpm,K. Leidsman,,,,,,,,,,,,,,,,,,,,,,,,,,,,,,,,
2501012631,117,1,1,17,16,dnzj0iv5qtaemm9kthh9pos8q,1,78.4,22.2,2023-01-27T19:16:36.839Z,2023-01-27T19:16:43Z,3997042921,140,88.6,3997042927,213,5.7,3997042923,141,12.6,3997042919,56,Right,3997042925,212,12.5,,,,,,,,,,bquqyyfz4lj0xrerbhbtj1jze,Ö. Gündüz,,,,,,,,,,,,,,,,,,,,,,,,,,,,,,,,
2501013205,121,3,1,17,19,dnzj0iv5qtaemm9kthh9pos8q,1,93.8,16.1,2023-01-27T19:16:40.453Z,2023-01-27T19:17:49Z,3997045721,286,,3997046627,233,206,3997045719,56,Right,,,,,,,,,,,,,,,,f1as17wqpj44gihtvw936lofd,B. van Hoeven,,,,,,,,,,,,,,,,,,,,,,,,,,,,,,,,
2501012589,206,45,1,17,19,2uuh2bir8ktof0uxfo06lb4ox,0,6.2,83.9,2023-01-27T19:16:40.453Z,2023-01-27T19:17:49Z,3997042727,285,,3997042721,56,Back,3997046643,233,121,,,,,,,,,,,,,,,,dse1rndtog4qn2mwv966vp6mt,B. van Hintum,,,,,,,,,,,,,,,,,,,,,,,,,,,,,,,,
2501012655,118,1,1,17,22,dnzj0iv5qtaemm9kthh9pos8q,1,97.8,34.3,2023-01-27T19:16:43.480Z,2023-01-27T19:17:17Z,3997043061,212,7.5,3997044961,154,,3997043055,56,Center,3997044959,210,15,3997043063,213,2.3,3997043059,141,42.8,3997043057,140,93.3,,,,f1as17wqpj44gihtvw936lofd,B. van Hoeven,,,,,,1,,,,,,,,,,,,,,,,,,,,,,,,,,
2501012659,119,15,1,17,24,dnzj0iv5qtaemm9kthh9pos8q,1,93.1,43.6,2023-01-27T19:16:44.680Z,2023-01-27T19:17:18Z,3997044307,20,,3997043087,17,,3997044969,55,118,3997043083,22,,3997044983,147,46.9,3997044979,328,,3997044973,102,48.4,3997044323,233,207,dh3ksith5iat573zuhdhv91w5,R. Stuy van den Herik,3997044981,146,3997044965,29,,,98.0,3997044977,214,3997044963,79,,3997044975,103,3997043089,56,Center,,23.4,3997044967,154,,,,,,,,,,,
2501012647,207,10,1,17,24,2uuh2bir8ktof0uxfo06lb4ox,1,2.6,52.2,2023-01-27T19:16:44.780Z,2023-01-27T19:35:49Z,3997043019,182,,3997043769,179,,3997044331,233,119,3997043021,56,Back,3997043767,174,,,,,,,,,,,cetavjue5femoxid9fmcd0zjd,J. Schendelaar,,,,,,,,,,,,,,,,,,,,,,,,,,,,,,,,
2501012731,208,12,1,17,25,2uuh2bir8ktof0uxfo06lb4ox,1,3.4,46.4,2023-01-27T19:16:46.405Z,2023-01-27T19:16:51Z,3997043449,141,23.6,3997043445,56,Back,3997043451,212,25.0,3997043447,140,22.1,3997043453,213,5.6,,,,,,,,,,idvh0ac1f8wv39640pyl4esp,S. Kersten,,,,,,,,,,,,,,,,,,,,,,,,,,,,,,,,
2501012735,209,49,1,17,30,2uuh2bir8ktof0uxfo06lb4ox,1,22.1,23.6,2023-01-27T19:16:51.045Z,2023-01-27T19:16:51Z,,,,,,,,,,,,,,,,,,,,,,,,,by85t8ssyumcjcks1jx3v96vo,Y. Taha,,,,,,,,,,,,,,,,,,,,,,,,,,,,,,,,
2501012745,210,4,1,17,31,2uuh2bir8ktof0uxfo06lb4ox,1,24.6,19.7,2023-01-27T19:16:51.925Z,2023-01-27T19:45:54Z,3997043489,265,,3997043485,56,Back,3997137849,233,120,3997043491,285,,3997043483,13,,3997043487,152,,,,,,,,by85t8ssyumcjcks1jx3v96vo,Y. Taha,,,,,,,,,,,,,,,,,,,,,,,,,,,,,,,,
2501012887,120,4,1,17,31,dnzj0iv5qtaemm9kthh9pos8q,0,75.4,80.3,2023-01-27T19:16:51.926Z,2023-01-27T19:45:55Z,3997044171,56,Left,3997044177,286,,3997044173,152,,3997137875,233,210,3997044169,13,,3997044175,265,,,,,,,,8uw9w30592omb8acpnssgdlh,R. Dekker,,,,,,,,,,,,,,,,,,,,,,,,,,,,,,,,
2501012981,211,1,1,17,50,2uuh2bir8ktof0uxfo06lb4ox,1,27.4,28.2,2023-01-27T19:17:10.965Z,2023-01-27T19:17:26Z,3997044579,141,44.8,3997044575,56,Back,3997044581,212,14.8,3997044569,5,,3997045539,189,,3997044577,140,36.5,3997044583,213,0.9,3997044571,152,,by85t8ssyumcjcks1jx3v96vo,Y. Taha,,,,,,,,,,,,,,,,,,,,,,,,,,,,,,,,
2501013027,212,1,1,17,51,2uuh2bir8ktof0uxfo06lb4ox,1,37.5,46.3,2023-01-27T19:17:12.085Z,2023-01-27T19:17:15Z,3997044813,56,Back,3997044817,141,65.5,3997044821,213,0.9,3997044819,212,17.1,3997044815,140,48.0,,,,,,,,,,dmrznrol8qp7yk53r6ajhnkt0,T. Beelen,,,,,,,,,,,,,,,,,,,,,,,,,,,,,,,,
2501013081,213,1,1,17,54,2uuh2bir8ktof0uxfo06lb4ox,1,48.5,61.7,2023-01-27T19:17:14.997Z,2023-01-27T19:17:20Z,3997045101,141,76.4,3997045097,56,Back,3997045103,212,10.9,3997045099,140,44.3,3997045105,213,2.0,,,,,,,,,,1rd0zzpp3dn0y7qtxwc57g7h1,R. Thomas,,,,,,,,,,,,,,,,,,,,,,,,,,,,,,,,
2501013117,214,1,1,17,59,2uuh2bir8ktof0uxfo06lb4ox,1,51.9,78.2,2023-01-27T19:17:20.180Z,2023-01-27T19:17:23Z,3997045305,212,18.1,3997045307,213,0.6,3997045301,141,93.9,3997045297,140,65.8,3997045291,56,Left,,,,,,,,,,dse1rndtog4qn2mwv966vp6mt,B. van Hintum,,,,,,,,,,,,,,,,,,,,,,,,,,,,,,,,
2501013125,215,1,1,18,2,2uuh2bir8ktof0uxfo06lb4ox,0,69.6,94.5,2023-01-27T19:17:23.429Z,2023-01-27T19:17:24Z,3997045343,140,74.3,3997045345,141,84.1,3997045349,213,5.3,3997045341,56,Left,3997045347,212,8.6,,,,,,,,,,csecbdlw3sxstnebpiw91ezxm,S. Lagsir,,,,,,,,,,,,,,,,,,,,,,,,,,,,,,,,
2501013209,122,49,1,18,4,dnzj0iv5qtaemm9kthh9pos8q,1,24.6,9.2,2023-01-27T19:17:25.440Z,2023-01-27T19:17:36Z,,,,,,,,,,,,,,,,,,,,,,,,,f1as17wqpj44gihtvw936lofd,B. van Hoeven,,,,,,,,,,,,,,,,,,,,,,,,,,,,,,,,
2501013227,123,1,1,18,5,dnzj0iv5qtaemm9kthh9pos8q,0,51.9,9.8,2023-01-27T19:17:26.407Z,2023-01-27T19:17:39Z,3997045847,212,7.2,3997045833,56,Right,3997045841,140,58.6,3997045845,141,7.9,3997045849,213,6.1,,,,,,,,,,f1as17wqpj44gihtvw936lofd,B. van Hoeven,,,,,,,,,,,,,,,,,,,,,,,,,,,,,,,,
2501013831,131,3,1,18,9,dnzj0iv5qtaemm9kthh9pos8q,0,55.2,13.2,2023-01-27T19:17:29.744Z,2023-01-27T19:18:33Z,3997048895,56,Right,3997049265,233,226,3997048897,286,,,,,,,,,,,,,,,,,f1as17wqpj44gihtvw936lofd,B. van Hoeven,,,,,,,,,,,,,,,,,,,,,,,,,,,,,,,,
2501013729,226,7,1,18,9,2uuh2bir8ktof0uxfo06lb4ox,1,44.8,86.8,2023-01-27T19:17:29.745Z,2023-01-27T19:18:32Z,3997048521,285,,3997049251,233,131,3997048519,56,Back,,,,,,,,,,,,,,,,dse1rndtog4qn2mwv966vp6mt,B. van Hintum,,,,,,,,,,,,,,,,,,,,,,,,,,,,,,,,
2501013243,216,8,1,18,14,2uuh2bir8ktof0uxfo06lb4ox,1,34,74.5,2023-01-27T19:17:35.060Z,2023-01-27T19:17:35Z,3997045935,56,Back,,,,,,,,,,,,,,,,,,,,,,a339o11ut8s1o9odm6ybc4pka,T. van den Belt,,,,,,,,,,,,,,,,,,,,,,,,,,,,,,,,
2501013257,217,49,1,18,16,2uuh2bir8ktof0uxfo06lb4ox,1,33.3,84.8,2023-01-27T19:17:37.365Z,2023-01-27T19:17:37Z,,,,,,,,,,,,,,,,,,,,,,,,,1rd0zzpp3dn0y7qtxwc57g7h1,R. Thomas,,,,,,,,,,,,,,,,,,,,,,,,,,,,,,,,
2501013271,218,1,1,18,17,2uuh2bir8ktof0uxfo06lb4ox,1,33.3,84.8,2023-01-27T19:17:37.556Z,2023-01-27T19:17:39Z,3997046079,140,37.5,3997046077,56,Back,3997046083,212,21.7,3997046081,141,53.6,3997046087,213,4.9,,,,,,,,,,1rd0zzpp3dn0y7qtxwc57g7h1,R. Thomas,,,,,,,,,,,,,,,,,,,,,,,,,,,,,,,,
2501013293,219,1,1,18,18,2uuh2bir8ktof0uxfo06lb4ox,1,37.3,52.5,2023-01-27T19:17:39.396Z,2023-01-27T19:17:42Z,3997046269,213,4.9,3997046265,141,29.2,3997046263,140,40.4,3997046259,56,Back,3997046267,212,16.2,,,,,,,,,,dmrznrol8qp7yk53r6ajhnkt0,T. Beelen,,,,,,,,,,,,,,,,,,,,,,,,,,,,,,,,
2501013325,220,1,1,18,21,2uuh2bir8ktof0uxfo06lb4ox,1,40.9,29.2,2023-01-27T19:17:42.372Z,2023-01-27T19:17:45Z,3997046447,212,17.6,3997046441,56,Right,3997046449,213,5.6,3997046445,141,12.6,3997046443,140,53.7,,,,,,,,,,idvh0ac1f8wv39640pyl4esp,S. Kersten,,,,,,,,,,,,,,,,,,,,,,,,,,,,,,,,
2501013339,221,1,1,18,24,2uuh2bir8ktof0uxfo06lb4ox,1,53.7,12.6,2023-01-27T19:17:45.269Z,2023-01-27T19:17:46Z,3997046521,141,22.8,3997046517,56,Back,3997046525,213,2.5,3997046523,212,11.0,3997046519,140,45.6,,,,,,,,,,by85t8ssyumcjcks1jx3v96vo,Y. Taha,,,,,,,,,,,,,,,,,,,,,,,,,,,,,,,,
2501013387,222,1,1,18,26,2uuh2bir8ktof0uxfo06lb4ox,1,45.6,22.8,2023-01-27T19:17:46.821Z,2023-01-27T19:17:51Z,3997046799,213,1.4,3997046795,212,21.5,3997046783,56,Back,3997046791,141,54.0,3997046787,140,48.7,,,,,,,,,,idvh0ac1f8wv39640pyl4esp,S. Kersten,,,,,,,,,,,,,,,,,,,,,,,,,,,,,,,,
2501013399,223,1,1,18,30,2uuh2bir8ktof0uxfo06lb4ox,0,48.7,54,2023-01-27T19:17:51.380Z,2023-01-27T19:17:52Z,3997046839,140,68.3,3997046841,141,60.3,3997046837,56,Center,3997046843,212,21.0,3997046845,213,0.2,,,,,,,,,,dmrznrol8qp7yk53r6ajhnkt0,T. Beelen,,,,,,,,,,,,,,,,,,,,,,,,,,,,,,,,
2501013449,124,8,1,18,36,dnzj0iv5qtaemm9kthh9pos8q,1,32.7,39.2,2023-01-27T19:17:57.127Z,2023-01-27T19:17:57Z,3997047073,56,Back,,,,,,,,,,,,,,,,,,,,,,8uw9w30592omb8acpnssgdlh,R. Dekker,,,,,,,,,,,,,,,,,,,,,,,,,,,,,,,,
2501013473,125,1,1,18,37,dnzj0iv5qtaemm9kthh9pos8q,1,32.7,39.2,2023-01-27T19:17:57.687Z,2023-01-27T19:17:59Z,3997047221,141,51.2,3997047217,56,Back,3997047223,212,9.0,3997047219,140,36.4,3997047225,213,1.1,,,,,,,,,,8uw9w30592omb8acpnssgdlh,R. Dekker,,,,,,,,,,,,,,,,,,,,,,,,,,,,,,,,
2501013475,126,49,1,18,38,dnzj0iv5qtaemm9kthh9pos8q,1,36.4,51.2,2023-01-27T19:17:58.968Z,2023-01-27T19:17:59Z,,,,,,,,,,,,,,,,,,,,,,,,,bquqyyfz4lj0xrerbhbtj1jze,Ö. Gündüz,,,,,,,,,,,,,,,,,,,,,,,,,,,,,,,,
2501013491,127,1,1,18,38,dnzj0iv5qtaemm9kthh9pos8q,1,36.4,51.2,2023-01-27T19:17:59.239Z,2023-01-27T19:18:00Z,3997047277,56,Back,3997047283,212,11.5,3997047285,213,4.5,3997047279,140,34.4,3997047281,141,34.6,,,,,,,,,,bquqyyfz4lj0xrerbhbtj1jze,Ö. Gündüz,,,,,,,,,,,,,,,,,,,,,,,,,,,,,,,,
2501013501,128,1,1,18,39,dnzj0iv5qtaemm9kthh9pos8q,1,34.8,40.9,2023-01-27T19:18:00.247Z,2023-01-27T19:18:01Z,3997047333,141,12.0,3997047335,212,20.2,3997047331,140,30.3,3997047329,56,Back,3997047337,213,4.5,,,,,,,,,,8uw9w30592omb8acpnssgdlh,R. Dekker,,,,,,,,,,,,,,,,,,,,,,,,,,,,,,,,
2501013529,129,1,1,18,40,dnzj0iv5qtaemm9kthh9pos8q,0,30.3,12,2023-01-27T19:18:01.031Z,2023-01-27T19:18:03Z,3997047489,212,26.7,3997047483,140,52.6,3997047491,213,0.5,3997047487,141,30.9,3997047481,56,Center,,,,,,,,,,dcdvet7azx1a59xm2ke7qi2cq,I. Pata,,,,,,,,,,,,,,,,,,,,,,,,,,,,,,,,
2501013507,224,8,1,18,41,2uuh2bir8ktof0uxfo06lb4ox,1,43.8,81.1,2023-01-27T19:18:01.541Z,2023-01-27T19:18:01Z,3997047365,56,Back,,,,,,,,,,,,,,,,,,,,,,dmrznrol8qp7yk53r6ajhnkt0,T. Beelen,,,,,,,,,,,,,,,,,,,,,,,,,,,,,,,,
2501013541,225,4,1,18,44,2uuh2bir8ktof0uxfo06lb4ox,1,52,77.8,2023-01-27T19:18:04.548Z,2023-01-27T19:18:06Z,3997047561,13,,3997047567,265,,3997047729,233,130,3997047563,56,Center,3997047569,286,,3997047565,152,,,,,,,,1rd0zzpp3dn0y7qtxwc57g7h1,R. Thomas,,,,,,,,,,,,,,,,,,,,,,,,,,,,,,,,
2501013557,130,4,1,18,44,dnzj0iv5qtaemm9kthh9pos8q,0,48,22.2,2023-01-27T19:18:04.549Z,2023-01-27T19:18:06Z,3997047665,56,Back,3997047669,265,,3997047671,285,,3997047737,233,225,3997047663,13,,3997047667,152,,,,,,,,b950jt347chmq9whlkgl6fxpm,K. Leidsman,,,,,,,,,,,,,,,,,,,,,,,,,,,,,,,,
2501013839,227,1,1,19,3,2uuh2bir8ktof0uxfo06lb4ox,1,52.5,78.7,2023-01-27T19:18:23.572Z,2023-01-27T19:18:28Z,3997048937,212,30.6,3997048929,152,,3997048931,56,Center,3997048933,140,53.7,3997048927,5,,3997048939,213,4.8,3997048935,141,33.7,,,,dse1rndtog4qn2mwv966vp6mt,B. van Hintum,,,,,,,,,,,,,,,,,,,,,,,,,,,,,,,,
2501014001,228,1,1,19,7,2uuh2bir8ktof0uxfo06lb4ox,1,56.2,30.3,2023-01-27T19:18:28.404Z,2023-01-27T19:18:38Z,3997049713,140,72.0,3997049715,141,23.3,3997049719,213,6.0,3997049711,56,Center,3997049717,212,17.3,,,,,,,,,,idvh0ac1f8wv39640pyl4esp,S. Kersten,,,,,,,,,,,,,,,,,,,,,,,,,,,,,,,,
2501014019,229,1,1,19,18,2uuh2bir8ktof0uxfo06lb4ox,1,78.4,31.3,2023-01-27T19:18:38.772Z,2023-01-27T19:18:40Z,3997049795,213,2.4,3997049789,140,70.8,3997049793,212,10.7,3997049787,56,Center,3997049791,141,41.8,,,,,,,,,,by85t8ssyumcjcks1jx3v96vo,Y. Taha,,,,,,,,,,,,,,,,,,,,,,,,,,,,,,,,
2501014065,230,1,1,19,20,2uuh2bir8ktof0uxfo06lb4ox,1,70.9,37.4,2023-01-27T19:18:40.548Z,2023-01-27T19:18:43Z,3997049979,213,5.5,3997049975,141,16.2,3997049969,56,Right,3997049973,140,85.3,3997049977,212,20.9,,,,,,,,,,1rd0zzpp3dn0y7qtxwc57g7h1,R. Thomas,,,,,,,,,,,,,,,,,,,,,,,,,,,,,,,,
2501014093,231,1,1,19,22,2uuh2bir8ktof0uxfo06lb4ox,1,79.9,22.8,2023-01-27T19:18:43.380Z,2023-01-27T19:18:46Z,3997050129,141,11.0,3997050125,56,Right,3997050131,212,10.3,3997050127,140,73.7,3997050133,213,4.0,,,,,,,,,,8fqnvz74z901a2h0kgk1zezje,L. Görlich,,,,,,,,,,,,,,,,,,,,,,,,,,,,,,,,
2501014105,232,1,1,19,26,2uuh2bir8ktof0uxfo06lb4ox,1,73.7,11,2023-01-27T19:18:46.564Z,2023-01-27T19:18:48Z,3997050193,56,Center,3997050201,213,1.5,3997050199,212,12.4,3997050195,140,74.0,3997050197,141,29.2,,,,,,,,,,idvh0ac1f8wv39640pyl4esp,S. Kersten,,,,,,,,,,,,,,,,,,,,,,,,,,,,,,,,
2501014111,233,1,1,19,27,2uuh2bir8ktof0uxfo06lb4ox,0,74,29.2,2023-01-27T19:18:48.148Z,2023-01-27T19:18:48Z,3997050237,141,27.6,3997050235,140,80.1,3997050241,213,6.1,3997050239,212,6.5,3997050233,56,Center,,,,,,,,,,29s8wk0a2m66rebsfx1jfuuh,D. van den Berg,,,,,,,,,,,,,,,,,,,,,,,,,,,,,,,,
2501014155,132,61,1,19,28,dnzj0iv5qtaemm9kthh9pos8q,1,17.9,64,2023-01-27T19:18:49.172Z,2023-01-27T19:51:46Z,3997050491,56,Back,,,,,,,,,,,,,,,,,,,,,,dh3ksith5iat573zuhdhv91w5,R. Stuy van den Herik,,,,,,,,,,,,,,,,,,,,,,,,,,,,,,,,
2501014135,234,1,1,19,29,2uuh2bir8ktof0uxfo06lb4ox,0,72.2,33.2,2023-01-27T19:18:50.268Z,2023-01-27T19:52:06Z,3997053271,141,33.2,3997053273,212,1.5,3997053275,213,0,3997053269,140,73.6,3997050363,56,Center,,,,,,,,,,1rd0zzpp3dn0y7qtxwc57g7h1,R. Thomas,,,,,,,,,,,,,,,,,,,,,,,,,,,,,,,,
2501034441,319,61,1,19,30,dnzj0iv5qtaemm9kthh9pos8q,1,28.8,72.4,2023-01-27T19:18:50.506Z,2023-01-27T19:52:15Z,3997153549,56,Back,,,,,,,,,,,,,,,,,,,,,,bquqyyfz4lj0xrerbhbtj1jze,Ö. Gündüz,,,,,,,,,,,,,,,,,,,,,,,,,,,,,,,,
2501014185,235,1,1,19,31,2uuh2bir8ktof0uxfo06lb4ox,1,74.8,34.9,2023-01-27T19:18:52.500Z,2023-01-27T19:19:16Z,3997050633,212,8.9,3997050629,141,47.2,3997050621,56,Center,3997051941,210,15,3997050635,213,1.9,3997050623,140,72.0,,,,,,,1rd0zzpp3dn0y7qtxwc57g7h1,R. Thomas,,,,,,1,,,,,,,,,,,,,,,,,,,,,,,,,,
2501014193,236,15,1,19,34,2uuh2bir8ktof0uxfo06lb4ox,1,73.2,52.9,2023-01-27T19:18:55.060Z,2023-01-27T19:19:17Z,3997050837,72,,3997051977,55,235,3997051973,80,,3997052017,233,134,3997051981,102,47.0,3997051989,147,50,3997050691,18,,3997051975,29,,by85t8ssyumcjcks1jx3v96vo,Y. Taha,3997050689,22,3997051983,103,2.5,,,3997051987,146,3997051985,215,,3997050693,56,,,,98.9,Center,,,,,,,,,,,,,
2501014283,134,10,1,19,34,dnzj0iv5qtaemm9kthh9pos8q,1,1.1,53.1,2023-01-27T19:18:55.160Z,2023-01-27T19:19:04Z,3997051085,182,,3997051189,233,236,3997051083,179,,3997051081,177,,3997051087,56,Back,,,,,,,,,,alzgg0nxnnex3nkzr6lgmt1ey,T. Jansen,,,,,,,,,,,,,,,,,,,,,,,,,,,,,,,,
2501014279,133,52,1,19,38,dnzj0iv5qtaemm9kthh9pos8q,1,1.1,53.1,2023-01-27T19:18:59.137Z,2023-01-27T19:19:03Z,,,,,,,,,,,,,,,,,,,,,,,,,alzgg0nxnnex3nkzr6lgmt1ey,T. Jansen,,,,,,,,,,,,,,,,,,,,,,,,,,,,,,,,
2501014589,135,1,1,20,1,dnzj0iv5qtaemm9kthh9pos8q,1,5.3,55.4,2023-01-27T19:19:22.200Z,2023-01-27T19:19:25Z,3997052567,199,,3997052599,189,,3997052575,212,73.0,3997052579,1,,3997052571,140,71.0,3997052577,213,0.3,3997052573,141,90.3,3997052569,56,Left,alzgg0nxnnex3nkzr6lgmt1ey,T. Jansen,,,,,,,,,,,,,,,,,,,,,,,,,,,,,,,,
2501014705,136,4,1,20,3,dnzj0iv5qtaemm9kthh9pos8q,1,71.2,91.8,2023-01-27T19:19:24.243Z,2023-01-27T19:45:55Z,3997053095,13,,3997053099,152,,3997137901,233,237,3997053103,286,,3997053097,56,Left,3997053101,265,,,,,,,,4zow18ykkg1gvw40r7jsrzkl,D. van der Sluys,,,,,,,,,,,,,,,,,,,,,,,,,,,,,,,,
2501014579,237,4,1,20,3,2uuh2bir8ktof0uxfo06lb4ox,0,28.8,8.2,2023-01-27T19:19:24.244Z,2023-01-27T20:12:11Z,3997052539,56,Back,3997052545,285,,3997052541,152,,3997137911,233,136,3997052543,265,,3997052537,13,,,,,,,,8fqnvz74z901a2h0kgk1zezje,L. Görlich,,,,,,,,,,,,,,,,,,,,,,,,,,,,,,,,
2501014905,137,1,1,20,28,dnzj0iv5qtaemm9kthh9pos8q,0,64,83.9,2023-01-27T19:19:48.520Z,2023-01-27T19:19:49Z,3997054055,155,,3997054059,56,Center,3997054061,140,90.2,3997054069,212,37.8,3997054065,141,45.7,3997054053,5,,3997054073,213,5.5,3997054077,1,,bquqyyfz4lj0xrerbhbtj1jze,Ö. Gündüz,3997054057,152,,,,,,,,,,,,,,,,,,,,,,,,,,,,,,
2501014957,238,12,1,20,30,2uuh2bir8ktof0uxfo06lb4ox,1,10.3,48.8,2023-01-27T19:19:50.724Z,2023-01-27T19:19:53Z,3997054281,15,,3997054265,212,31.7,3997054259,56,Back,3997054263,141,95.4,3997054261,140,9.5,3997054267,213,1.6,,,,,,,dse1rndtog4qn2mwv966vp6mt,B. van Hintum,,,,,,,,,,,,,,,,,,,,,,,,,,,,,,,,
2501015037,138,1,1,20,34,dnzj0iv5qtaemm9kthh9pos8q,1,83.4,5.8,2023-01-27T19:19:55.302Z,2023-01-27T19:19:58Z,3997054633,212,20.4,3997054631,141,34.6,3997054629,140,88.9,3997054635,213,1.3,3997054627,56,Center,,,,,,,,,,dh3ksith5iat573zuhdhv91w5,R. Stuy van den Herik,,,,,,,,,,,,,,,,,,,,,,,,,,,,,,,,
2501015045,139,1,1,20,38,dnzj0iv5qtaemm9kthh9pos8q,0,96.4,31.3,2023-01-27T19:19:58.550Z,2023-01-27T19:19:59Z,3997054689,213,1.8,3997054685,141,48.7,3997054683,140,94.2,3997054687,212,12.1,3997054681,56,Center,,,,,,,,,,7cetznpb0tnu6kdz7bvm8gyxh,L. Piqué,,,,,,,,,,,,,,,,,,,,,,,,,,,,,,,,
2501015065,239,12,1,20,38,2uuh2bir8ktof0uxfo06lb4ox,1,6,51.6,2023-01-27T19:19:59.411Z,2023-01-27T19:20:01Z,3997054765,213,1.2,3997054763,212,27.8,3997054759,140,15.5,3997054761,141,89.7,3997054757,56,Back,,,,,,,,,,a339o11ut8s1o9odm6ybc4pka,T. van den Belt,,,,,,,,,,,,,,,,,,,,,,,,,,,,,,,,
2501015071,240,49,1,20,41,2uuh2bir8ktof0uxfo06lb4ox,1,15.5,89.7,2023-01-27T19:20:01.507Z,2023-01-27T19:20:01Z,,,,,,,,,,,,,,,,,,,,,,,,,29s8wk0a2m66rebsfx1jfuuh,D. van den Berg,,,,,,,,,,,,,,,,,,,,,,,,,,,,,,,,
2501015111,241,3,1,20,45,2uuh2bir8ktof0uxfo06lb4ox,0,22.4,92.6,2023-01-27T19:20:05.524Z,2023-01-27T19:20:07Z,3997054951,285,,3997055077,233,140,3997054949,56,Back,,,,,,,,,,,,,,,,29s8wk0a2m66rebsfx1jfuuh,D. van den Berg,,,,,,,,,,,,,,,,,,,,,,,,,,,,,,,,
2501015127,140,7,1,20,45,dnzj0iv5qtaemm9kthh9pos8q,1,77.6,7.4,2023-01-27T19:20:05.525Z,2023-01-27T19:20:07Z,3997055039,233,241,3997055035,56,Right,3997055037,286,,,,,,,,,,,,,,,,,dh3ksith5iat573zuhdhv91w5,R. Stuy van den Herik,,,,,,,,,,,,,,,,,,,,,,,,,,,,,,,,
2501015137,141,1,1,20,46,dnzj0iv5qtaemm9kthh9pos8q,0,59.1,17.4,2023-01-27T19:20:07.270Z,2023-01-27T19:20:09Z,3997055089,56,Right,3997055217,236,,3997055223,286,,3997055095,212,10.3,3997055097,213,5.7,3997055091,140,67.5,3997055219,233,242,3997055093,141,9.7,bquqyyfz4lj0xrerbhbtj1jze,Ö. Gündüz,,,,,,,,,,,,,,,,,,,,,,,,,,,,,,,,
2501015143,242,74,1,20,46,2uuh2bir8ktof0uxfo06lb4ox,1,28.3,83.9,2023-01-27T19:20:07.271Z,2023-01-27T19:46:01Z,3997055231,233,141,3997055127,56,Back,3997055129,285,,,,,,,,,,,,,,,,,29s8wk0a2m66rebsfx1jfuuh,D. van den Berg,,,,,,,,,,,,,,,,,,,,,,,,,,,,,,,,
2501015175,142,49,1,20,49,dnzj0iv5qtaemm9kthh9pos8q,1,66.3,31.8,2023-01-27T19:20:10.231Z,2023-01-27T19:20:10Z,,,,,,,,,,,,,,,,,,,,,,,,,7cetznpb0tnu6kdz7bvm8gyxh,L. Piqué,,,,,,,,,,,,,,,,,,,,,,,,,,,,,,,,
2501015197,143,1,1,20,50,dnzj0iv5qtaemm9kthh9pos8q,0,66.3,31.8,2023-01-27T19:20:10.694Z,2023-01-27T19:20:11Z,3997055387,140,74.3,3997055393,213,0.7,3997055385,56,Center,3997055389,141,43.3,3997055391,212,11.5,,,,,,,,,,7cetznpb0tnu6kdz7bvm8gyxh,L. Piqué,,,,,,,,,,,,,,,,,,,,,,,,,,,,,,,,
2501015205,243,8,1,20,51,2uuh2bir8ktof0uxfo06lb4ox,1,26.3,47.3,2023-01-27T19:20:11.796Z,2023-01-27T19:20:11Z,3997055415,56,Back,,,,,,,,,,,,,,,,,,,,,,dmrznrol8qp7yk53r6ajhnkt0,T. Beelen,,,,,,,,,,,,,,,,,,,,,,,,,,,,,,,,
2501015215,244,49,1,20,52,2uuh2bir8ktof0uxfo06lb4ox,1,26.7,46.7,2023-01-27T19:20:12.627Z,2023-01-27T19:20:12Z,,,,,,,,,,,,,,,,,,,,,,,,,a339o11ut8s1o9odm6ybc4pka,T. van den Belt,,,,,,,,,,,,,,,,,,,,,,,,,,,,,,,,
2501015299,245,1,1,20,52,2uuh2bir8ktof0uxfo06lb4ox,1,26.7,46.7,2023-01-27T19:20:12.883Z,2023-01-27T19:20:19Z,3997055895,212,8.6,3997055893,141,58.4,3997055889,56,Back,3997055897,213,1.2,3997055891,140,29.7,,,,,,,,,,a339o11ut8s1o9odm6ybc4pka,T. van den Belt,,,,,,,,,,,,,,,,,,,,,,,,,,,,,,,,
2501015317,246,1,1,20,59,2uuh2bir8ktof0uxfo06lb4ox,0,65.4,42.2,2023-01-27T19:20:19.571Z,2023-01-27T19:20:20Z,3997055987,212,9.0,3997055981,56,Center,3997055989,213,0.4,3997055985,141,47.8,3997055983,140,73.2,,,,,,,,,,1rd0zzpp3dn0y7qtxwc57g7h1,R. Thomas,,,,,,,,,,,,,,,,,,,,,,,,,,,,,,,,
2501015337,144,61,1,21,1,dnzj0iv5qtaemm9kthh9pos8q,1,21.4,58.8,2023-01-27T19:20:22.070Z,2023-01-27T19:20:22Z,3997056113,56,Back,,,,,,,,,,,,,,,,,,,,,,1jn9jog8ou8uxnmypneksizxm,R. van Eijma,,,,,,,,,,,,,,,,,,,,,,,,,,,,,,,,
2501015343,145,61,1,21,2,dnzj0iv5qtaemm9kthh9pos8q,0,20.4,59.3,2023-01-27T19:20:23.222Z,2023-01-27T19:20:23Z,3997056141,56,Back,,,,,,,,,,,,,,,,,,,,,,1jn9jog8ou8uxnmypneksizxm,R. van Eijma,,,,,,,,,,,,,,,,,,,,,,,,,,,,,,,,
2501015373,247,1,1,21,3,2uuh2bir8ktof0uxfo06lb4ox,1,73.2,34.9,2023-01-27T19:20:24.083Z,2023-01-27T19:30:20Z,3997087151,154,,3997056305,213,0.2,3997087149,210,15,3997086535,4,,3997056299,140,88.8,3997056303,212,16.8,3997056297,56,Center,3997056301,141,40.4,by85t8ssyumcjcks1jx3v96vo,Y. Taha,,,,,,1,,,,,,,,,,,,,,,,,,,,,,,,,,
2501015377,248,15,1,21,5,2uuh2bir8ktof0uxfo06lb4ox,1,89.6,40.6,2023-01-27T19:20:26.051Z,2023-01-27T19:30:21Z,3997057101,20,,3997087173,146,100,3997056315,17,,3997056317,56,Center,3997087167,102,49.3,3997087163,55,247,3997087159,29,,3997087175,147,51.4,1rd0zzpp3dn0y7qtxwc57g7h1,R. Thomas,3997056313,22,3997087171,328,,,,3997087157,78,3997057121,233,146,3997087169,103,3997087161,154,,,3.8,,,,,,,,,,,,,
2501015453,146,10,1,21,5,dnzj0iv5qtaemm9kthh9pos8q,1,2.5,53.1,2023-01-27T19:20:26.151Z,2023-01-27T19:20:38Z,3997056729,180,,3997056725,174,,3997056733,182,,3997057133,233,248,3997056735,56,Back,,,,,,,,,,alzgg0nxnnex3nkzr6lgmt1ey,T. Jansen,,,,,,,,,,,,,,,,,,,,,,,,,,,,,,,,
2501022325,209,12,1,21,5,dnzj0iv5qtaemm9kthh9pos8q,1,10.5,53.9,2023-01-27T19:20:26.491Z,2023-01-27T19:31:37Z,3997090925,212,14.9,3997090919,56,Back,3997090923,141,42.2,3997090945,167,,3997090927,213,3.7,3997090921,140,0.0,,,,,,,7cetznpb0tnu6kdz7bvm8gyxh,L. Piqué,,,,,,,,,,,,,,,,,,,,,,,,,,,,,,,,
2501015443,249,1,1,21,9,2uuh2bir8ktof0uxfo06lb4ox,0,88.9,73.2,2023-01-27T19:20:29.923Z,2023-01-27T19:31:08Z,3997056679,140,89.6,3997056675,155,,3997056685,213,4.8,3997056681,141,62.4,3997056673,2,,3997056683,212,7.4,3997056677,56,Center,,,,29s8wk0a2m66rebsfx1jfuuh,D. van den Berg,,,,,,,,,,,,,,,,,,,,,,,,,,,,,,,,
2501015449,250,43,1,21,11,2uuh2bir8ktof0uxfo06lb4ox,1,0,0,2023-01-27T19:20:31.651Z,2023-01-27T19:31:04Z,3997056709,56,Center,3997056705,22,0,3997089199,144,39,3997056717,252,0,3997056707,17,0,,,,,,,,,,2esbyi3i7rtsdkxe6a917rsnp,L. Thy,,,,,,,,,,,,,,,,,,,,,,,,,,,,,,,,
2501015491,147,6,1,21,12,dnzj0iv5qtaemm9kthh9pos8q,0,0,43.3,2023-01-27T19:20:33.253Z,2023-01-27T19:45:57Z,3997058301,73,,3997058377,233,251,3997056909,56,Back,,,,,,,,,,,,,,,,alzgg0nxnnex3nkzr6lgmt1ey,T. Jansen,,,,,,,,,,,,,,,,,,,,,,,,,,,,,,,,
2501015467,251,6,1,21,12,2uuh2bir8ktof0uxfo06lb4ox,1,100,56.7,2023-01-27T19:20:33.253Z,2023-01-27T19:20:54Z,3997058113,73,,3997058351,233,147,3997056769,56,Center,,,,,,,,,,,,,,,,2esbyi3i7rtsdkxe6a917rsnp,L. Thy,,,,,,,,,,,,,,,,,,,,,,,,,,,,,,,,
2501015869,252,1,1,21,33,2uuh2bir8ktof0uxfo06lb4ox,1,99.3,99.3,2023-01-27T19:20:54.178Z,2023-01-27T19:21:02Z,3997058775,140,91.2,3997058779,212,57.8,3997058767,6,,3997058773,56,Right,3997058769,155,,3997058781,213,4.6,3997058765,2,,3997058771,224,,dse1rndtog4qn2mwv966vp6mt,B. van Hintum,3997058777,141,3997058783,1,,,15.2,,,,,,,,,,,,,,,,,,,,,,,,,
2501015945,253,1,1,21,42,2uuh2bir8ktof0uxfo06lb4ox,1,94.9,17.4,2023-01-27T19:21:02.546Z,2023-01-27T19:24:22Z,3997059153,141,61.8,3997059157,213,1.7,3997059145,2,,3997059149,56,Center,3997069823,210,15,3997059151,140,90.0,3997059147,155,,3997059155,212,30.6,8fqnvz74z901a2h0kgk1zezje,L. Görlich,3997069825,154,,,,1,,,,,,,,,,,,,,,,,,,,,,,,,,
2501015949,254,15,1,21,46,2uuh2bir8ktof0uxfo06lb4ox,1,89.3,58.4,2023-01-27T19:21:06.659Z,2023-01-27T19:24:23Z,3997059175,56,Center,3997069835,29,,3997066761,231,49.3,3997059173,17,,3997066755,146,93.3,3997066745,78,,3997066695,20,,3997069843,108,,2esbyi3i7rtsdkxe6a917rsnp,L. Thy,3997069845,328,3997066693,25,,,,3997066749,103,3997066757,147,55.6,3997066699,82,3997066717,233,148,19,,3997069837,154,,3997069839,55,253,3997066747,102,50.9,3997066759,230,100,
2501015959,148,10,1,21,46,dnzj0iv5qtaemm9kthh9pos8q,1,6.3,44.9,2023-01-27T19:21:06.759Z,2023-01-27T19:23:12Z,3997059217,56,Back,3997059215,94,,3997066723,233,254,,,,,,,,,,,,,,,,4zow18ykkg1gvw40r7jsrzkl,D. van der Sluys,,,,,,,,,,,,,,,,,,,,,,,,,,,,,,,,
2501016023,255,1,1,21,48,2uuh2bir8ktof0uxfo06lb4ox,1,92.8,84.1,2023-01-27T19:21:09.378Z,2023-01-27T19:21:21Z,3997059569,212,21.5,3997059565,140,89.3,3997059571,213,4.5,3997059563,56,Center,3997059559,2,,3997060203,210,15,3997059561,155,,3997060207,154,,dse1rndtog4qn2mwv966vp6mt,B. van Hintum,3997059567,141,,,,1,53.0,,,,,,,,,,,,,,,,,,,,,,,,,
2501016031,256,15,1,21,52,2uuh2bir8ktof0uxfo06lb4ox,1,90.5,54.6,2023-01-27T19:21:12.899Z,2023-01-27T19:21:22Z,3997059901,328,,3997059605,17,,3997060221,55,255,3997060211,78,,3997060231,147,50.2,3997059897,15,,3997059607,56,Center,3997060229,146,99.3,idvh0ac1f8wv39640pyl4esp,S. Kersten,3997059909,233,3997059603,22,,,150,3997060217,154,3997060227,103,19.6,3997060215,29,3997060225,102,51.7,,,,,,,,,,,,,,,
2501016069,150,10,1,21,52,dnzj0iv5qtaemm9kthh9pos8q,1,1.7,49.6,2023-01-27T19:21:12.999Z,2023-01-27T19:21:17Z,3997059789,178,,3997059937,233,256,3997059787,177,,3997059793,56,Back,3997059791,182,,,,,,,,,,,alzgg0nxnnex3nkzr6lgmt1ey,T. Jansen,,,,,,,,,,,,,,,,,,,,,,,,,,,,,,,,
2501016063,149,52,1,21,53,dnzj0iv5qtaemm9kthh9pos8q,1,1.7,49.6,2023-01-27T19:21:13.968Z,2023-01-27T19:21:15Z,,,,,,,,,,,,,,,,,,,,,,,,,alzgg0nxnnex3nkzr6lgmt1ey,T. Jansen,,,,,,,,,,,,,,,,,,,,,,,,,,,,,,,,
2501016347,151,1,1,22,9,dnzj0iv5qtaemm9kthh9pos8q,1,15.8,51.9,2023-01-27T19:21:29.703Z,2023-01-27T19:21:38Z,3997061145,56,Left,3997061149,141,95.3,3997061151,212,55.8,3997061153,213,0.6,3997061143,199,,3997061155,1,,3997061147,140,60.9,,,,alzgg0nxnnex3nkzr6lgmt1ey,T. Jansen,,,,,,,,,,,,,,,,,,,,,,,,,,,,,,,,
2501016351,152,3,1,22,16,dnzj0iv5qtaemm9kthh9pos8q,0,60.2,96.4,2023-01-27T19:21:36.754Z,2023-01-27T19:21:46Z,3997061625,233,258,3997061173,56,Left,3997061557,286,,,,,,,,,,,,,,,,,f1as17wqpj44gihtvw936lofd,B. van Hoeven,,,,,,,,,,,,,,,,,,,,,,,,,,,,,,,,
2501016413,258,7,1,22,16,2uuh2bir8ktof0uxfo06lb4ox,1,39.8,3.6,2023-01-27T19:21:36.755Z,2023-01-27T19:21:44Z,3997061467,56,Back,3997061589,233,152,3997061469,285,,,,,,,,,,,,,,,,,8fqnvz74z901a2h0kgk1zezje,L. Görlich,,,,,,,,,,,,,,,,,,,,,,,,,,,,,,,,
2501016533,153,5,1,22,17,dnzj0iv5qtaemm9kthh9pos8q,1,60.7,101.8,2023-01-27T19:21:38.242Z,2023-01-27T19:47:09Z,3997061989,56,Left,3997061991,347,,3997141121,233,257,,,,,,,,,,,,,,,,f1as17wqpj44gihtvw936lofd,B. van Hoeven,,,,,,,,,,,,,,,,,,,,,,,,,,,,,,,,
2501016381,257,5,1,22,17,2uuh2bir8ktof0uxfo06lb4ox,0,39.3,-1.8,2023-01-27T19:21:38.242Z,2023-01-27T19:47:04Z,3997061313,56,Back,3997061315,347,,3997141099,233,153,,,,,,,,,,,,,,,,idvh0ac1f8wv39640pyl4esp,S. Kersten,,,,,,,,,,,,,,,,,,,,,,,,,,,,,,,,
2501016651,154,1,1,22,33,dnzj0iv5qtaemm9kthh9pos8q,1,67.1,100,2023-01-27T19:21:54.214Z,2023-01-27T19:21:57Z,3997062595,140,57.8,3997062599,212,11.5,3997062593,56,Left,3997062597,141,92.7,3997062591,107,,3997062601,213,3.7,,,,,,,4zow18ykkg1gvw40r7jsrzkl,D. van der Sluys,,,,,,,,,,,,,,,,,,,,,,,,,,,,,,,,
2501016749,155,1,1,22,36,dnzj0iv5qtaemm9kthh9pos8q,1,62.7,93.8,2023-01-27T19:21:57.399Z,2023-01-27T19:22:07Z,3997063115,56,Center,3997063119,141,70.9,3997063121,212,26.1,3997063117,140,82.7,3997063123,213,5.6,3997063113,155,,,,,,,,dh3ksith5iat573zuhdhv91w5,R. Stuy van den Herik,,,,,,,,,,,,,,,,,,,,,,,,,,,,,,,,
2501016731,259,4,1,22,44,2uuh2bir8ktof0uxfo06lb4ox,1,17.9,31,2023-01-27T19:22:05.250Z,2023-01-27T19:22:08Z,3997062999,152,,3997062995,13,,3997063001,265,,3997062997,56,Back,3997063003,285,,3997063187,233,156,,,,,,,dmrznrol8qp7yk53r6ajhnkt0,T. Beelen,,,,,,,,,,,,,,,,,,,,,,,,,,,,,,,,
2501016753,156,4,1,22,44,dnzj0iv5qtaemm9kthh9pos8q,0,82.1,69,2023-01-27T19:22:05.251Z,2023-01-27T19:22:08Z,3997063145,56,Center,3997063149,265,,3997063191,233,259,3997063151,286,,3997063147,152,,3997063143,13,,,,,,,,b950jt347chmq9whlkgl6fxpm,K. Leidsman,,,,,,,,,,,,,,,,,,,,,,,,,,,,,,,,
2501016769,260,1,1,22,46,2uuh2bir8ktof0uxfo06lb4ox,1,18.5,33,2023-01-27T19:22:07.090Z,2023-01-27T19:22:09Z,3997063207,5,,3997063213,140,25.2,3997063217,212,25.9,3997063211,56,Back,3997063215,141,69.6,3997063219,213,1.3,3997063209,152,,,,,dmrznrol8qp7yk53r6ajhnkt0,T. Beelen,,,,,,,,,,,,,,,,,,,,,,,,,,,,,,,,
2501016845,261,1,1,22,48,2uuh2bir8ktof0uxfo06lb4ox,1,25.3,71.4,2023-01-27T19:22:08.706Z,2023-01-27T19:22:15Z,3997063585,213,0.5,3997063583,212,34.9,3997063577,56,Left,3997063587,1,,3997063581,141,95.4,3997063579,140,54.7,,,,,,,dse1rndtog4qn2mwv966vp6mt,B. van Hintum,,,,,,,,,,,,,,,,,,,,,,,,,,,,,,,,
2501016847,262,3,1,22,54,2uuh2bir8ktof0uxfo06lb4ox,0,71.4,73.5,2023-01-27T19:22:15.107Z,2023-01-27T19:22:17Z,3997063655,233,157,3997063599,286,,3997063597,56,Center,,,,,,,,,,,,,,,,csecbdlw3sxstnebpiw91ezxm,S. Lagsir,,,,,,,,,,,,,,,,,,,,,,,,,,,,,,,,
2501016855,157,7,1,22,54,dnzj0iv5qtaemm9kthh9pos8q,0,28.6,26.5,2023-01-27T19:22:15.108Z,2023-01-27T19:22:17Z,3997063645,233,262,3997063623,56,Back,3997063625,285,,,,,,,,,,,,,,,,,bquqyyfz4lj0xrerbhbtj1jze,Ö. Gündüz,,,,,,,,,,,,,,,,,,,,,,,,,,,,,,,,
2501016889,263,1,1,22,56,2uuh2bir8ktof0uxfo06lb4ox,1,69.7,64.5,2023-01-27T19:22:16.737Z,2023-01-27T19:22:19Z,3997063787,140,64.3,3997063793,213,4.0,3997063789,141,54.2,3997063785,56,Center,3997063791,212,9.0,,,,,,,,,,csecbdlw3sxstnebpiw91ezxm,S. Lagsir,,,,,,,,,,,,,,,,,,,,,,,,,,,,,,,,
2501016893,264,1,1,22,58,2uuh2bir8ktof0uxfo06lb4ox,0,68.6,49.4,2023-01-27T19:22:19.122Z,2023-01-27T19:22:21Z,3997063893,233,158,3997063817,56,Center,3997063821,141,48.8,3997063891,236,,3997063897,286,,3997063823,212,5.7,3997063825,213,6.2,3997063819,140,74.0,a339o11ut8s1o9odm6ybc4pka,T. van den Belt,,,,,,,,,,,,,,,,,,,,,,,,,,,,,,,,
2501016903,158,74,1,22,58,dnzj0iv5qtaemm9kthh9pos8q,1,23.6,52.4,2023-01-27T19:22:19.123Z,2023-01-27T19:46:01Z,3997063899,233,264,3997063869,56,Back,3997063871,285,,,,,,,,,,,,,,,,,1jn9jog8ou8uxnmypneksizxm,R. van Eijma,,,,,,,,,,,,,,,,,,,,,,,,,,,,,,,,
2501016907,159,49,1,23,1,dnzj0iv5qtaemm9kthh9pos8q,1,23.6,52.4,2023-01-27T19:22:21.926Z,2023-01-27T19:22:22Z,,,,,,,,,,,,,,,,,,,,,,,,,1jn9jog8ou8uxnmypneksizxm,R. van Eijma,,,,,,,,,,,,,,,,,,,,,,,,,,,,,,,,
2501016931,160,1,1,23,1,dnzj0iv5qtaemm9kthh9pos8q,1,25.6,50.4,2023-01-27T19:22:22.502Z,2023-01-27T19:22:24Z,3997064057,56,Back,3997064061,141,67.0,3997064059,140,29.0,3997064063,212,11.8,3997064065,213,1.3,,,,,,,,,,1jn9jog8ou8uxnmypneksizxm,R. van Eijma,,,,,,,,,,,,,,,,,,,,,,,,,,,,,,,,
2501016973,161,1,1,23,4,dnzj0iv5qtaemm9kthh9pos8q,1,30,50.3,2023-01-27T19:22:24.790Z,2023-01-27T19:22:29Z,3997064261,56,Back,3997064267,212,18.8,3997064263,140,29.7,3997064269,213,4.7,3997064265,141,22.7,,,,,,,,,,1mroid71v9bwpx0iaospei9gq,R. Margaret,,,,,,,,,,,,,,,,,,,,,,,,,,,,,,,,
2501016993,162,1,1,23,8,dnzj0iv5qtaemm9kthh9pos8q,0,32.1,21.8,2023-01-27T19:22:29.078Z,2023-01-27T19:22:31Z,3997064353,140,59.9,3997064359,213,0.0,3997064355,141,23.6,3997064351,56,Center,3997064357,212,29.2,,,,,,,,,,dcdvet7azx1a59xm2ke7qi2cq,I. Pata,,,,,,,,,,,,,,,,,,,,,,,,,,,,,,,,
2501017015,265,8,1,23,11,2uuh2bir8ktof0uxfo06lb4ox,1,41.6,62.3,2023-01-27T19:22:32.209Z,2023-01-27T19:22:32Z,3997064455,56,Back,,,,,,,,,,,,,,,,,,,,,,dse1rndtog4qn2mwv966vp6mt,B. van Hintum,,,,,,,,,,,,,,,,,,,,,,,,,,,,,,,,
2501017023,266,49,1,23,12,2uuh2bir8ktof0uxfo06lb4ox,1,41.6,62.3,2023-01-27T19:22:32.803Z,2023-01-27T19:22:32Z,,,,,,,,,,,,,,,,,,,,,,,,,dse1rndtog4qn2mwv966vp6mt,B. van Hintum,,,,,,,,,,,,,,,,,,,,,,,,,,,,,,,,
2501017035,267,1,1,23,12,2uuh2bir8ktof0uxfo06lb4ox,1,41.7,57.3,2023-01-27T19:22:33.313Z,2023-01-27T19:22:34Z,3997064565,212,13.6,3997064559,56,Back,3997064563,141,37.6,3997064567,213,4.9,3997064561,140,44.1,,,,,,,,,,dse1rndtog4qn2mwv966vp6mt,B. van Hintum,,,,,,,,,,,,,,,,,,,,,,,,,,,,,,,,
2501017109,268,1,1,23,13,2uuh2bir8ktof0uxfo06lb4ox,1,44.1,37.6,2023-01-27T19:22:34.210Z,2023-01-27T19:22:40Z,3997064905,141,28.8,3997064909,213,6.0,3997064903,140,66.8,3997064907,212,24.6,3997064901,56,Center,,,,,,,,,,idvh0ac1f8wv39640pyl4esp,S. Kersten,,,,,,,,,,,,,,,,,,,,,,,,,,,,,,,,
2501017127,269,1,1,23,19,2uuh2bir8ktof0uxfo06lb4ox,1,77.9,24.1,2023-01-27T19:22:40.402Z,2023-01-27T19:22:42Z,3997065003,212,21.0,3997065005,213,0.0,3997064999,140,97.9,3997065001,141,24.3,3997064997,56,Center,,,,,,,,,,by85t8ssyumcjcks1jx3v96vo,Y. Taha,,,,,,,,,,,,,,,,,,,,,,,,,,,,,,,,
2501017155,270,1,1,23,21,2uuh2bir8ktof0uxfo06lb4ox,0,97.9,24.3,2023-01-27T19:22:42.002Z,2023-01-27T19:22:43Z,3997065133,212,19.7,3997065125,140,89.8,3997065129,141,50.4,3997065119,155,,3997065139,213,2.0,3997065117,2,,3997065121,56,Center,,,,8fqnvz74z901a2h0kgk1zezje,L. Görlich,,,,,,,,,,,,,,,,,,,,,,,,,,,,,,,,
2501017175,163,61,1,23,24,dnzj0iv5qtaemm9kthh9pos8q,1,10.6,49.6,2023-01-27T19:22:45.365Z,2023-01-27T19:22:45Z,3997065239,56,Back,,,,,,,,,,,,,,,,,,,,,,7cetznpb0tnu6kdz7bvm8gyxh,L. Piqué,,,,,,,,,,,,,,,,,,,,,,,,,,,,,,,,
2501017203,271,1,1,23,25,2uuh2bir8ktof0uxfo06lb4ox,1,75.1,59.4,2023-01-27T19:22:45.841Z,2023-01-27T19:22:55Z,3997065377,213,4.7,3997065371,140,75.3,3997065369,56,Center,3997065373,141,43.1,3997065869,210,13,3997065375,212,11.1,3997065871,154,,,,,1rd0zzpp3dn0y7qtxwc57g7h1,R. Thomas,,,,,,1,,,,,,,,,,,,,,,,,,,,,,,,,,
2501017207,272,13,1,23,26,2uuh2bir8ktof0uxfo06lb4ox,1,75.3,43.1,2023-01-27T19:22:47.105Z,2023-01-27T19:22:55Z,3997065899,103,4.2,3997065903,328,,3997065907,231,50.2,3997065401,22,,3997065887,75,,3997065905,230,99.3,3997065891,154,,3997065547,72,,29s8wk0a2m66rebsfx1jfuuh,D. van den Berg,3997065403,18,3997065889,29,,,,3997065901,215,3997065405,56,Center,3997065893,55,3997065897,102,39.5,,271,,,,,,,,,,,,,
2501017225,164,5,1,23,28,dnzj0iv5qtaemm9kthh9pos8q,1,-0.9,60.2,2023-01-27T19:22:48.785Z,2023-01-27T19:47:10Z,3997065471,346,,3997065473,233,273,3997065469,56,Back,,,,,,,,,,,,,,,,7cetznpb0tnu6kdz7bvm8gyxh,L. Piqué,,,,,,,,,,,,,,,,,,,,,,,,,,,,,,,,
2501017223,273,5,1,23,28,2uuh2bir8ktof0uxfo06lb4ox,0,100.9,39.8,2023-01-27T19:22:48.785Z,2023-01-27T19:22:49Z,3997065467,346,,3997065465,56,Center,3997065503,233,164,,,,,,,,,,,,,,,,29s8wk0a2m66rebsfx1jfuuh,D. van den Berg,,,,,,,,,,,,,,,,,,,,,,,,,,,,,,,,
2501017483,165,1,1,23,53,dnzj0iv5qtaemm9kthh9pos8q,1,5.4,54.5,2023-01-27T19:23:13.606Z,2023-01-27T19:23:18Z,3997066889,212,59.1,3997066885,140,61.6,3997066893,1,,3997066881,124,,3997066887,141,58.8,3997066883,56,Center,3997066891,213,0.0,3997066897,74,,alzgg0nxnnex3nkzr6lgmt1ey,T. Jansen,,,,,,,,,,,,,,,,,,,,,,,,,,,,,,,,
2501017479,274,43,1,23,57,2uuh2bir8ktof0uxfo06lb4ox,1,0,0,2023-01-27T19:23:18.066Z,2023-01-27T19:24:02Z,3997068891,144,49,,,,,,,,,,,,,,,,,,,,,,by85t8ssyumcjcks1jx3v96vo,Y. Taha,,,,,,,,,,,,,,,,,,,,,,,,,,,,,,,,
2501017493,166,1,1,23,57,dnzj0iv5qtaemm9kthh9pos8q,0,63.3,58.2,2023-01-27T19:23:18.501Z,2023-01-27T19:23:20Z,3997066937,212,11.5,3997066931,56,Center,3997066935,141,67.6,3997066939,213,2.6,3997066933,140,54.2,,,,,,,,,,b950jt347chmq9whlkgl6fxpm,K. Leidsman,,,,,,,,,,,,,,,,,,,,,,,,,,,,,,,,
2501017501,275,61,1,24,1,2uuh2bir8ktof0uxfo06lb4ox,1,44.7,31.6,2023-01-27T19:23:21.631Z,2023-01-27T19:23:21Z,3997066989,56,Back,,,,,,,,,,,,,,,,,,,,,,by85t8ssyumcjcks1jx3v96vo,Y. Taha,,,,,,,,,,,,,,,,,,,,,,,,,,,,,,,,
2501017519,167,1,1,24,1,dnzj0iv5qtaemm9kthh9pos8q,0,60,53.9,2023-01-27T19:23:22.342Z,2023-01-27T19:23:23Z,3997067089,212,24.8,3997067085,141,60.3,3997067077,56,Center,3997067091,213,0.2,3997067093,1,,3997067081,140,83.3,3997067073,157,,,,,8uw9w30592omb8acpnssgdlh,R. Dekker,,,,,,,,,,,,,,,,,,,,,,,,,,,,,,,,
2501017553,276,1,1,24,3,2uuh2bir8ktof0uxfo06lb4ox,1,13.9,34.6,2023-01-27T19:23:24.402Z,2023-01-27T19:23:27Z,3997067291,1,,3997067283,140,47.3,3997067281,56,Back,3997067287,212,41.9,3997067285,141,68.2,3997067289,213,0.6,3997067279,157,,,,,cetavjue5femoxid9fmcd0zjd,J. Schendelaar,,,,,,,,,,,,,,,,,,,,,,,,,,,,,,,,
2501017559,277,49,1,24,6,2uuh2bir8ktof0uxfo06lb4ox,1,48.7,69.7,2023-01-27T19:23:27.377Z,2023-01-27T19:23:27Z,,,,,,,,,,,,,,,,,,,,,,,,,29s8wk0a2m66rebsfx1jfuuh,D. van den Berg,,,,,,,,,,,,,,,,,,,,,,,,,,,,,,,,
2501017585,278,1,1,24,7,2uuh2bir8ktof0uxfo06lb4ox,1,48.7,69.7,2023-01-27T19:23:27.617Z,2023-01-27T19:23:30Z,3997067451,56,Back,3997067457,212,11.5,3997067453,140,44.2,3997067455,141,85.1,3997067459,213,2.0,,,,,,,,,,29s8wk0a2m66rebsfx1jfuuh,D. van den Berg,,,,,,,,,,,,,,,,,,,,,,,,,,,,,,,,
2501017607,279,1,1,24,9,2uuh2bir8ktof0uxfo06lb4ox,1,44.2,85.1,2023-01-27T19:23:30.353Z,2023-01-27T19:23:34Z,3997067627,141,71.7,3997067623,56,Back,3997067631,213,4.3,3997067625,140,40.7,3997067629,212,9.8,,,,,,,,,,csecbdlw3sxstnebpiw91ezxm,S. Lagsir,,,,,,,,,,,,,,,,,,,,,,,,,,,,,,,,
2501017623,280,1,1,24,13,2uuh2bir8ktof0uxfo06lb4ox,1,43.5,66.7,2023-01-27T19:23:34.081Z,2023-01-27T19:23:35Z,3997067713,56,Center,3997067721,213,6.0,3997067717,141,60.3,3997067715,140,57.8,3997067719,212,15.6,,,,,,,,,,1rd0zzpp3dn0y7qtxwc57g7h1,R. Thomas,,,,,,,,,,,,,,,,,,,,,,,,,,,,,,,,
2501017641,281,1,1,24,14,2uuh2bir8ktof0uxfo06lb4ox,1,57.9,60.3,2023-01-27T19:23:35.345Z,2023-01-27T19:23:37Z,3997067823,141,80.5,3997067819,56,Left,3997067825,212,14.8,3997067821,140,63.2,3997067827,213,1.2,,,,,,,,,,a339o11ut8s1o9odm6ybc4pka,T. van den Belt,,,,,,,,,,,,,,,,,,,,,,,,,,,,,,,,
2501017681,282,1,1,24,16,2uuh2bir8ktof0uxfo06lb4ox,1,63.2,80.5,2023-01-27T19:23:37.441Z,2023-01-27T19:23:42Z,3997068019,56,Left,3997068023,141,95.6,3997068025,212,12.8,3997068021,140,70.4,3997068027,213,0.9,,,,,,,,,,csecbdlw3sxstnebpiw91ezxm,S. Lagsir,,,,,,,,,,,,,,,,,,,,,,,,,,,,,,,,
2501017687,283,3,1,24,21,2uuh2bir8ktof0uxfo06lb4ox,0,72.1,84.2,2023-01-27T19:23:42.034Z,2023-01-27T19:23:45Z,3997068039,286,,3997068037,56,Left,3997068145,233,168,,,,,,,,,,,,,,,,29s8wk0a2m66rebsfx1jfuuh,D. van den Berg,,,,,,,,,,,,,,,,,,,,,,,,,,,,,,,,
2501017705,168,7,1,24,21,dnzj0iv5qtaemm9kthh9pos8q,1,27.9,15.8,2023-01-27T19:23:42.035Z,2023-01-27T19:23:45Z,3997068141,233,283,3997068111,285,,3997068109,56,Back,,,,,,,,,,,,,,,,f1as17wqpj44gihtvw936lofd,B. van Hoeven,,,,,,,,,,,,,,,,,,,,,,,,,,,,,,,,
2501017713,169,50,1,24,23,dnzj0iv5qtaemm9kthh9pos8q,1,31.4,19.9,2023-01-27T19:23:44.416Z,2023-01-27T19:23:52Z,3997068139,285,,3997068403,233,284,3997068137,56,Back,,,,,,,,,,,,,,,,f1as17wqpj44gihtvw936lofd,B. van Hoeven,,,,,,,,,,,,,,,,,,,,,,,,,,,,,,,,
2501017769,284,7,1,24,23,2uuh2bir8ktof0uxfo06lb4ox,1,68.6,80.1,2023-01-27T19:23:44.417Z,2023-01-27T19:23:51Z,3997068393,233,169,3997068397,286,,3997068377,56,Left,,,,,,,,,,,,,,,,29s8wk0a2m66rebsfx1jfuuh,D. van den Berg,,,,,,,,,,,,,,,,,,,,,,,,,,,,,,,,
2501017793,285,1,1,24,30,2uuh2bir8ktof0uxfo06lb4ox,1,46.4,71.8,2023-01-27T19:23:51.425Z,2023-01-27T19:23:55Z,3997068549,213,0.9,3997068545,141,96.2,3997068543,140,60.0,3997068547,212,21.9,3997068541,56,Left,,,,,,,,,,1rd0zzpp3dn0y7qtxwc57g7h1,R. Thomas,,,,,,,,,,,,,,,,,,,,,,,,,,,,,,,,
2501017827,286,1,1,24,35,2uuh2bir8ktof0uxfo06lb4ox,0,62.4,95.4,2023-01-27T19:23:55.553Z,2023-01-27T19:23:58Z,3997068715,140,100.0,3997068719,212,42.1,3997068721,213,6.1,3997068717,141,81.7,3997068713,56,Left,3997068723,1,,,,,,,,dse1rndtog4qn2mwv966vp6mt,B. van Hintum,,,,,,,,,,,,,,,,,,,,,,,,,,,,,,,,
2501017851,170,5,1,24,37,dnzj0iv5qtaemm9kthh9pos8q,1,-1.1,23.3,2023-01-27T19:23:58.249Z,2023-01-27T19:47:10Z,3997068815,346,,3997068813,56,Back,3997068837,233,287,,,,,,,,,,,,,,,,f1as17wqpj44gihtvw936lofd,B. van Hoeven,,,,,,,,,,,,,,,,,,,,,,,,,,,,,,,,
2501017829,287,5,1,24,37,2uuh2bir8ktof0uxfo06lb4ox,0,101.1,76.7,2023-01-27T19:23:58.249Z,2023-01-27T19:24:01Z,3997068731,346,,3997068857,233,170,3997068729,56,Center,,,,,,,,,,,,,,,,dse1rndtog4qn2mwv966vp6mt,B. van Hintum,,,,,,,,,,,,,,,,,,,,,,,,,,,,,,,,
2501018131,171,1,1,25,6,dnzj0iv5qtaemm9kthh9pos8q,0,5.5,56.6,2023-01-27T19:24:26.550Z,2023-01-27T19:24:30Z,3997070249,74,,3997070245,213,0.2,3997070239,140,55.6,3997070235,56,Center,3997070243,212,53.4,3997070231,124,,3997070241,141,70.2,3997070247,1,,alzgg0nxnnex3nkzr6lgmt1ey,T. Jansen,,,,,,,,,,,,,,,,,,,,,,,,,,,,,,,,
2501018143,288,1,1,25,9,2uuh2bir8ktof0uxfo06lb4ox,1,37.4,24.3,2023-01-27T19:24:30.449Z,2023-01-27T19:24:32Z,3997070331,212,7.9,3997070323,3,,3997070329,141,31.5,3997070325,56,Back,3997070333,213,0.7,3997070327,140,43.3,,,,,,,a339o11ut8s1o9odm6ybc4pka,T. van den Belt,,,,,,,,,,,,,,,,,,,,,,,,,,,,,,,,
2501018149,289,49,1,25,11,2uuh2bir8ktof0uxfo06lb4ox,1,43.3,31.5,2023-01-27T19:24:32.465Z,2023-01-27T19:24:32Z,,,,,,,,,,,,,,,,,,,,,,,,,by85t8ssyumcjcks1jx3v96vo,Y. Taha,,,,,,,,,,,,,,,,,,,,,,,,,,,,,,,,
2501018151,290,50,1,25,12,2uuh2bir8ktof0uxfo06lb4ox,1,43.8,30.2,2023-01-27T19:24:32.673Z,2023-01-27T19:24:35Z,3997070341,56,Back,3997070343,286,,3997070503,233,172,,,,,,,,,,,,,,,,by85t8ssyumcjcks1jx3v96vo,Y. Taha,,,,,,,,,,,,,,,,,,,,,,,,,,,,,,,,
2501018169,172,7,1,25,12,dnzj0iv5qtaemm9kthh9pos8q,0,56.2,69.8,2023-01-27T19:24:32.674Z,2023-01-27T19:24:34Z,3997070429,285,,3997070427,56,Center,3997070465,233,290,,,,,,,,,,,,,,,,4zow18ykkg1gvw40r7jsrzkl,D. van der Sluys,,,,,,,,,,,,,,,,,,,,,,,,,,,,,,,,
2501018211,173,50,1,25,13,dnzj0iv5qtaemm9kthh9pos8q,1,57.7,66.8,2023-01-27T19:24:34.256Z,2023-01-27T19:24:37Z,3997070669,233,291,3997070625,286,,3997070623,56,Center,,,,,,,,,,,,,,,,bquqyyfz4lj0xrerbhbtj1jze,Ö. Gündüz,,,,,,,,,,,,,,,,,,,,,,,,,,,,,,,,
2501018181,291,7,1,25,13,2uuh2bir8ktof0uxfo06lb4ox,0,42.3,33.2,2023-01-27T19:24:34.257Z,2023-01-27T19:24:36Z,3997070481,285,,3997070479,56,Back,3997070661,233,173,,,,,,,,,,,,,,,,a339o11ut8s1o9odm6ybc4pka,T. van den Belt,,,,,,,,,,,,,,,,,,,,,,,,,,,,,,,,
2501018239,174,50,1,25,17,dnzj0iv5qtaemm9kthh9pos8q,1,66.9,86.6,2023-01-27T19:24:38.096Z,2023-01-27T19:24:40Z,3997070751,286,,3997070749,56,Left,3997070819,233,292,,,,,,,,,,,,,,,,1mroid71v9bwpx0iaospei9gq,R. Margaret,,,,,,,,,,,,,,,,,,,,,,,,,,,,,,,,
2501018231,292,7,1,25,17,2uuh2bir8ktof0uxfo06lb4ox,0,33.1,13.4,2023-01-27T19:24:38.097Z,2023-01-27T19:24:54Z,3997070771,233,174,3997070715,285,,3997070713,56,Back,,,,,,,,,,,,,,,,8fqnvz74z901a2h0kgk1zezje,L. Görlich,,,,,,,,,,,,,,,,,,,,,,,,,,,,,,,,
2501018267,175,1,1,25,21,dnzj0iv5qtaemm9kthh9pos8q,0,67.5,79.3,2023-01-27T19:24:41.525Z,2023-01-27T19:24:42Z,3997070879,141,71.5,3997070881,212,22.5,3997070875,56,Center,3997070877,140,88.3,3997070883,213,6.0,,,,,,,,,,1mroid71v9bwpx0iaospei9gq,R. Margaret,,,,,,,,,,,,,,,,,,,,,,,,,,,,,,,,
2501018281,293,49,1,25,22,2uuh2bir8ktof0uxfo06lb4ox,1,10.4,31.6,2023-01-27T19:24:43.122Z,2023-01-27T19:24:43Z,,,,,,,,,,,,,,,,,,,,,,,,,1rd0zzpp3dn0y7qtxwc57g7h1,R. Thomas,,,,,,,,,,,,,,,,,,,,,,,,,,,,,,,,
2501018325,294,1,1,25,22,2uuh2bir8ktof0uxfo06lb4ox,1,10.4,31.6,2023-01-27T19:24:43.329Z,2023-01-27T19:24:46Z,3997071121,140,21.6,3997071127,213,5.5,3997071119,56,Back,3997071123,141,15.3,3997071125,212,16.2,,,,,,,,,,1rd0zzpp3dn0y7qtxwc57g7h1,R. Thomas,,,,,,,,,,,,,,,,,,,,,,,,,,,,,,,,
2501018387,295,1,1,25,25,2uuh2bir8ktof0uxfo06lb4ox,1,22.4,9.7,2023-01-27T19:24:46.129Z,2023-01-27T19:24:51Z,3997071397,141,23.0,3997071391,155,,3997071403,1,,3997071393,56,Center,3997071401,213,0.3,3997071399,212,32.2,3997071395,140,51.8,,,,by85t8ssyumcjcks1jx3v96vo,Y. Taha,,,,,,,,,,,,,,,,,,,,,,,,,,,,,,,,
2501018405,176,4,1,25,29,dnzj0iv5qtaemm9kthh9pos8q,1,48.5,77.2,2023-01-27T19:24:49.552Z,2023-01-27T19:24:53Z,3997071485,152,,3997071517,233,296,3997071479,13,,3997071483,56,Back,3997071487,286,,3997071481,294,,,,,,,,1jn9jog8ou8uxnmypneksizxm,R. van Eijma,,,,,,,,,,,,,,,,,,,,,,,,,,,,,,,,
2501018395,296,4,1,25,29,2uuh2bir8ktof0uxfo06lb4ox,0,51.5,22.8,2023-01-27T19:24:49.553Z,2023-01-27T19:24:53Z,3997071445,13,,3997071449,56,Center,3997071451,152,,3997071453,285,,3997071447,294,,3997071539,233,176,,,,,,,2esbyi3i7rtsdkxe6a917rsnp,L. Thy,,,,,,,,,,,,,,,,,,,,,,,,,,,,,,,,
2501018509,177,1,1,25,39,dnzj0iv5qtaemm9kthh9pos8q,1,52.1,60.9,2023-01-27T19:25:00.149Z,2023-01-27T19:25:02Z,3997072001,56,Back,3997072007,212,13.2,3997072003,140,42.3,3997071993,5,,3997071999,152,,3997072005,141,48.7,3997072009,213,3.8,,,,8uw9w30592omb8acpnssgdlh,R. Dekker,,,,,,,,,,,,,,,,,,,,,,,,,,,,,,,,
2501018557,178,1,1,25,41,dnzj0iv5qtaemm9kthh9pos8q,1,42.3,47.6,2023-01-27T19:25:02.469Z,2023-01-27T19:25:06Z,3997072235,56,Center,3997072241,212,13.5,3997072239,141,60.3,3997072247,213,0.7,3997072237,140,52.2,,,,,,,,,,7cetznpb0tnu6kdz7bvm8gyxh,L. Piqué,,,,,,,,,,,,,,,,,,,,,,,,,,,,,,,,
2501018585,179,1,1,25,45,dnzj0iv5qtaemm9kthh9pos8q,1,52.2,60.3,2023-01-27T19:25:06.149Z,2023-01-27T19:25:08Z,3997072401,212,20.6,3997072397,140,36.8,3997072403,213,2.5,3997072399,141,79.1,3997072419,189,,3997072395,56,Back,,,,,,,8uw9w30592omb8acpnssgdlh,R. Dekker,,,,,,,,,,,,,,,,,,,,,,,,,,,,,,,,
2501018647,180,1,1,25,48,dnzj0iv5qtaemm9kthh9pos8q,1,42,83,2023-01-27T19:25:09.317Z,2023-01-27T19:25:12Z,3997072685,140,62.5,3997072689,212,22.4,3997072699,189,,3997072683,56,Left,3997072691,213,0.3,3997072687,141,92.0,,,,,,,1jn9jog8ou8uxnmypneksizxm,R. van Eijma,,,,,,,,,,,,,,,,,,,,,,,,,,,,,,,,
2501018685,297,4,1,25,52,2uuh2bir8ktof0uxfo06lb4ox,1,13.6,28,2023-01-27T19:25:13.172Z,2023-01-27T19:53:35Z,3997155513,152,,3997155517,285,,3997155779,233,181,3997155511,56,Back,3997155667,294,,3997155509,13,,,,,,,,dmrznrol8qp7yk53r6ajhnkt0,T. Beelen,,,,,,,,,,,,,,,,,,,,,,,,,,,,,,,,
2501018739,181,4,1,25,52,dnzj0iv5qtaemm9kthh9pos8q,0,86.4,72,2023-01-27T19:25:13.173Z,2023-01-27T19:53:35Z,3997155789,233,297,3997155743,294,,3997155747,286,,3997155741,13,,3997073125,56,Center,3997155745,152,,,,,,,,b950jt347chmq9whlkgl6fxpm,K. Leidsman,,,,,,,,,,,,,,,,,,,,,,,,,,,,,,,,
2501018745,298,1,1,25,55,2uuh2bir8ktof0uxfo06lb4ox,1,11.4,25.6,2023-01-27T19:25:16.336Z,2023-01-27T19:25:21Z,3997073157,140,25.4,3997073151,5,,3997073153,241,,3997073165,1,,3997073161,212,33.2,3997073159,141,69.3,3997073163,213,1.1,3997073155,56,Back,idvh0ac1f8wv39640pyl4esp,S. Kersten,,,,,,,,,,,,,,,,,,,,,,,,,,,,,,,,
2501018769,299,1,1,26,0,2uuh2bir8ktof0uxfo06lb4ox,1,25.4,69.3,2023-01-27T19:25:20.880Z,2023-01-27T19:25:23Z,3997073295,141,54.3,3997073299,213,5.2,3997073293,140,30.6,3997073297,212,11.6,3997073291,56,Back,,,,,,,,,,dse1rndtog4qn2mwv966vp6mt,B. van Hintum,,,,,,,,,,,,,,,,,,,,,,,,,,,,,,,,
2501018811,300,1,1,26,2,2uuh2bir8ktof0uxfo06lb4ox,1,32.7,54.3,2023-01-27T19:25:23.488Z,2023-01-27T19:25:27Z,3997073521,141,21.8,3997073517,56,Back,3997073523,212,22.1,3997073519,140,32.2,3997073525,213,4.7,,,,,,,,,,1rd0zzpp3dn0y7qtxwc57g7h1,R. Thomas,,,,,,,,,,,,,,,,,,,,,,,,,,,,,,,,
2501018889,301,1,1,26,6,2uuh2bir8ktof0uxfo06lb4ox,1,33.8,21.9,2023-01-27T19:25:26.944Z,2023-01-27T19:25:32Z,3997073903,140,42.3,3997073907,212,19.2,3997073901,56,Back,3997073909,213,1.1,3997073905,141,46.9,,,,,,,,,,idvh0ac1f8wv39640pyl4esp,S. Kersten,,,,,,,,,,,,,,,,,,,,,,,,,,,,,,,,
2501018935,302,1,1,26,12,2uuh2bir8ktof0uxfo06lb4ox,1,51.9,50.3,2023-01-27T19:25:32.864Z,2023-01-27T19:25:37Z,3997074133,141,8.2,3997074137,213,5.3,3997074129,56,Right,3997074131,140,69.0,3997074139,1,,3997074135,212,33.8,,,,,,,dmrznrol8qp7yk53r6ajhnkt0,T. Beelen,,,,,,,,,,,,,,,,,,,,,,,,,,,,,,,,
2501018977,303,1,1,26,16,2uuh2bir8ktof0uxfo06lb4ox,1,70.4,6.4,2023-01-27T19:25:37.152Z,2023-01-27T19:25:40Z,3997074353,213,3.0,3997074351,212,15.2,3997074349,141,8.5,3997074345,56,Right,3997074347,140,56.0,,,,,,,,,,8fqnvz74z901a2h0kgk1zezje,L. Görlich,,,,,,,,,,,,,,,,,,,,,,,,,,,,,,,,
2501019059,304,1,1,26,19,2uuh2bir8ktof0uxfo06lb4ox,1,56,8.5,2023-01-27T19:25:39.968Z,2023-01-27T19:25:45Z,3997074675,141,40.9,3997074679,213,1.6,3997074677,212,22.1,3997074671,56,Center,3997074673,140,54.5,,,,,,,,,,idvh0ac1f8wv39640pyl4esp,S. Kersten,,,,,,,,,,,,,,,,,,,,,,,,,,,,,,,,
2501019077,305,1,1,26,25,2uuh2bir8ktof0uxfo06lb4ox,1,63.2,45.4,2023-01-27T19:25:45.856Z,2023-01-27T19:25:47Z,3997074789,213,5.9,3997074785,141,39.4,3997074783,140,73.3,3997074787,212,11.4,3997074781,56,Center,,,,,,,,,,dmrznrol8qp7yk53r6ajhnkt0,T. Beelen,,,,,,,,,,,,,,,,,,,,,,,,,,,,,,,,
2501019081,306,61,1,26,26,2uuh2bir8ktof0uxfo06lb4ox,0,73.3,39.4,2023-01-27T19:25:47.328Z,2023-01-27T19:25:47Z,3997074795,56,Center,,,,,,,,,,,,,,,,,,,,,,2esbyi3i7rtsdkxe6a917rsnp,L. Thy,,,,,,,,,,,,,,,,,,,,,,,,,,,,,,,,
2501019089,182,49,1,26,28,dnzj0iv5qtaemm9kthh9pos8q,1,22.8,74.5,2023-01-27T19:25:48.934Z,2023-01-27T19:25:49Z,,,,,,,,,,,,,,,,,,,,,,,,,dh3ksith5iat573zuhdhv91w5,R. Stuy van den Herik,,,,,,,,,,,,,,,,,,,,,,,,,,,,,,,,
2501019133,183,1,1,26,28,dnzj0iv5qtaemm9kthh9pos8q,1,24.2,75,2023-01-27T19:25:49.413Z,2023-01-27T19:25:52Z,3997075047,213,3.1,3997075039,56,Back,3997075041,140,15.0,3997075045,212,9.7,3997075043,141,75.7,,,,,,,,,,dh3ksith5iat573zuhdhv91w5,R. Stuy van den Herik,,,,,,,,,,,,,,,,,,,,,,,,,,,,,,,,
2501019143,184,1,1,26,32,dnzj0iv5qtaemm9kthh9pos8q,0,15,76.4,2023-01-27T19:25:52.774Z,2023-01-27T19:25:53Z,3997075089,212,33.5,3997075085,140,46.4,3997075083,56,Back,3997075091,213,0.2,3997075081,157,,3997075093,1,,3997075087,141,85.4,,,,4zow18ykkg1gvw40r7jsrzkl,D. van der Sluys,,,,,,,,,,,,,,,,,,,,,,,,,,,,,,,,
2501019149,307,49,1,26,33,2uuh2bir8ktof0uxfo06lb4ox,1,55.2,18.9,2023-01-27T19:25:53.920Z,2023-01-27T19:25:54Z,,,,,,,,,,,,,,,,,,,,,,,,,a339o11ut8s1o9odm6ybc4pka,T. van den Belt,,,,,,,,,,,,,,,,,,,,,,,,,,,,,,,,
2501019265,308,1,1,26,41,2uuh2bir8ktof0uxfo06lb4ox,1,68,37.3,2023-01-27T19:26:01.968Z,2023-01-27T19:26:05Z,3997075703,212,12.6,3997075705,213,2.2,3997075699,140,60.6,3997075701,141,51.9,3997075697,56,Center,,,,,,,,,,a339o11ut8s1o9odm6ybc4pka,T. van den Belt,,,,,,,,,,,,,,,,,,,,,,,,,,,,,,,,
2501019281,309,1,1,26,45,2uuh2bir8ktof0uxfo06lb4ox,1,60.6,55.4,2023-01-27T19:26:05.536Z,2023-01-27T19:26:07Z,3997075773,141,80.0,3997075769,56,Left,3997075775,212,16.7,3997075771,140,60.6,3997075777,213,1.6,,,,,,,,,,1rd0zzpp3dn0y7qtxwc57g7h1,R. Thomas,,,,,,,,,,,,,,,,,,,,,,,,,,,,,,,,
2501019315,310,1,1,26,46,2uuh2bir8ktof0uxfo06lb4ox,1,60.6,80,2023-01-27T19:26:06.896Z,2023-01-27T19:26:10Z,3997075963,56,Left,3997075973,212,17.8,3997075969,141,96.3,3997075975,213,0.7,3997075965,140,73.9,,,,,,,,,,dse1rndtog4qn2mwv966vp6mt,B. van Hintum,,,,,,,,,,,,,,,,,,,,,,,,,,,,,,,,
2501019361,311,1,1,26,50,2uuh2bir8ktof0uxfo06lb4ox,1,73.9,96.3,2023-01-27T19:26:10.799Z,2023-01-27T19:26:15Z,3997076183,212,18.3,3997076185,213,3.9,3997076181,141,77.9,3997076179,140,61.2,3997076173,56,Center,,,,,,,,,,csecbdlw3sxstnebpiw91ezxm,S. Lagsir,,,,,,,,,,,,,,,,,,,,,,,,,,,,,,,,
2501019393,312,1,1,26,54,2uuh2bir8ktof0uxfo06lb4ox,1,62.6,67.3,2023-01-27T19:26:14.959Z,2023-01-27T19:26:18Z,3997076335,213,4.7,3997076323,56,Center,3997076333,212,28.0,3997076325,140,63.1,3997076329,141,26.1,,,,,,,,,,1rd0zzpp3dn0y7qtxwc57g7h1,R. Thomas,,,,,,,,,,,,,,,,,,,,,,,,,,,,,,,,
2501019413,313,1,1,26,57,2uuh2bir8ktof0uxfo06lb4ox,1,64.2,25.8,2023-01-27T19:26:18.304Z,2023-01-27T19:26:20Z,3997076419,56,Center,3997076423,141,57.2,3997076425,212,23.4,3997076421,140,73.4,3997076427,213,1.1,,,,,,,,,,idvh0ac1f8wv39640pyl4esp,S. Kersten,,,,,,,,,,,,,,,,,,,,,,,,,,,,,,,,
2501019455,314,1,1,26,59,2uuh2bir8ktof0uxfo06lb4ox,1,73.4,58.2,2023-01-27T19:26:20.416Z,2023-01-27T19:26:24Z,3997076691,56,Left,3997076697,212,16.1,3997076693,140,75.4,3997076699,213,1.4,3997076695,141,81.7,,,,,,,,,,29s8wk0a2m66rebsfx1jfuuh,D. van den Berg,,,,,,,,,,,,,,,,,,,,,,,,,,,,,,,,
2501019475,315,1,1,27,4,2uuh2bir8ktof0uxfo06lb4ox,1,74.6,74.8,2023-01-27T19:26:24.528Z,2023-01-27T19:26:26Z,3997076811,212,10.8,3997076809,141,61.7,3997076805,56,Center,3997076813,213,4.1,3997076807,140,68.8,,,,,,,,,,csecbdlw3sxstnebpiw91ezxm,S. Lagsir,,,,,,,,,,,,,,,,,,,,,,,,,,,,,,,,
2501019499,316,1,1,27,5,2uuh2bir8ktof0uxfo06lb4ox,1,68.8,61.7,2023-01-27T19:26:26.160Z,2023-01-27T19:26:28Z,3997076923,56,Center,3997076931,213,5.3,3997076929,212,13.9,3997076925,140,76.0,3997076927,141,44.6,,,,,,,,,,1rd0zzpp3dn0y7qtxwc57g7h1,R. Thomas,,,,,,,,,,,,,,,,,,,,,,,,,,,,,,,,
2501019509,317,1,1,27,8,2uuh2bir8ktof0uxfo06lb4ox,1,76,44.6,2023-01-27T19:26:28.624Z,2023-01-27T19:26:29Z,3997076991,140,81.3,3997076997,213,0.6,3997076989,56,Center,3997076993,141,49.7,3997076995,212,6.6,,,,,,,,,,a339o11ut8s1o9odm6ybc4pka,T. van den Belt,,,,,,,,,,,,,,,,,,,,,,,,,,,,,,,,
2501019529,318,1,1,27,9,2uuh2bir8ktof0uxfo06lb4ox,1,81.3,49.7,2023-01-27T19:26:29.648Z,2023-01-27T19:26:31Z,3997077053,212,11.9,3997077047,56,Center,3997077055,213,3.5,3997077051,141,44.2,3997077049,140,70.5,,,,,,,,,,2esbyi3i7rtsdkxe6a917rsnp,L. Thy,,,,,,,,,,,,,,,,,,,,,,,,,,,,,,,,
2501019539,319,50,1,27,10,2uuh2bir8ktof0uxfo06lb4ox,1,73.7,49,2023-01-27T19:26:31.299Z,2023-01-27T19:26:32Z,3997077105,56,Center,3997077121,233,185,3997077107,286,,,,,,,,,,,,,,,,,a339o11ut8s1o9odm6ybc4pka,T. van den Belt,,,,,,,,,,,,,,,,,,,,,,,,,,,,,,,,
2501019535,185,7,1,27,10,dnzj0iv5qtaemm9kthh9pos8q,0,26.3,51,2023-01-27T19:26:31.300Z,2023-01-27T19:26:32Z,3997077117,233,319,3997077085,285,,3997077083,56,Back,,,,,,,,,,,,,,,,bquqyyfz4lj0xrerbhbtj1jze,Ö. Gündüz,,,,,,,,,,,,,,,,,,,,,,,,,,,,,,,,
2501019629,320,1,1,27,17,2uuh2bir8ktof0uxfo06lb4ox,1,69,56.3,2023-01-27T19:26:37.951Z,2023-01-27T19:26:40Z,3997077561,140,72.9,3997077567,213,1.0,3997077559,56,Center,3997077563,141,65.7,3997077565,212,7.6,,,,,,,,,,a339o11ut8s1o9odm6ybc4pka,T. van den Belt,,,,,,,,,,,,,,,,,,,,,,,,,,,,,,,,
2501019635,321,81,1,27,18,2uuh2bir8ktof0uxfo06lb4ox,0,72.9,65.7,2023-01-27T19:26:39.088Z,2023-01-27T19:26:40Z,3997077577,380,,,,,,,,,,,,,,,,,,,,,,,,,,,,,,,,,,,,,,,,,,,,,,,,,,,,,,,,
2501019645,186,68,1,27,20,dnzj0iv5qtaemm9kthh9pos8q,0,0,0,2023-01-27T19:26:41.204Z,2023-01-27T19:26:41Z,,,,,,,,,,,,,,,,,,,,,,,,,,,,,,,,,,,,,,,,,,,,,,,,,,,,,,,,,,
2501019659,322,68,1,27,21,2uuh2bir8ktof0uxfo06lb4ox,1,0,0,2023-01-27T19:26:41.888Z,2023-01-27T19:26:42Z,,,,,,,,,,,,,,,,,,,,,,,,,,,,,,,,,,,,,,,,,,,,,,,,,,,,,,,,,,
2501019699,323,1,1,27,22,2uuh2bir8ktof0uxfo06lb4ox,1,72.1,69,2023-01-27T19:26:43.264Z,2023-01-27T19:26:44Z,3997077903,212,14.2,3997077899,140,59.2,3997077905,213,2.8,3997077901,141,75.1,3997077897,56,Center,,,,,,,,,,1rd0zzpp3dn0y7qtxwc57g7h1,R. Thomas,,,,,,,,,,,,,,,,,,,,,,,,,,,,,,,,
2501019731,324,1,1,27,24,2uuh2bir8ktof0uxfo06lb4ox,1,59.2,75.1,2023-01-27T19:26:44.816Z,2023-01-27T19:26:48Z,3997078075,213,5.6,3997078069,140,66.0,3997078073,212,9.1,3997078067,56,Center,3997078071,141,66.9,,,,,,,,,,dse1rndtog4qn2mwv966vp6mt,B. van Hintum,,,,,,,,,,,,,,,,,,,,,,,,,,,,,,,,
2501019769,325,1,1,27,27,2uuh2bir8ktof0uxfo06lb4ox,1,65.2,64,2023-01-27T19:26:48.047Z,2023-01-27T19:26:51Z,3997078253,141,23.3,3997078255,212,27.7,3997078251,140,66.0,3997078249,56,Center,3997078257,213,4.7,,,,,,,,,,1rd0zzpp3dn0y7qtxwc57g7h1,R. Thomas,,,,,,,,,,,,,,,,,,,,,,,,,,,,,,,,
2501019795,326,1,1,27,30,2uuh2bir8ktof0uxfo06lb4ox,1,66.1,22.8,2023-01-27T19:26:51.087Z,2023-01-27T19:26:54Z,3997078371,141,10.1,3997078367,56,Right,3997078373,212,16.7,3997078375,213,5.7,3997078369,140,79.7,,,,,,,,,,idvh0ac1f8wv39640pyl4esp,S. Kersten,,,,,,,,,,,,,,,,,,,,,,,,,,,,,,,,
2501019835,327,1,1,27,33,2uuh2bir8ktof0uxfo06lb4ox,1,79.7,10.1,2023-01-27T19:26:53.872Z,2023-01-27T19:26:58Z,3997078613,140,65.2,3997078615,141,18.3,3997078619,213,2.8,3997078611,56,Right,3997078617,212,16.2,,,,,,,,,,8fqnvz74z901a2h0kgk1zezje,L. Görlich,,,,,,,,,,,,,,,,,,,,,,,,,,,,,,,,
2501019873,328,1,1,27,37,2uuh2bir8ktof0uxfo06lb4ox,1,66.2,22.8,2023-01-27T19:26:58.336Z,2023-01-27T19:27:01Z,3997078795,56,Center,3997078799,141,42.1,3997078803,213,1.7,3997078801,212,13.2,3997078797,140,65.0,,,,,,,,,,idvh0ac1f8wv39640pyl4esp,S. Kersten,,,,,,,,,,,,,,,,,,,,,,,,,,,,,,,,
2501019907,329,1,1,27,41,2uuh2bir8ktof0uxfo06lb4ox,1,65,42.1,2023-01-27T19:27:01.727Z,2023-01-27T19:27:04Z,3997078947,141,60.0,3997078949,212,12.5,3997078945,140,62.2,3997078943,56,Center,3997078951,213,1.8,,,,,,,,,,dmrznrol8qp7yk53r6ajhnkt0,T. Beelen,,,,,,,,,,,,,,,,,,,,,,,,,,,,,,,,
2501019917,330,1,1,27,43,2uuh2bir8ktof0uxfo06lb4ox,1,62.5,58.1,2023-01-27T19:27:04.432Z,2023-01-27T19:27:05Z,3997079013,141,45.5,3997079015,212,8.7,3997079011,140,61.2,3997079017,213,4.6,3997079009,56,Center,,,,,,,,,,dse1rndtog4qn2mwv966vp6mt,B. van Hintum,,,,,,,,,,,,,,,,,,,,,,,,,,,,,,,,
2501019941,331,1,1,27,45,2uuh2bir8ktof0uxfo06lb4ox,1,61.4,44.5,2023-01-27T19:27:05.759Z,2023-01-27T19:27:08Z,3997079145,213,1.7,3997079137,56,Center,3997079143,212,11.9,3997079141,141,62.0,3997079139,140,60.4,,,,,,,,,,dmrznrol8qp7yk53r6ajhnkt0,T. Beelen,,,,,,,,,,,,,,,,,,,,,,,,,,,,,,,,
2501019999,332,1,1,27,48,2uuh2bir8ktof0uxfo06lb4ox,1,60.4,63.6,2023-01-27T19:27:08.847Z,2023-01-27T19:27:15Z,3997079369,141,95.4,3997079365,56,Left,3997079373,213,1.0,3997079371,212,26.5,3997079367,140,75.0,,,,,,,,,,dse1rndtog4qn2mwv966vp6mt,B. van Hintum,,,,,,,,,,,,,,,,,,,,,,,,,,,,,,,,
2501020049,333,1,1,27,55,2uuh2bir8ktof0uxfo06lb4ox,1,74,89.9,2023-01-27T19:27:15.583Z,2023-01-27T19:27:21Z,3997079671,141,74.4,3997079667,56,Center,3997079673,212,12.1,3997079669,140,68.4,3997079675,213,4.2,,,,,,,,,,csecbdlw3sxstnebpiw91ezxm,S. Lagsir,,,,,,,,,,,,,,,,,,,,,,,,,,,,,,,,
2501020063,334,1,1,28,0,2uuh2bir8ktof0uxfo06lb4ox,1,65.8,62.4,2023-01-27T19:27:21.134Z,2023-01-27T19:27:22Z,3997079761,56,Center,3997079767,212,12.2,3997079763,140,75.9,3997079769,213,0.5,3997079765,141,71.2,,,,,,,,,,1rd0zzpp3dn0y7qtxwc57g7h1,R. Thomas,,,,,,,,,,,,,,,,,,,,,,,,,,,,,,,,
2501020075,335,1,1,28,1,2uuh2bir8ktof0uxfo06lb4ox,1,75.9,71.2,2023-01-27T19:27:22.303Z,2023-01-27T19:27:23Z,3997079827,141,66.9,3997079835,156,,3997079823,56,Center,3997079831,213,3.6,3997079829,212,6.1,3997079825,140,70.8,,,,,,,csecbdlw3sxstnebpiw91ezxm,S. Lagsir,,,,,,,,,,,,,,,,,,,,,,,,,,,,,,,,
2501020105,336,1,1,28,3,2uuh2bir8ktof0uxfo06lb4ox,1,70.8,66.9,2023-01-27T19:27:24.079Z,2023-01-27T19:27:26Z,3997079959,212,18.7,3997079955,140,84.2,3997079963,213,0.7,3997079953,56,Left,3997079957,141,85.1,,,,,,,,,,a339o11ut8s1o9odm6ybc4pka,T. van den Belt,,,,,,,,,,,,,,,,,,,,,,,,,,,,,,,,
2501020129,337,1,1,28,6,2uuh2bir8ktof0uxfo06lb4ox,1,87.6,84.7,2023-01-27T19:27:26.639Z,2023-01-27T19:28:13Z,3997080093,213,4.8,3997081823,210,16,3997080081,2,,3997080087,140,89.9,3997080091,212,24.3,3997080083,155,,3997081827,22,,3997081825,154,,29s8wk0a2m66rebsfx1jfuuh,D. van den Berg,3997080089,141,3997080085,56,Center,,49.1,,,,,,,,,,,,,,,,,,,,,,,,,1
2501020133,338,16,1,28,6,2uuh2bir8ktof0uxfo06lb4ox,1,89.9,49.1,2023-01-27T19:27:27.366Z,2023-01-27T19:28:14Z,3997081857,81,,3997081871,214,,3997080921,374,2023-01-27 19:27:26.729,3997080103,22,,3997081877,231,49.8,3997081859,29,,3997081863,55,337,3997080105,17,,by85t8ssyumcjcks1jx3v96vo,Y. Taha,3997081869,103,3997081855,15,,,21.5,3997081861,154,3997081873,328,,3997080107,56,3997080925,375,28:06.223,,Center,3997081875,230,99.4,3997081867,102,47.2,,,,,,,
2501020547,187,1,1,28,56,dnzj0iv5qtaemm9kthh9pos8q,1,49.9,49.9,2023-01-27T19:28:16.819Z,2023-01-27T19:28:20Z,3997082053,212,21.9,3997082047,56,Back,3997082055,213,3.2,3997082051,141,49.6,3997082057,279,G,3997082049,140,29.0,,,,,,,f1as17wqpj44gihtvw936lofd,B. van Hoeven,,,,,,,,,,,,,,,,,,,,,,,,,,,,,,,,
2501020557,188,1,1,28,59,dnzj0iv5qtaemm9kthh9pos8q,0,29,49.6,2023-01-27T19:28:20.053Z,2023-01-27T19:28:20Z,3997082095,213,0.4,3997082089,140,71.4,3997082085,157,,3997082087,56,Center,3997082093,212,48.3,3997082097,1,,3997082091,141,77.0,,,,7cetznpb0tnu6kdz7bvm8gyxh,L. Piqué,,,,,,,,,,,,,,,,,,,,,,,,,,,,,,,,
2501020569,339,1,1,29,0,2uuh2bir8ktof0uxfo06lb4ox,0,27.7,24.7,2023-01-27T19:28:21.102Z,2023-01-27T19:28:22Z,3997082167,212,16.0,3997082161,56,Back,3997082169,213,0.3,3997082165,141,31.3,3997082163,140,42.3,3997082159,3,,,,,,,,idvh0ac1f8wv39640pyl4esp,S. Kersten,,,,,,,,,,,,,,,,,,,,,,,,,,,,,,,,
2501020593,189,1,1,29,5,dnzj0iv5qtaemm9kthh9pos8q,0,55,65.5,2023-01-27T19:28:26.004Z,2023-01-27T19:28:27Z,3997082327,213,1.2,3997082317,3,,3997082321,140,63.3,3997082325,212,25.9,3997082319,56,Left,3997082323,141,100.0,,,,,,,8uw9w30592omb8acpnssgdlh,R. Dekker,,,,,,,,,,,,,,,,,,,,,,,,,,,,,,,,
2501020595,190,5,1,29,5,dnzj0iv5qtaemm9kthh9pos8q,0,63.3,101.6,2023-01-27T19:28:26.495Z,2023-01-27T19:47:10Z,3997082329,56,Left,3997082331,347,,3997082677,233,340,,,,,,,,,,,,,,,,8uw9w30592omb8acpnssgdlh,R. Dekker,,,,,,,,,,,,,,,,,,,,,,,,,,,,,,,,
2501020667,340,5,1,29,5,2uuh2bir8ktof0uxfo06lb4ox,1,36.7,-1.6,2023-01-27T19:28:26.495Z,2023-01-27T19:28:35Z,3997082637,56,Back,3997082673,233,190,3997082639,347,,,,,,,,,,,,,,,,,idvh0ac1f8wv39640pyl4esp,S. Kersten,,,,,,,,,,,,,,,,,,,,,,,,,,,,,,,,
2501020677,341,1,1,29,14,2uuh2bir8ktof0uxfo06lb4ox,1,36.7,0,2023-01-27T19:28:34.622Z,2023-01-27T19:28:35Z,3997082705,140,34.2,3997082709,212,13.1,3997082711,213,1.8,3997082703,56,Back,3997082707,141,16.8,3997082701,107,,,,,,,,8fqnvz74z901a2h0kgk1zezje,L. Görlich,,,,,,,,,,,,,,,,,,,,,,,,,,,,,,,,
2501020717,342,1,1,29,15,2uuh2bir8ktof0uxfo06lb4ox,1,34.2,17.6,2023-01-27T19:28:35.758Z,2023-01-27T19:28:39Z,3997082913,56,Back,3997082921,213,1.5,3997082917,141,41.6,3997082915,140,35.2,3997082919,212,16.4,,,,,,,,,,idvh0ac1f8wv39640pyl4esp,S. Kersten,,,,,,,,,,,,,,,,,,,,,,,,,,,,,,,,
2501020759,343,1,1,29,19,2uuh2bir8ktof0uxfo06lb4ox,1,44.2,56.9,2023-01-27T19:28:39.839Z,2023-01-27T19:28:45Z,3997083113,212,30.8,3997083107,56,Left,3997083111,141,97.2,3997083115,213,1.1,3997083109,140,57.6,,,,,,,,,,dmrznrol8qp7yk53r6ajhnkt0,T. Beelen,,,,,,,,,,,,,,,,,,,,,,,,,,,,,,,,
2501020799,344,1,1,29,25,2uuh2bir8ktof0uxfo06lb4ox,1,59.4,93,2023-01-27T19:28:45.775Z,2023-01-27T19:28:49Z,3997083271,213,4.0,3997083267,141,75.9,3997083263,56,Center,3997083265,140,50.2,3997083269,212,15.1,,,,,,,,,,csecbdlw3sxstnebpiw91ezxm,S. Lagsir,,,,,,,,,,,,,,,,,,,,,,,,,,,,,,,,
2501020821,345,1,1,29,28,2uuh2bir8ktof0uxfo06lb4ox,1,52.5,66.9,2023-01-27T19:28:49.470Z,2023-01-27T19:28:51Z,3997083363,140,53.3,3997083365,141,33.3,3997083369,213,4.7,3997083361,56,Center,3997083367,212,22.9,,,,,,,,,,dmrznrol8qp7yk53r6ajhnkt0,T. Beelen,,,,,,,,,,,,,,,,,,,,,,,,,,,,,,,,
2501020861,346,1,1,29,31,2uuh2bir8ktof0uxfo06lb4ox,1,53.7,31.3,2023-01-27T19:28:51.534Z,2023-01-27T19:28:57Z,3997083579,213,5.6,3997083575,141,8.0,3997083577,212,24.1,3997083571,56,Right,3997083573,140,71.0,,,,,,,,,,idvh0ac1f8wv39640pyl4esp,S. Kersten,,,,,,,,,,,,,,,,,,,,,,,,,,,,,,,,
2501020873,347,1,1,29,36,2uuh2bir8ktof0uxfo06lb4ox,1,65.5,7.1,2023-01-27T19:28:57.118Z,2023-01-27T19:28:59Z,3997083611,56,Center,3997083617,212,13.4,3997083613,140,61.1,3997083615,141,25.6,3997083619,213,1.9,,,,,,,,,,8fqnvz74z901a2h0kgk1zezje,L. Görlich,,,,,,,,,,,,,,,,,,,,,,,,,,,,,,,,
2501020903,348,1,1,29,38,2uuh2bir8ktof0uxfo06lb4ox,1,61.1,25.6,2023-01-27T19:28:58.911Z,2023-01-27T19:29:02Z,3997083745,140,59.5,3997083749,212,15.7,3997083751,213,1.7,3997083743,56,Center,3997083747,141,48.5,,,,,,,,,,idvh0ac1f8wv39640pyl4esp,S. Kersten,,,,,,,,,,,,,,,,,,,,,,,,,,,,,,,,
2501020919,349,1,1,29,41,2uuh2bir8ktof0uxfo06lb4ox,1,55.5,51,2023-01-27T19:29:02.174Z,2023-01-27T19:29:04Z,3997083815,141,68.8,3997083819,213,2.1,3997083817,212,14.0,3997083809,56,Back,3997083811,140,48.8,,,,,,,,,,dmrznrol8qp7yk53r6ajhnkt0,T. Beelen,,,,,,,,,,,,,,,,,,,,,,,,,,,,,,,,
2501020961,350,1,1,29,43,2uuh2bir8ktof0uxfo06lb4ox,1,48.8,68.8,2023-01-27T19:29:04.462Z,2023-01-27T19:29:12Z,3997084073,1,,3997084065,140,44.6,3997084069,212,35.2,3997084071,213,4.6,3997084063,56,Back,3997084067,141,17.4,,,,,,,dse1rndtog4qn2mwv966vp6mt,B. van Hintum,,,,,,,,,,,,,,,,,,,,,,,,,,,,,,,,
2501021019,351,1,1,29,51,2uuh2bir8ktof0uxfo06lb4ox,1,42.3,5.5,2023-01-27T19:29:12.366Z,2023-01-27T19:29:20Z,3997084367,140,40.0,3997084377,213,1.7,3997084363,56,Back,3997084373,141,29.8,3997084375,212,16.7,,,,,,,,,,idvh0ac1f8wv39640pyl4esp,S. Kersten,,,,,,,,,,,,,,,,,,,,,,,,,,,,,,,,
2501021033,352,1,1,30,0,2uuh2bir8ktof0uxfo06lb4ox,1,51.9,48.1,2023-01-27T19:29:20.862Z,2023-01-27T19:29:23Z,3997084483,56,Back,3997084491,213,2.1,3997084489,212,13.8,3997084485,140,44.8,3997084487,141,65.1,,,,,,,,,,1rd0zzpp3dn0y7qtxwc57g7h1,R. Thomas,,,,,,,,,,,,,,,,,,,,,,,,,,,,,,,,
2501021083,353,1,1,30,2,2uuh2bir8ktof0uxfo06lb4ox,1,44.8,65.1,2023-01-27T19:29:23.086Z,2023-01-27T19:29:28Z,3997084677,212,23.2,3997084671,56,Left,3997084673,140,56.7,3997084675,141,93.9,3997084679,213,1.0,,,,,,,,,,dse1rndtog4qn2mwv966vp6mt,B. van Hintum,,,,,,,,,,,,,,,,,,,,,,,,,,,,,,,,
2501021107,354,1,1,30,7,2uuh2bir8ktof0uxfo06lb4ox,1,62.2,89,2023-01-27T19:29:28.270Z,2023-01-27T19:29:31Z,3997084781,141,77.2,3997084779,140,59.5,3997084783,212,8.5,3997084777,56,Center,3997084785,213,4.4,,,,,,,,,,csecbdlw3sxstnebpiw91ezxm,S. Lagsir,,,,,,,,,,,,,,,,,,,,,,,,,,,,,,,,
2501021119,355,1,1,30,10,2uuh2bir8ktof0uxfo06lb4ox,1,59.5,74.7,2023-01-27T19:29:30.894Z,2023-01-27T19:29:33Z,3997084851,212,16.2,3997084845,56,Left,3997084849,141,95.0,3997084853,213,1.0,3997084847,140,67.5,,,,,,,,,,1rd0zzpp3dn0y7qtxwc57g7h1,R. Thomas,,,,,,,,,,,,,,,,,,,,,,,,,,,,,,,,
2501021137,356,1,1,30,12,2uuh2bir8ktof0uxfo06lb4ox,1,67.5,95,2023-01-27T19:29:32.942Z,2023-01-27T19:29:36Z,3997084927,140,46.2,3997084945,141,87.7,3997084949,213,3.4,3997084947,212,22.9,3997084925,56,Back,,,,,,,,,,29s8wk0a2m66rebsfx1jfuuh,D. van den Berg,,,,,,,,,,,,,,,,,,,,,,,,,,,,,,,,
2501021155,357,1,1,30,15,2uuh2bir8ktof0uxfo06lb4ox,1,47.8,87.7,2023-01-27T19:29:36.285Z,2023-01-27T19:29:38Z,3997085005,56,Left,3997085009,141,92.9,3997085011,212,11.7,3997085007,140,58.4,3997085013,213,0.3,,,,,,,,,,dse1rndtog4qn2mwv966vp6mt,B. van Hintum,,,,,,,,,,,,,,,,,,,,,,,,,,,,,,,,
2501021181,358,1,1,30,17,2uuh2bir8ktof0uxfo06lb4ox,1,58.4,92.9,2023-01-27T19:29:38.158Z,2023-01-27T19:29:41Z,3997085177,212,15.0,3997085171,56,Back,3997085173,140,46.5,3997085179,213,3.7,3997085175,141,80.8,,,,,,,,,,29s8wk0a2m66rebsfx1jfuuh,D. van den Berg,,,,,,,,,,,,,,,,,,,,,,,,,,,,,,,,
2501021191,359,1,1,30,20,2uuh2bir8ktof0uxfo06lb4ox,1,52.6,80.9,2023-01-27T19:29:41.230Z,2023-01-27T19:29:42Z,3997085247,213,5.4,3997085239,56,Center,3997085241,140,65.6,3997085245,212,22.6,3997085243,141,54.5,,,,,,,,,,dse1rndtog4qn2mwv966vp6mt,B. van Hintum,,,,,,,,,,,,,,,,,,,,,,,,,,,,,,,,
2501021223,360,1,1,30,21,2uuh2bir8ktof0uxfo06lb4ox,1,65.6,54.5,2023-01-27T19:29:42.334Z,2023-01-27T19:29:45Z,3997085381,141,50.0,3997085379,140,73.8,3997085383,212,9.1,3997085377,56,Center,3997085385,213,5.9,,,,,,,,,,a339o11ut8s1o9odm6ybc4pka,T. van den Belt,,,,,,,,,,,,,,,,,,,,,,,,,,,,,,,,
2501021247,361,1,1,30,24,2uuh2bir8ktof0uxfo06lb4ox,1,69.6,38.9,2023-01-27T19:29:45.501Z,2023-01-27T19:29:47Z,3997085507,56,Right,3997085521,213,5.3,3997085511,140,80.7,3997085515,141,12.3,3997085519,212,21.5,,,,,,,,,,2esbyi3i7rtsdkxe6a917rsnp,L. Thy,,,,,,,,,,,,,,,,,,,,,,,,,,,,,,,,
2501021255,362,1,1,30,27,2uuh2bir8ktof0uxfo06lb4ox,0,84.6,13.4,2023-01-27T19:29:47.677Z,2023-01-27T19:29:48Z,3997085575,213,1.5,3997085569,140,85.4,3997085573,212,21.0,3997085567,56,Center,3997085571,141,44.3,,,,,,,,,,8fqnvz74z901a2h0kgk1zezje,L. Görlich,,,,,,,,,,,,,,,,,,,,,,,,,,,,,,,,
2501021261,191,61,1,30,29,dnzj0iv5qtaemm9kthh9pos8q,1,16.7,62,2023-01-27T19:29:50.285Z,2023-01-27T19:29:50Z,3997085591,56,Back,,,,,,,,,,,,,,,,,,,,,,1jn9jog8ou8uxnmypneksizxm,R. van Eijma,,,,,,,,,,,,,,,,,,,,,,,,,,,,,,,,
2501021273,363,43,1,30,31,2uuh2bir8ktof0uxfo06lb4ox,1,0,0,2023-01-27T19:29:51.761Z,2023-01-27T19:29:57Z,3997085645,56,Right,3997085887,144,61,,,,,,,,,,,,,,,,,,,8fqnvz74z901a2h0kgk1zezje,L. Görlich,,,,,,,,,,,,,,,,,,,,,,,,,,,,,,,,
2501021307,192,4,1,30,33,dnzj0iv5qtaemm9kthh9pos8q,1,19.3,71.4,2023-01-27T19:29:53.628Z,2023-01-27T19:29:55Z,3997085801,285,,3997085795,56,Back,3997085817,233,364,3997085799,265,,3997085797,152,,3997085793,13,,,,,,,,4zow18ykkg1gvw40r7jsrzkl,D. van der Sluys,,,,,,,,,,,,,,,,,,,,,,,,,,,,,,,,
2501021301,364,4,1,30,33,2uuh2bir8ktof0uxfo06lb4ox,0,80.7,28.6,2023-01-27T19:29:53.629Z,2023-01-27T19:32:04Z,3997085769,56,Center,3997085773,265,,3997085771,152,,3997085775,286,,3997085835,233,192,3997085767,13,,,,,,,,8fqnvz74z901a2h0kgk1zezje,L. Görlich,,,,,,,,,,,,,,,,,,,,,,,,,,,,,,,,
2501021547,193,1,1,30,56,dnzj0iv5qtaemm9kthh9pos8q,0,26.8,66.7,2023-01-27T19:30:17.141Z,2023-01-27T19:30:21Z,3997087005,152,,3997087009,140,73.0,3997087015,213,0.0,3997087003,157,,3997087011,141,68.1,3997087017,1,,3997087001,5,,3997087013,212,48.5,alzgg0nxnnex3nkzr6lgmt1ey,T. Jansen,3997087007,56,,,,,Center,,,,,,,,,,,,,,,,,,,,,,,,,
2501021595,365,1,1,31,1,2uuh2bir8ktof0uxfo06lb4ox,0,25.4,23.3,2023-01-27T19:30:21.950Z,2023-01-27T19:30:22Z,3997087263,56,Back,3997087269,212,14.9,3997087265,140,38.2,3997087261,3,,3997087271,213,5.8,3997087267,141,13.8,,,,,,,idvh0ac1f8wv39640pyl4esp,S. Kersten,,,,,,,,,,,,,,,,,,,,,,,,,,,,,,,,
2501021655,194,1,1,31,3,dnzj0iv5qtaemm9kthh9pos8q,0,67.4,82,2023-01-27T19:30:23.715Z,2023-01-27T19:50:39Z,3997087513,140,82.3,3997087515,141,92.1,3997087519,213,0.4,3997087511,56,Left,3997087517,212,17.1,,,,,,,,,,bquqyyfz4lj0xrerbhbtj1jze,Ö. Gündüz,,,,,,,,,,,,,,,,,,,,,,,,,,,,,,,,
2501021617,366,61,1,31,4,2uuh2bir8ktof0uxfo06lb4ox,1,26.3,9.2,2023-01-27T19:30:24.942Z,2023-01-27T19:30:25Z,3997087347,56,Back,,,,,,,,,,,,,,,,,,,,,,8fqnvz74z901a2h0kgk1zezje,L. Görlich,,,,,,,,,,,,,,,,,,,,,,,,,,,,,,,,
2501021645,367,49,1,31,7,2uuh2bir8ktof0uxfo06lb4ox,1,9.4,14.7,2023-01-27T19:30:27.677Z,2023-01-27T19:30:27Z,,,,,,,,,,,,,,,,,,,,,,,,,idvh0ac1f8wv39640pyl4esp,S. Kersten,,,,,,,,,,,,,,,,,,,,,,,,,,,,,,,,
2501021659,195,3,1,31,8,dnzj0iv5qtaemm9kthh9pos8q,0,82.8,92.3,2023-01-27T19:30:29.331Z,2023-01-27T19:30:30Z,3997087565,211,,3997087535,286,,3997087533,56,Left,,,,,,,,,,,,,,,,1mroid71v9bwpx0iaospei9gq,R. Margaret,,,,,,,,,,,,,,,,,,,,,,,,,,,,,,,,
2501021673,368,1,1,31,9,2uuh2bir8ktof0uxfo06lb4ox,0,6.9,13.2,2023-01-27T19:30:29.759Z,2023-01-27T19:30:31Z,3997087639,212,28.1,3997087635,140,33.6,3997087633,56,Back,3997087641,213,6.2,3997087631,157,,3997087637,141,11.3,3997087643,1,,,,,idvh0ac1f8wv39640pyl4esp,S. Kersten,,,,,,,,,,,,,,,,,,,,,,,,,,,,,,,,
2501021711,196,1,1,31,13,dnzj0iv5qtaemm9kthh9pos8q,1,68.9,90.8,2023-01-27T19:30:33.635Z,2023-01-27T19:30:35Z,3997087833,213,0.3,3997087827,140,78.2,3997087831,212,10.1,3997087823,3,,3997087825,56,Left,3997087829,141,94.5,,,,,,,1jn9jog8ou8uxnmypneksizxm,R. van Eijma,,,,,,,,,,,,,,,,,,,,,,,,,,,,,,,,
2501021713,197,50,1,31,13,dnzj0iv5qtaemm9kthh9pos8q,1,79.6,95.4,2023-01-27T19:30:34.397Z,2023-01-27T19:30:36Z,3997087839,286,,3997087857,233,369,3997087837,56,Left,,,,,,,,,,,,,,,,dh3ksith5iat573zuhdhv91w5,R. Stuy van den Herik,,,,,,,,,,,,,,,,,,,,,,,,,,,,,,,,
2501021715,369,7,1,31,13,2uuh2bir8ktof0uxfo06lb4ox,1,20.4,4.6,2023-01-27T19:30:34.398Z,2023-01-27T19:30:38Z,3997087851,233,197,3997087843,285,,3997087841,56,Back,,,,,,,,,,,,,,,,8fqnvz74z901a2h0kgk1zezje,L. Görlich,,,,,,,,,,,,,,,,,,,,,,,,,,,,,,,,
2501021789,198,5,1,31,16,dnzj0iv5qtaemm9kthh9pos8q,1,79,101.8,2023-01-27T19:30:36.751Z,2023-01-27T19:47:10Z,3997088281,347,,3997088279,56,Left,3997088321,233,370,,,,,,,,,,,,,,,,dh3ksith5iat573zuhdhv91w5,R. Stuy van den Herik,,,,,,,,,,,,,,,,,,,,,,,,,,,,,,,,
2501021721,370,5,1,31,16,2uuh2bir8ktof0uxfo06lb4ox,0,21,-1.8,2023-01-27T19:30:36.751Z,2023-01-27T19:30:45Z,3997088335,233,198,3997087867,56,Back,3997087869,347,,,,,,,,,,,,,,,,,8fqnvz74z901a2h0kgk1zezje,L. Görlich,,,,,,,,,,,,,,,,,,,,,,,,,,,,,,,,
2501021807,199,1,1,31,24,dnzj0iv5qtaemm9kthh9pos8q,0,79.3,100,2023-01-27T19:30:45.139Z,2023-01-27T19:30:46Z,3997088375,140,90.3,3997088379,212,17.2,3997088371,107,,3997088377,141,82.9,3997088373,56,Left,3997088381,213,5.4,,,,,,,4zow18ykkg1gvw40r7jsrzkl,D. van der Sluys,,,,,,,,,,,,,,,,,,,,,,,,,,,,,,,,
2501021817,371,12,1,31,25,2uuh2bir8ktof0uxfo06lb4ox,1,10,14.6,2023-01-27T19:30:46.094Z,2023-01-27T19:30:49Z,3997088415,213,5.0,3997088517,167,,3997088409,140,12.7,3997088413,212,11.2,3997088407,56,Back,3997088515,15,,3997088411,141,0.0,,,,dmrznrol8qp7yk53r6ajhnkt0,T. Beelen,,,,,,,,,,,,,,,,,,,,,,,,,,,,,,,,
2501021931,200,5,1,31,26,dnzj0iv5qtaemm9kthh9pos8q,1,84.8,101.2,2023-01-27T19:30:47.386Z,2023-01-27T19:47:11Z,3997089023,233,372,3997089015,56,Left,3997089017,347,,,,,,,,,,,,,,,,,4zow18ykkg1gvw40r7jsrzkl,D. van der Sluys,,,,,,,,,,,,,,,,,,,,,,,,,,,,,,,,
2501021821,372,5,1,31,26,2uuh2bir8ktof0uxfo06lb4ox,0,15.2,-1.2,2023-01-27T19:30:47.386Z,2023-01-27T19:30:58Z,3997088425,56,Back,3997088427,347,,3997089029,233,200,,,,,,,,,,,,,,,,dmrznrol8qp7yk53r6ajhnkt0,T. Beelen,,,,,,,,,,,,,,,,,,,,,,,,,,,,,,,,
2501021963,201,1,1,31,37,dnzj0iv5qtaemm9kthh9pos8q,1,82,100,2023-01-27T19:30:58.051Z,2023-01-27T19:31:02Z,3997089139,212,12.7,3997089135,140,70.9,3997089133,56,Left,3997089141,213,3.6,3997089131,107,,3997089137,141,93.9,,,,,,,4zow18ykkg1gvw40r7jsrzkl,D. van der Sluys,,,,,,,,,,,,,,,,,,,,,,,,,,,,,,,,
2501022015,202,1,1,31,42,dnzj0iv5qtaemm9kthh9pos8q,1,72.2,92.7,2023-01-27T19:31:02.531Z,2023-01-27T19:31:06Z,3997089371,56,Back,3997089377,212,35.5,3997089373,140,43.0,3997089381,1,,3997089375,141,66.3,3997089379,213,3.7,,,,,,,1jn9jog8ou8uxnmypneksizxm,R. van Eijma,,,,,,,,,,,,,,,,,,,,,,,,,,,,,,,,
2501022103,203,1,1,31,45,dnzj0iv5qtaemm9kthh9pos8q,1,42.8,67.8,2023-01-27T19:31:05.924Z,2023-01-27T19:31:15Z,3997089791,157,,3997089797,141,83.9,3997089793,56,Left,3997089801,213,0.2,3997089803,1,,3997089795,140,94.1,3997089799,212,55.0,,,,7cetznpb0tnu6kdz7bvm8gyxh,L. Piqué,,,,,,,,,,,,,,,,,,,,,,,,,,,,,,,,
2501022143,204,1,1,31,54,dnzj0iv5qtaemm9kthh9pos8q,1,83.4,94.5,2023-01-27T19:31:15.075Z,2023-01-27T19:31:17Z,3997089991,212,11.0,3997089989,141,79.6,3997089985,56,Left,3997089993,213,4.3,3997089987,140,79.3,,,,,,,,,,1mroid71v9bwpx0iaospei9gq,R. Margaret,,,,,,,,,,,,,,,,,,,,,,,,,,,,,,,,
2501022187,205,1,1,31,56,dnzj0iv5qtaemm9kthh9pos8q,1,79.7,80.8,2023-01-27T19:31:17.395Z,2023-01-27T19:31:20Z,3997090225,141,95.9,3997090229,213,1.7,3997090223,140,78.2,3997090221,56,Left,3997090227,212,10.4,,,,,,,,,,bquqyyfz4lj0xrerbhbtj1jze,Ö. Gündüz,,,,,,,,,,,,,,,,,,,,,,,,,,,,,,,,
2501022191,206,3,1,31,58,dnzj0iv5qtaemm9kthh9pos8q,0,79.6,95.2,2023-01-27T19:31:19.019Z,2023-01-27T19:31:21Z,3997090243,286,,3997090241,56,Left,3997090281,233,373,,,,,,,,,,,,,,,,1mroid71v9bwpx0iaospei9gq,R. Margaret,,,,,,,,,,,,,,,,,,,,,,,,,,,,,,,,
2501022189,373,7,1,31,58,2uuh2bir8ktof0uxfo06lb4ox,0,20.4,4.8,2023-01-27T19:31:19.020Z,2023-01-27T19:31:21Z,3997090233,56,Back,3997090235,285,,3997090257,233,206,,,,,,,,,,,,,,,,a339o11ut8s1o9odm6ybc4pka,T. van den Belt,,,,,,,,,,,,,,,,,,,,,,,,,,,,,,,,
2501022205,207,61,1,32,1,dnzj0iv5qtaemm9kthh9pos8q,1,78.6,96,2023-01-27T19:31:21.572Z,2023-01-27T19:31:21Z,3997090291,56,Left,,,,,,,,,,,,,,,,,,,,,,1mroid71v9bwpx0iaospei9gq,R. Margaret,,,,,,,,,,,,,,,,,,,,,,,,,,,,,,,,
2501022221,208,5,1,32,1,dnzj0iv5qtaemm9kthh9pos8q,0,80.7,101.4,2023-01-27T19:31:21.582Z,2023-01-27T19:47:11Z,3997090387,347,,3997091037,233,374,3997090385,56,Left,,,,,,,,,,,,,,,,1mroid71v9bwpx0iaospei9gq,R. Margaret,,,,,,,,,,,,,,,,,,,,,,,,,,,,,,,,
2501022343,374,5,1,32,1,2uuh2bir8ktof0uxfo06lb4ox,1,19.3,-1.4,2023-01-27T19:31:21.582Z,2023-01-27T19:31:33Z,3997091005,233,208,3997091003,347,,3997091001,56,Back,,,,,,,,,,,,,,,,a339o11ut8s1o9odm6ybc4pka,T. van den Belt,,,,,,,,,,,,,,,,,,,,,,,,,,,,,,,,
2501022327,210,43,1,32,11,dnzj0iv5qtaemm9kthh9pos8q,1,0,0,2023-01-27T19:31:31.630Z,2023-01-27T19:31:41Z,3997090933,73,0,3997091465,144,6,3997090931,56,Back,,,,,,,,,,,,,,,,7cetznpb0tnu6kdz7bvm8gyxh,L. Piqué,,,,,,,,,,,,,,,,,,,,,,,,,,,,,,,,
2501022395,375,1,1,32,12,2uuh2bir8ktof0uxfo06lb4ox,1,22.3,0,2023-01-27T19:31:32.845Z,2023-01-27T19:31:37Z,3997091261,213,2.1,3997091255,140,9.7,3997091263,1,,3997091259,212,26.2,3997091257,141,31.2,3997091251,107,,3997091253,56,Back,,,,8fqnvz74z901a2h0kgk1zezje,L. Görlich,,,,,,,,,,,,,,,,,,,,,,,,,,,,,,,,
2501022467,376,1,1,32,17,2uuh2bir8ktof0uxfo06lb4ox,1,10.1,32.2,2023-01-27T19:31:37.629Z,2023-01-27T19:31:43Z,3997091591,213,1.0,3997091583,56,Back,3997091589,212,23.7,3997091585,140,22.2,3997091587,141,61.7,,,,,,,,,,cetavjue5femoxid9fmcd0zjd,J. Schendelaar,,,,,,,,,,,,,,,,,,,,,,,,,,,,,,,,
2501022551,377,1,1,32,22,2uuh2bir8ktof0uxfo06lb4ox,1,35.7,67.2,2023-01-27T19:31:43.293Z,2023-01-27T19:31:50Z,3997091967,140,55.9,3997091973,213,0.8,3997091965,56,Left,3997091969,141,96.9,3997091971,212,29.3,,,,,,,,,,dse1rndtog4qn2mwv966vp6mt,B. van Hintum,,,,,,,,,,,,,,,,,,,,,,,,,,,,,,,,
2501022569,211,45,1,32,30,dnzj0iv5qtaemm9kthh9pos8q,0,12.1,14.2,2023-01-27T19:31:50.765Z,2023-01-27T19:31:53Z,3997092085,233,378,3997092057,285,,3997092055,56,Back,,,,,,,,,,,,,,,,dcdvet7azx1a59xm2ke7qi2cq,I. Pata,,,,,,,,,,,,,,,,,,,,,,,,,,,,,,,,
2501022565,378,3,1,32,30,2uuh2bir8ktof0uxfo06lb4ox,1,87.9,85.8,2023-01-27T19:31:50.765Z,2023-01-27T19:31:53Z,3997092039,286,,3997092069,233,211,3997092037,56,Left,,,,,,,,,,,,,,,,csecbdlw3sxstnebpiw91ezxm,S. Lagsir,,,,,,,,,,,,,,,,,,,,,,,,,,,,,,,,
2501022571,379,1,1,32,31,2uuh2bir8ktof0uxfo06lb4ox,0,97.2,75.1,2023-01-27T19:31:52.236Z,2023-01-27T19:31:53Z,3997092067,213,4.3,3997092061,140,95.4,3997092065,212,4.3,3997092059,56,Center,3997092063,141,69.4,,,,,,,,,,csecbdlw3sxstnebpiw91ezxm,S. Lagsir,,,,,,,,,,,,,,,,,,,,,,,,,,,,,,,,
2501022605,212,61,1,32,35,dnzj0iv5qtaemm9kthh9pos8q,1,2.7,29.2,2023-01-27T19:31:55.988Z,2023-01-27T19:31:56Z,3997092277,56,Back,,,,,,,,,,,,,,,,,,,,,,7cetznpb0tnu6kdz7bvm8gyxh,L. Piqué,,,,,,,,,,,,,,,,,,,,,,,,,,,,,,,,
2501022677,213,12,1,32,38,dnzj0iv5qtaemm9kthh9pos8q,1,20.1,35.8,2023-01-27T19:31:58.547Z,2023-01-27T19:32:01Z,3997092667,212,27.7,3997092661,141,0.0,3997092671,213,4.3,3997092657,140,10.3,3997092653,56,Back,3997092705,167,,,,,,,,bquqyyfz4lj0xrerbhbtj1jze,Ö. Gündüz,,,,,,,,,,,,,,,,,,,,,,,,,,,,,,,,
2501022683,214,5,1,32,40,dnzj0iv5qtaemm9kthh9pos8q,0,15.1,-2,2023-01-27T19:32:00.996Z,2023-01-27T19:32:05Z,3997092691,56,Back,3997092919,233,380,3997092693,347,,,,,,,,,,,,,,,,,bquqyyfz4lj0xrerbhbtj1jze,Ö. Gündüz,,,,,,,,,,,,,,,,,,,,,,,,,,,,,,,,
2501022727,380,5,1,32,40,2uuh2bir8ktof0uxfo06lb4ox,1,84.9,102,2023-01-27T19:32:00.996Z,2023-01-27T19:47:11Z,3997092873,347,,3997092905,233,214,3997092871,56,Left,,,,,,,,,,,,,,,,csecbdlw3sxstnebpiw91ezxm,S. Lagsir,,,,,,,,,,,,,,,,,,,,,,,,,,,,,,,,
2501022869,381,1,1,32,55,2uuh2bir8ktof0uxfo06lb4ox,0,84.5,100,2023-01-27T19:32:16.204Z,2023-01-27T19:32:20Z,3997093537,107,,3997093543,141,64.2,3997093549,1,,3997093545,212,26.5,3997093539,56,Center,3997093541,140,91.7,3997093547,213,5.0,,,,dse1rndtog4qn2mwv966vp6mt,B. van Hintum,,,,,,,,,,,,,,,,,,,,,,,,,,,,,,,,
2501023365,220,44,1,32,58,dnzj0iv5qtaemm9kthh9pos8q,1,8.6,41.2,2023-01-27T19:32:18.994Z,2023-01-27T19:33:09Z,3997096045,56,Back,3997096387,233,382,3997096047,285,,,,,,,,,,,,,,,,,7cetznpb0tnu6kdz7bvm8gyxh,L. Piqué,,,,,,,,,,,,,,,,,,,,,,,,,,,,,,,,
2501022875,382,44,1,32,58,2uuh2bir8ktof0uxfo06lb4ox,0,91.4,58.8,2023-01-27T19:32:18.995Z,2023-01-27T19:33:09Z,3997093573,56,Center,3997096413,233,220,3997093575,286,,,,,,,,,,,,,,,,,2esbyi3i7rtsdkxe6a917rsnp,L. Thy,,,,,,,,,,,,,,,,,,,,,,,,,,,,,,,,
2501022893,215,12,1,32,59,dnzj0iv5qtaemm9kthh9pos8q,1,8.7,35.1,2023-01-27T19:32:19.684Z,2023-01-27T19:32:21Z,3997093695,15,,3997093673,140,20.0,3997093675,141,25.3,3997093679,212,13.6,3997093671,56,Back,3997093683,213,5.8,,,,,,,7cetznpb0tnu6kdz7bvm8gyxh,L. Piqué,,,,,,,,,,,,,,,,,,,,,,,,,,,,,,,,
2501022917,383,8,1,33,1,2uuh2bir8ktof0uxfo06lb4ox,1,65.3,57.2,2023-01-27T19:32:22.252Z,2023-01-27T19:32:22Z,3997093805,56,Center,,,,,,,,,,,,,,,,,,,,,,dmrznrol8qp7yk53r6ajhnkt0,T. Beelen,,,,,,,,,,,,,,,,,,,,,,,,,,,,,,,,
2501022971,216,12,1,33,2,dnzj0iv5qtaemm9kthh9pos8q,1,20,25.6,2023-01-27T19:32:22.915Z,2023-01-27T19:32:26Z,3997094041,141,51.8,3997094039,140,37.7,3997094037,56,Back,3997094043,212,25.7,3997094045,213,0.8,,,,,,,,,,bquqyyfz4lj0xrerbhbtj1jze,Ö. Gündüz,,,,,,,,,,,,,,,,,,,,,,,,,,,,,,,,
2501022957,384,1,1,33,4,2uuh2bir8ktof0uxfo06lb4ox,0,65.6,39.2,2023-01-27T19:32:24.828Z,2023-01-27T19:32:25Z,3997093983,56,Center,3997093991,213,1.0,3997093989,212,12.8,3997093985,140,72.1,3997093987,141,55.1,,,,,,,,,,a339o11ut8s1o9odm6ybc4pka,T. van den Belt,,,,,,,,,,,,,,,,,,,,,,,,,,,,,,,,
2501022979,217,8,1,33,6,dnzj0iv5qtaemm9kthh9pos8q,1,29.3,35.5,2023-01-27T19:32:26.803Z,2023-01-27T19:32:27Z,3997094075,56,Back,3997094089,15,,,,,,,,,,,,,,,,,,,,bquqyyfz4lj0xrerbhbtj1jze,Ö. Gündüz,,,,,,,,,,,,,,,,,,,,,,,,,,,,,,,,
2501023045,385,1,1,33,8,2uuh2bir8ktof0uxfo06lb4ox,1,73.7,33.6,2023-01-27T19:32:28.508Z,2023-01-27T19:32:32Z,3997094423,141,23.4,3997094431,213,3.6,3997094419,140,60.2,3997094427,212,15.8,3997094417,56,Center,,,,,,,,,,by85t8ssyumcjcks1jx3v96vo,Y. Taha,,,,,,,,,,,,,,,,,,,,,,,,,,,,,,,,
2501023081,386,1,1,33,11,2uuh2bir8ktof0uxfo06lb4ox,1,60.6,30.4,2023-01-27T19:32:31.996Z,2023-01-27T19:32:37Z,3997094603,140,60.6,3997094601,56,Center,3997094607,212,15.2,3997094609,213,1.6,3997094605,141,52.8,,,,,,,,,,a339o11ut8s1o9odm6ybc4pka,T. van den Belt,,,,,,,,,,,,,,,,,,,,,,,,,,,,,,,,
2501023143,387,1,1,33,16,2uuh2bir8ktof0uxfo06lb4ox,1,60.6,52.8,2023-01-27T19:32:37.292Z,2023-01-27T19:32:43Z,3997094957,141,8.5,3997094953,56,Right,3997094961,213,5.3,3997094955,140,79.1,3997094963,1,,3997094959,212,35.8,,,,,,,1rd0zzpp3dn0y7qtxwc57g7h1,R. Thomas,,,,,,,,,,,,,,,,,,,,,,,,,,,,,,,,
2501023171,388,1,1,33,22,2uuh2bir8ktof0uxfo06lb4ox,1,78.2,25.2,2023-01-27T19:32:43.052Z,2023-01-27T19:33:27Z,3997095093,140,84.2,3997095101,212,15.2,3997097503,210,15,3997095097,141,45.5,3997095105,213,1.1,3997097505,154,,3997095089,56,Center,,,,8fqnvz74z901a2h0kgk1zezje,L. Görlich,,,,,,1,,,,,,,,,,,,,,,,,,,,,,,,,,
2501023177,389,15,1,33,24,2uuh2bir8ktof0uxfo06lb4ox,1,86.4,57.9,2023-01-27T19:32:45.437Z,2023-01-27T19:33:28Z,3997095135,22,,3997097045,72,,3997097521,55,388,3997097529,146,89.5,3997097519,154,,3997097531,147,55.8,3997095137,17,,3997097053,233,218,2esbyi3i7rtsdkxe6a917rsnp,L. Thy,3997095139,56,3997097535,231,50,,Center,3997097527,103,3997097517,29,,3997097049,82,3997097525,102,48.7,19,,3997097515,78,,3997097533,230,99.5,,,,,,,
2501023189,218,10,1,33,25,dnzj0iv5qtaemm9kthh9pos8q,1,15.8,45.8,2023-01-27T19:32:45.537Z,2023-01-27T19:33:21Z,3997095195,94,,3997095197,56,Back,3997097071,233,389,,,,,,,,,,,,,,,,7cetznpb0tnu6kdz7bvm8gyxh,L. Piqué,,,,,,,,,,,,,,,,,,,,,,,,,,,,,,,,
2501023241,390,1,1,33,29,2uuh2bir8ktof0uxfo06lb4ox,1,75.2,63,2023-01-27T19:32:49.644Z,2023-01-27T19:32:51Z,3997095441,141,65.5,3997095439,140,62.9,3997095445,213,3.0,3997095437,56,Center,3997095443,212,13.0,,,,,,,,,,csecbdlw3sxstnebpiw91ezxm,S. Lagsir,,,,,,,,,,,,,,,,,,,,,,,,,,,,,,,,
2501023283,391,1,1,33,31,2uuh2bir8ktof0uxfo06lb4ox,1,62.9,65.5,2023-01-27T19:32:51.804Z,2023-01-27T19:32:55Z,3997095647,213,0.9,3997095639,56,Left,3997095641,140,73.6,3997095645,212,17.5,3997095643,141,85.3,,,,,,,,,,dse1rndtog4qn2mwv966vp6mt,B. van Hintum,,,,,,,,,,,,,,,,,,,,,,,,,,,,,,,,
2501023319,392,1,1,33,34,2uuh2bir8ktof0uxfo06lb4ox,1,78.9,84.7,2023-01-27T19:32:55.339Z,2023-01-27T19:33:06Z,3997096267,210,13,3997095845,141,66.0,3997095849,213,4.3,3997095847,212,13.9,3997095841,56,Center,3997095843,140,73.6,,,,,,,csecbdlw3sxstnebpiw91ezxm,S. Lagsir,,,,,,1,,,,,,,,,,,,,,,,,,,,,,,,,,
2501023323,393,13,1,33,38,2uuh2bir8ktof0uxfo06lb4ox,1,77.6,58.5,2023-01-27T19:32:58.812Z,2023-01-27T19:33:06Z,3997096305,230,98.9,3997096299,102,60.2,3997096303,215,,3997096291,73,,3997096307,231,49.8,3997095861,22,,3997095865,56,Center,3997095955,20,,1rd0zzpp3dn0y7qtxwc57g7h1,R. Thomas,3997096295,55,3997095863,18,,,392,3997096293,29,3997096301,103,8.3,,,,,,,,,,,,,,,,,,,,
2501023331,219,5,1,33,39,dnzj0iv5qtaemm9kthh9pos8q,1,-1.3,41.8,2023-01-27T19:33:00.098Z,2023-01-27T19:33:01Z,3997095903,346,,3997095901,56,Back,3997095925,233,394,,,,,,,,,,,,,,,,7cetznpb0tnu6kdz7bvm8gyxh,L. Piqué,,,,,,,,,,,,,,,,,,,,,,,,,,,,,,,,
2501023333,394,5,1,33,39,2uuh2bir8ktof0uxfo06lb4ox,0,101.3,58.2,2023-01-27T19:33:00.098Z,2023-01-27T19:47:11Z,3997095907,346,,3997095933,233,219,3997095905,56,Center,,,,,,,,,,,,,,,,1rd0zzpp3dn0y7qtxwc57g7h1,R. Thomas,,,,,,,,,,,,,,,,,,,,,,,,,,,,,,,,
2501023663,221,1,1,34,7,dnzj0iv5qtaemm9kthh9pos8q,0,5.3,58.4,2023-01-27T19:33:28.323Z,2023-01-27T19:33:30Z,3997097639,56,Left,3997097649,1,,3997097645,212,55.2,3997097651,74,,3997097647,213,0.3,3997097641,140,55.9,3997097707,189,,3997097643,141,80.2,alzgg0nxnnex3nkzr6lgmt1ey,T. Jansen,3997097637,124,,,,,,,,,,,,,,,,,,,,,,,,,,,,,,
2501023673,395,1,1,34,9,2uuh2bir8ktof0uxfo06lb4ox,0,39.2,20.4,2023-01-27T19:33:29.517Z,2023-01-27T19:34:00Z,3997097697,212,25.6,3997099159,3,,3997097691,56,Center,3997097695,141,39.8,3997097699,213,0.5,3997097693,140,60.1,,,,,,,8fqnvz74z901a2h0kgk1zezje,L. Görlich,,,,,,,,,,,,,,,,,,,,,,,,,,,,,,,,
2501023713,222,1,1,34,11,dnzj0iv5qtaemm9kthh9pos8q,0,26.5,65.4,2023-01-27T19:33:31.699Z,2023-01-27T19:33:32Z,3997097911,141,75.6,3997097909,140,45.0,3997097905,3,,3997097913,212,20.6,3997097907,56,Back,3997097915,213,0.3,,,,,,,1jn9jog8ou8uxnmypneksizxm,R. van Eijma,,,,,,,,,,,,,,,,,,,,,,,,,,,,,,,,
2501023715,396,1,1,34,11,2uuh2bir8ktof0uxfo06lb4ox,0,52.9,38.9,2023-01-27T19:33:31.819Z,2023-01-27T19:33:32Z,3997097933,212,17.7,3997097927,56,Center,3997097935,213,0.2,3997097931,141,43.1,3997097929,140,69.5,3997097925,3,,,,,,,,1rd0zzpp3dn0y7qtxwc57g7h1,R. Thomas,,,,,,,,,,,,,,,,,,,,,,,,,,,,,,,,
2501023823,223,1,1,34,14,dnzj0iv5qtaemm9kthh9pos8q,1,29.5,63.6,2023-01-27T19:33:35.330Z,2023-01-27T19:33:43Z,3997098479,212,29.3,3997098475,140,55.8,3997098477,141,78.1,3997098471,3,,3997098481,213,0.3,3997098473,56,Center,,,,,,,1jn9jog8ou8uxnmypneksizxm,R. van Eijma,,,,,,,,,,,,,,,,,,,,,,,,,,,,,,,,
2501023837,224,3,1,34,21,dnzj0iv5qtaemm9kthh9pos8q,0,59,96.2,2023-01-27T19:33:42.235Z,2023-01-27T19:33:44Z,3997098583,233,397,3997098531,56,Left,3997098533,286,,,,,,,,,,,,,,,,,1mroid71v9bwpx0iaospei9gq,R. Margaret,,,,,,,,,,,,,,,,,,,,,,,,,,,,,,,,
2501023817,397,7,1,34,21,2uuh2bir8ktof0uxfo06lb4ox,1,41,3.8,2023-01-27T19:33:42.236Z,2023-01-27T19:33:44Z,3997098449,167,,3997098451,56,Back,3997098453,285,,3997098575,233,224,,,,,,,,,,,,,idvh0ac1f8wv39640pyl4esp,S. Kersten,,,,,,,,,,,,,,,,,,,,,,,,,,,,,,,,
2501023883,225,5,1,34,22,dnzj0iv5qtaemm9kthh9pos8q,1,56.2,101.5,2023-01-27T19:33:43.420Z,2023-01-27T19:47:12Z,3997098795,56,Left,3997098823,233,398,3997098797,347,,,,,,,,,,,,,,,,,1mroid71v9bwpx0iaospei9gq,R. Margaret,,,,,,,,,,,,,,,,,,,,,,,,,,,,,,,,
2501023829,398,5,1,34,22,2uuh2bir8ktof0uxfo06lb4ox,0,43.8,-1.5,2023-01-27T19:33:43.420Z,2023-01-27T19:33:50Z,3997098831,233,225,3997098503,56,Back,3997098505,347,,,,,,,,,,,,,,,,,idvh0ac1f8wv39640pyl4esp,S. Kersten,,,,,,,,,,,,,,,,,,,,,,,,,,,,,,,,
2501023897,226,1,1,34,28,dnzj0iv5qtaemm9kthh9pos8q,1,65.9,100,2023-01-27T19:33:49.410Z,2023-01-27T19:33:50Z,3997098875,56,Left,3997098879,141,90.6,3997098877,140,60.0,3997098883,213,4.0,3997098873,107,,3997098881,212,9.9,,,,,,,4zow18ykkg1gvw40r7jsrzkl,D. van der Sluys,,,,,,,,,,,,,,,,,,,,,,,,,,,,,,,,
2501023929,227,1,1,34,29,dnzj0iv5qtaemm9kthh9pos8q,1,60,91.1,2023-01-27T19:33:50.322Z,2023-01-27T19:33:53Z,3997099037,56,Back,3997099043,212,16.7,3997099045,213,3.1,3997099039,140,44.1,3997099041,141,92.7,,,,,,,,,,dh3ksith5iat573zuhdhv91w5,R. Stuy van den Herik,,,,,,,,,,,,,,,,,,,,,,,,,,,,,,,,
2501023953,228,1,1,34,32,dnzj0iv5qtaemm9kthh9pos8q,1,43.8,90.6,2023-01-27T19:33:53.346Z,2023-01-27T19:33:56Z,3997099221,141,59.9,3997099217,56,Back,3997099223,212,22.5,3997099219,140,35.7,3997099225,213,4.3,,,,,,,,,,1jn9jog8ou8uxnmypneksizxm,R. van Eijma,,,,,,,,,,,,,,,,,,,,,,,,,,,,,,,,
2501023993,229,1,1,34,36,dnzj0iv5qtaemm9kthh9pos8q,1,29.3,60.8,2023-01-27T19:33:56.594Z,2023-01-27T19:34:01Z,3997099443,213,3.8,3997099437,140,15.9,3997099439,141,45.4,3997099441,212,17.5,3997099435,56,Back,,,,,,,,,,7cetznpb0tnu6kdz7bvm8gyxh,L. Piqué,,,,,,,,,,,,,,,,,,,,,,,,,,,,,,,,
2501024017,230,1,1,34,40,dnzj0iv5qtaemm9kthh9pos8q,0,15.8,32.7,2023-01-27T19:34:01.075Z,2023-01-27T19:34:02Z,3997099547,56,Center,3997099555,213,0.1,3997099545,157,,3997099557,1,,3997099549,140,58.5,3997099551,141,39.7,3997099553,212,45.1,,,,alzgg0nxnnex3nkzr6lgmt1ey,T. Jansen,,,,,,,,,,,,,,,,,,,,,,,,,,,,,,,,
2501024025,399,1,1,34,41,2uuh2bir8ktof0uxfo06lb4ox,0,42.1,61.7,2023-01-27T19:34:02.380Z,2023-01-27T19:34:03Z,3997099587,140,56.2,3997099593,213,5.6,3997099585,56,Center,3997099589,141,42.5,3997099591,212,19.7,,,,,,,,,,dmrznrol8qp7yk53r6ajhnkt0,T. Beelen,,,,,,,,,,,,,,,,,,,,,,,,,,,,,,,,
2501024033,231,8,1,34,43,dnzj0iv5qtaemm9kthh9pos8q,1,43.6,54.3,2023-01-27T19:34:04.018Z,2023-01-27T19:34:04Z,3997099619,56,Back,,,,,,,,,,,,,,,,,,,,,,1jn9jog8ou8uxnmypneksizxm,R. van Eijma,,,,,,,,,,,,,,,,,,,,,,,,,,,,,,,,
2501024053,232,1,1,34,44,dnzj0iv5qtaemm9kthh9pos8q,1,43.9,56.7,2023-01-27T19:34:04.546Z,2023-01-27T19:34:05Z,3997099713,56,Center,3997099721,213,5.8,3997099717,141,50.6,3997099715,140,50.6,3997099719,212,8.2,,,,,,,,,,1jn9jog8ou8uxnmypneksizxm,R. van Eijma,,,,,,,,,,,,,,,,,,,,,,,,,,,,,,,,
2501024067,233,1,1,34,45,dnzj0iv5qtaemm9kthh9pos8q,1,54.1,51.8,2023-01-27T19:34:05.810Z,2023-01-27T19:34:06Z,3997099797,141,71.2,3997099789,56,Center,3997099801,212,13.5,3997099803,213,1.4,3997099793,140,56.9,,,,,,,,,,dh3ksith5iat573zuhdhv91w5,R. Stuy van den Herik,,,,,,,,,,,,,,,,,,,,,,,,,,,,,,,,
2501024075,234,1,1,34,46,dnzj0iv5qtaemm9kthh9pos8q,0,57.2,70.2,2023-01-27T19:34:06.642Z,2023-01-27T19:34:07Z,3997099811,56,Center,3997099817,212,13.8,3997099813,140,60.0,3997099819,213,4.9,3997099815,141,50.4,,,,,,,,,,1mroid71v9bwpx0iaospei9gq,R. Margaret,,,,,,,,,,,,,,,,,,,,,,,,,,,,,,,,
2501024069,400,49,1,34,46,2uuh2bir8ktof0uxfo06lb4ox,1,39.2,50.4,2023-01-27T19:34:06.844Z,2023-01-27T19:34:07Z,,,,,,,,,,,,,,,,,,,,,,,,,1rd0zzpp3dn0y7qtxwc57g7h1,R. Thomas,,,,,,,,,,,,,,,,,,,,,,,,,,,,,,,,
2501024093,401,1,1,34,46,2uuh2bir8ktof0uxfo06lb4ox,0,39.2,50.4,2023-01-27T19:34:07.293Z,2023-01-27T19:34:08Z,3997099897,140,62.4,3997099905,1,,3997099893,157,,3997099901,212,29.1,3997099899,141,27.1,3997099895,56,Center,3997099903,213,5.7,,,,1rd0zzpp3dn0y7qtxwc57g7h1,R. Thomas,,,,,,,,,,,,,,,,,,,,,,,,,,,,,,,,
2501024125,235,61,1,34,49,dnzj0iv5qtaemm9kthh9pos8q,1,30,81.4,2023-01-27T19:34:09.971Z,2023-01-27T19:34:15Z,3997100037,56,Back,,,,,,,,,,,,,,,,,,,,,,4zow18ykkg1gvw40r7jsrzkl,D. van der Sluys,,,,,,,,,,,,,,,,,,,,,,,,,,,,,,,,
2501024153,402,1,1,34,52,2uuh2bir8ktof0uxfo06lb4ox,1,64.2,29.4,2023-01-27T19:34:13.291Z,2023-01-27T19:34:14Z,3997100181,141,43.4,3997100179,140,64.6,3997100185,213,1.5,3997100183,212,9.5,3997100177,56,Center,,,,,,,,,,by85t8ssyumcjcks1jx3v96vo,Y. Taha,,,,,,,,,,,,,,,,,,,,,,,,,,,,,,,,
2501024229,403,1,1,34,54,2uuh2bir8ktof0uxfo06lb4ox,1,64.6,44.9,2023-01-27T19:34:14.779Z,2023-01-27T19:34:22Z,3997100609,140,67.1,3997100615,213,1.4,3997100611,141,67.8,3997100607,56,Center,3997100613,212,15.8,,,,,,,,,,a339o11ut8s1o9odm6ybc4pka,T. van den Belt,,,,,,,,,,,,,,,,,,,,,,,,,,,,,,,,
2501024251,404,1,1,35,1,2uuh2bir8ktof0uxfo06lb4ox,1,69.4,39.8,2023-01-27T19:34:22.267Z,2023-01-27T19:34:24Z,3997100713,213,4.1,3997100707,140,63.7,3997100711,212,11.1,3997100705,56,Center,3997100709,141,26.1,,,,,,,,,,csecbdlw3sxstnebpiw91ezxm,S. Lagsir,,,,,,,,,,,,,,,,,,,,,,,,,,,,,,,,
2501024267,405,1,1,35,3,2uuh2bir8ktof0uxfo06lb4ox,1,63.7,26.1,2023-01-27T19:34:24.282Z,2023-01-27T19:34:25Z,3997100783,141,44.0,3997100785,212,12.2,3997100779,56,Center,3997100781,140,64.1,3997100787,213,1.5,,,,,,,,,,idvh0ac1f8wv39640pyl4esp,S. Kersten,,,,,,,,,,,,,,,,,,,,,,,,,,,,,,,,
2501024291,406,1,1,35,5,2uuh2bir8ktof0uxfo06lb4ox,1,64.1,44,2023-01-27T19:34:25.803Z,2023-01-27T19:34:27Z,3997100885,212,11.5,3997100883,141,27.6,3997100887,213,4.5,3997100881,140,61.4,3997100879,56,Center,,,,,,,,,,a339o11ut8s1o9odm6ybc4pka,T. van den Belt,,,,,,,,,,,,,,,,,,,,,,,,,,,,,,,,
2501024321,407,1,1,35,6,2uuh2bir8ktof0uxfo06lb4ox,1,61.4,26.5,2023-01-27T19:34:27.211Z,2023-01-27T19:34:28Z,3997101033,212,14.7,3997101029,140,56.3,3997101031,141,46.7,3997101035,213,1.9,3997101027,56,Center,,,,,,,,,,idvh0ac1f8wv39640pyl4esp,S. Kersten,,,,,,,,,,,,,,,,,,,,,,,,,,,,,,,,
2501024371,408,1,1,35,8,2uuh2bir8ktof0uxfo06lb4ox,1,56.2,46.9,2023-01-27T19:34:28.747Z,2023-01-27T19:34:33Z,3997101301,141,70.9,3997101303,212,16.3,3997101297,56,Center,3997101299,140,55.6,3997101305,213,1.6,,,,,,,,,,dmrznrol8qp7yk53r6ajhnkt0,T. Beelen,,,,,,,,,,,,,,,,,,,,,,,,,,,,,,,,
2501024399,409,1,1,35,12,2uuh2bir8ktof0uxfo06lb4ox,1,56.5,60.5,2023-01-27T19:34:33.371Z,2023-01-27T19:34:36Z,3997101483,1,,3997101477,141,14.6,3997101473,56,Right,3997101481,213,5.4,3997101469,155,,3997101479,212,41.7,3997101475,140,82.8,,,,1rd0zzpp3dn0y7qtxwc57g7h1,R. Thomas,,,,,,,,,,,,,,,,,,,,,,,,,,,,,,,,
2501024405,410,61,1,35,15,2uuh2bir8ktof0uxfo06lb4ox,0,82.8,14.6,2023-01-27T19:34:36.156Z,2023-01-27T19:34:36Z,3997101505,56,Right,,,,,,,,,,,,,,,,,,,,,,8fqnvz74z901a2h0kgk1zezje,L. Görlich,,,,,,,,,,,,,,,,,,,,,,,,,,,,,,,,
2501024437,236,1,1,35,18,dnzj0iv5qtaemm9kthh9pos8q,0,1.3,80.2,2023-01-27T19:34:38.666Z,2023-01-27T19:35:25Z,3997101753,141,100.0,3997101759,1,,3997101755,212,14.4,3997101747,157,,3997101751,140,0.9,3997101757,213,1.6,3997101749,56,Back,,,,4zow18ykkg1gvw40r7jsrzkl,D. van der Sluys,,,,,,,,,,,,,,,,,,,,,,,,,,,,,,,,
2501024443,237,5,1,35,19,dnzj0iv5qtaemm9kthh9pos8q,0,2,101.7,2023-01-27T19:34:40.093Z,2023-01-27T19:47:12Z,3997102691,233,411,3997101787,347,,3997101785,56,Back,,,,,,,,,,,,,,,,4zow18ykkg1gvw40r7jsrzkl,D. van der Sluys,,,,,,,,,,,,,,,,,,,,,,,,,,,,,,,,
2501024613,411,5,1,35,19,2uuh2bir8ktof0uxfo06lb4ox,1,98,-1.7,2023-01-27T19:34:40.093Z,2023-01-27T19:34:59Z,3997102671,233,237,3997102649,56,Right,3997102651,347,,,,,,,,,,,,,,,,,8fqnvz74z901a2h0kgk1zezje,L. Görlich,,,,,,,,,,,,,,,,,,,,,,,,,,,,,,,,
2501024637,412,1,1,35,38,2uuh2bir8ktof0uxfo06lb4ox,1,94.9,0,2023-01-27T19:34:59.354Z,2023-01-27T19:35:00Z,3997102761,56,Right,3997102767,212,17.1,3997102763,140,82.6,3997102759,107,,3997102769,213,2.4,3997102765,141,14.9,,,,,,,8fqnvz74z901a2h0kgk1zezje,L. Görlich,,,,,,,,,,,,,,,,,,,,,,,,,,,,,,,,
2501024655,413,1,1,35,40,2uuh2bir8ktof0uxfo06lb4ox,1,82.6,14.9,2023-01-27T19:35:00.811Z,2023-01-27T19:35:03Z,3997102853,213,0.2,3997102851,212,13.5,3997102845,56,Right,3997102849,141,19.1,3997102847,140,95.2,,,,,,,,,,1rd0zzpp3dn0y7qtxwc57g7h1,R. Thomas,,,,,,,,,,,,,,,,,,,,,,,,,,,,,,,,
2501024691,414,1,1,35,42,2uuh2bir8ktof0uxfo06lb4ox,0,96.1,18.9,2023-01-27T19:35:03.066Z,2023-01-27T19:35:06Z,3997103015,212,23.8,3997103009,56,Center,3997103005,2,,3997103007,155,,3997103013,141,53.9,3997103017,213,1.6,3997103011,140,96.5,,,,8fqnvz74z901a2h0kgk1zezje,L. Görlich,,,,,,,,,,,,,,,,,,,,,,,,,,,,,,,,
2501024709,238,52,1,35,47,dnzj0iv5qtaemm9kthh9pos8q,1,4.4,43.4,2023-01-27T19:35:08.434Z,2023-01-27T19:35:08Z,,,,,,,,,,,,,,,,,,,,,,,,,alzgg0nxnnex3nkzr6lgmt1ey,T. Jansen,,,,,,,,,,,,,,,,,,,,,,,,,,,,,,,,
2501024811,239,1,1,35,50,dnzj0iv5qtaemm9kthh9pos8q,1,15.9,28.5,2023-01-27T19:35:10.722Z,2023-01-27T19:35:18Z,3997103567,1,,3997103561,141,92.4,3997103557,56,Left,3997103565,213,0.7,3997103563,212,65.0,3997103555,199,,3997103559,140,62.0,,,,alzgg0nxnnex3nkzr6lgmt1ey,T. Jansen,,,,,,,,,,,,,,,,,,,,,,,,,,,,,,,,
2501024815,240,61,1,35,56,dnzj0iv5qtaemm9kthh9pos8q,0,61.4,94.7,2023-01-27T19:35:16.786Z,2023-01-27T19:35:45Z,3997103581,56,Left,,,,,,,,,,,,,,,,,,,,,,b950jt347chmq9whlkgl6fxpm,K. Leidsman,,,,,,,,,,,,,,,,,,,,,,,,,,,,,,,,
2501024827,241,5,1,35,57,dnzj0iv5qtaemm9kthh9pos8q,0,58.4,101.8,2023-01-27T19:35:17.867Z,2023-01-27T19:47:12Z,3997104231,233,415,3997103623,56,Left,3997103625,347,,,,,,,,,,,,,,,,,b950jt347chmq9whlkgl6fxpm,K. Leidsman,,,,,,,,,,,,,,,,,,,,,,,,,,,,,,,,
2501024947,415,5,1,35,57,2uuh2bir8ktof0uxfo06lb4ox,1,41.6,-1.8,2023-01-27T19:35:17.867Z,2023-01-27T19:35:30Z,3997104205,56,Back,3997104225,233,241,3997104207,347,,,,,,,,,,,,,,,,,8fqnvz74z901a2h0kgk1zezje,L. Görlich,,,,,,,,,,,,,,,,,,,,,,,,,,,,,,,,
2501024959,416,1,1,36,9,2uuh2bir8ktof0uxfo06lb4ox,1,44.7,0,2023-01-27T19:35:30.010Z,2023-01-27T19:35:39Z,3997104255,140,40.8,3997104259,212,10.6,3997104261,213,2.0,3997104253,56,Back,3997104257,141,12.3,3997104251,107,,3997104783,189,,,,,8fqnvz74z901a2h0kgk1zezje,L. Görlich,,,,,,,,,,,,,,,,,,,,,,,,,,,,,,,,
2501024971,417,1,1,36,10,2uuh2bir8ktof0uxfo06lb4ox,1,40.8,12.3,2023-01-27T19:35:30.890Z,2023-01-27T19:35:40Z,3997104307,212,32.4,3997104301,56,Back,3997104303,140,40.4,3997104311,1,,3997104305,141,60.0,3997104309,213,1.6,3997104813,189,,,,,idvh0ac1f8wv39640pyl4esp,S. Kersten,,,,,,,,,,,,,,,,,,,,,,,,,,,,,,,,
2501025007,418,1,1,36,11,2uuh2bir8ktof0uxfo06lb4ox,1,40.4,60,2023-01-27T19:35:31.675Z,2023-01-27T19:35:35Z,3997104505,212,11.5,3997104499,56,Back,3997104503,141,43.4,3997104507,213,4.5,3997104501,140,38.5,,,,,,,,,,dse1rndtog4qn2mwv966vp6mt,B. van Hintum,,,,,,,,,,,,,,,,,,,,,,,,,,,,,,,,
2501025019,419,1,1,36,14,2uuh2bir8ktof0uxfo06lb4ox,1,39,41.6,2023-01-27T19:35:35.082Z,2023-01-27T19:35:36Z,3997104595,141,18.6,3997104593,140,55.2,3997104597,212,23.1,3997104601,213,5.5,3997104591,56,Right,,,,,,,,,,idvh0ac1f8wv39640pyl4esp,S. Kersten,,,,,,,,,,,,,,,,,,,,,,,,,,,,,,,,
2501025041,420,1,1,36,15,2uuh2bir8ktof0uxfo06lb4ox,0,55.2,18.6,2023-01-27T19:35:36.427Z,2023-01-27T19:35:37Z,3997104733,213,0.5,3997104735,1,,3997104727,140,88.2,3997104723,155,,3997104731,212,40.1,3997104725,56,Center,3997104729,141,48.4,,,,dmrznrol8qp7yk53r6ajhnkt0,T. Beelen,,,,,,,,,,,,,,,,,,,,,,,,,,,,,,,,
2501025055,242,52,1,36,18,dnzj0iv5qtaemm9kthh9pos8q,1,13.6,57,2023-01-27T19:35:39.490Z,2023-01-27T19:35:39Z,,,,,,,,,,,,,,,,,,,,,,,,,alzgg0nxnnex3nkzr6lgmt1ey,T. Jansen,,,,,,,,,,,,,,,,,,,,,,,,,,,,,,,,
2501025275,243,1,1,36,30,dnzj0iv5qtaemm9kthh9pos8q,1,15.8,50.6,2023-01-27T19:35:51.234Z,2023-01-27T19:35:59Z,3997105851,141,56.9,3997105849,140,69.8,3997105845,199,,3997105857,1,,3997105853,212,56.9,3997105847,56,Center,3997105855,213,0.1,,,,alzgg0nxnnex3nkzr6lgmt1ey,T. Jansen,,,,,,,,,,,,,,,,,,,,,,,,,,,,,,,,
2501025283,244,61,1,36,35,dnzj0iv5qtaemm9kthh9pos8q,1,71.3,56.7,2023-01-27T19:35:56.170Z,2023-01-27T19:36:06Z,3997105891,56,Center,,,,,,,,,,,,,,,,,,,,,,b950jt347chmq9whlkgl6fxpm,K. Leidsman,,,,,,,,,,,,,,,,,,,,,,,,,,,,,,,,
2501025279,421,1,1,36,37,2uuh2bir8ktof0uxfo06lb4ox,1,25.9,54.8,2023-01-27T19:35:57.594Z,2023-01-27T19:35:59Z,3997105865,140,32.8,3997105869,212,19.9,3997105863,56,Back,3997105867,141,27.6,3997105871,213,5.1,3997105861,3,,,,,,,,dse1rndtog4qn2mwv966vp6mt,B. van Hintum,,,,,,,,,,,,,,,,,,,,,,,,,,,,,,,,
2501025291,422,49,1,36,38,2uuh2bir8ktof0uxfo06lb4ox,1,32.8,27.6,2023-01-27T19:35:59.361Z,2023-01-27T19:35:59Z,,,,,,,,,,,,,,,,,,,,,,,,,8fqnvz74z901a2h0kgk1zezje,L. Görlich,,,,,,,,,,,,,,,,,,,,,,,,,,,,,,,,
2501025311,423,1,1,36,39,2uuh2bir8ktof0uxfo06lb4ox,1,32,31,2023-01-27T19:36:00.235Z,2023-01-27T19:36:01Z,3997106055,212,9.0,3997106053,141,36.0,3997106057,213,0.4,3997106049,56,Back,3997106051,140,39.9,,,,,,,,,,8fqnvz74z901a2h0kgk1zezje,L. Görlich,,,,,,,,,,,,,,,,,,,,,,,,,,,,,,,,
2501025321,424,1,1,36,40,2uuh2bir8ktof0uxfo06lb4ox,1,39.9,36,2023-01-27T19:36:01.434Z,2023-01-27T19:36:02Z,3997106113,141,30.7,3997106137,156,,3997106115,212,4.9,3997106111,140,36.7,3997106109,56,Back,3997106117,213,4.0,,,,,,,2esbyi3i7rtsdkxe6a917rsnp,L. Thy,,,,,,,,,,,,,,,,,,,,,,,,,,,,,,,,
2501025379,425,1,1,36,42,2uuh2bir8ktof0uxfo06lb4ox,1,36.7,30.7,2023-01-27T19:36:02.747Z,2023-01-27T19:36:08Z,3997106415,212,13.5,3997106413,141,12.9,3997106417,213,5.2,3997106409,56,Back,3997106411,140,42.5,,,,,,,,,,a339o11ut8s1o9odm6ybc4pka,T. van den Belt,,,,,,,,,,,,,,,,,,,,,,,,,,,,,,,,
2501025397,426,1,1,36,47,2uuh2bir8ktof0uxfo06lb4ox,0,71.5,8.2,2023-01-27T19:36:08.282Z,2023-01-27T19:36:10Z,3997106509,213,1.0,3997106505,141,26.5,3997106503,140,78.6,3997106507,212,14.5,3997106501,56,Center,,,,,,,,,,by85t8ssyumcjcks1jx3v96vo,Y. Taha,,,,,,,,,,,,,,,,,,,,,,,,,,,,,,,,
2501025427,245,12,1,36,51,dnzj0iv5qtaemm9kthh9pos8q,1,19.8,65.5,2023-01-27T19:36:12.226Z,2023-01-27T19:36:20Z,3997106597,140,35.6,3997106601,212,18.8,3997106599,141,78.5,3997106595,56,Back,3997106603,213,0.5,,,,,,,,,,1jn9jog8ou8uxnmypneksizxm,R. van Eijma,,,,,,,,,,,,,,,,,,,,,,,,,,,,,,,,
2501025419,427,8,1,36,51,2uuh2bir8ktof0uxfo06lb4ox,1,65.3,20.9,2023-01-27T19:36:12.346Z,2023-01-27T19:36:12Z,3997106575,56,Right,,,,,,,,,,,,,,,,,,,,,,1rd0zzpp3dn0y7qtxwc57g7h1,R. Thomas,,,,,,,,,,,,,,,,,,,,,,,,,,,,,,,,
2501025549,428,1,1,36,59,2uuh2bir8ktof0uxfo06lb4ox,1,65.1,23.6,2023-01-27T19:36:19.898Z,2023-01-27T19:36:30Z,3997107283,140,49.3,3997107281,56,Back,3997107287,212,18.5,3997107285,141,35.8,3997107289,213,2.7,,,,,,,,,,1rd0zzpp3dn0y7qtxwc57g7h1,R. Thomas,,,,,,,,,,,,,,,,,,,,,,,,,,,,,,,,
2501025565,429,1,1,37,9,2uuh2bir8ktof0uxfo06lb4ox,1,51.3,47.9,2023-01-27T19:36:30.186Z,2023-01-27T19:36:32Z,3997107355,213,4.8,3997107347,56,Center,3997107353,212,12.8,3997107349,140,52.2,3997107351,141,29.2,,,,,,,,,,dmrznrol8qp7yk53r6ajhnkt0,T. Beelen,,,,,,,,,,,,,,,,,,,,,,,,,,,,,,,,
2501025621,430,1,1,37,15,2uuh2bir8ktof0uxfo06lb4ox,1,54.6,30.7,2023-01-27T19:36:35.977Z,2023-01-27T19:36:38Z,3997107663,140,74.1,3997107665,141,8.8,3997107669,213,5.7,3997107661,56,Right,3997107667,212,25.3,,,,,,,,,,idvh0ac1f8wv39640pyl4esp,S. Kersten,,,,,,,,,,,,,,,,,,,,,,,,,,,,,,,,
2501025635,431,1,1,37,18,2uuh2bir8ktof0uxfo06lb4ox,0,80.6,8,2023-01-27T19:36:38.699Z,2023-01-27T19:36:40Z,3997107735,140,87.9,3997107739,212,22.1,3997107737,141,38.5,3997107729,2,,3997107731,155,,3997107741,213,1.2,3997107733,56,Center,,,,8fqnvz74z901a2h0kgk1zezje,L. Görlich,,,,,,,,,,,,,,,,,,,,,,,,,,,,,,,,
2501025677,246,12,1,37,20,dnzj0iv5qtaemm9kthh9pos8q,1,12.9,57.6,2023-01-27T19:36:41.025Z,2023-01-27T19:36:45Z,3997107939,140,27.8,3997107941,141,48.8,3997107945,213,5.9,3997107943,212,16.8,3997107937,56,Back,,,,,,,,,,1jn9jog8ou8uxnmypneksizxm,R. van Eijma,,,,,,,,,,,,,,,,,,,,,,,,,,,,,,,,
2501025663,432,61,1,37,23,2uuh2bir8ktof0uxfo06lb4ox,0,70.4,46,2023-01-27T19:36:44.202Z,2023-01-27T19:36:44Z,3997107887,56,Center,,,,,,,,,,,,,,,,,,,,,,a339o11ut8s1o9odm6ybc4pka,T. van den Belt,,,,,,,,,,,,,,,,,,,,,,,,,,,,,,,,
2501025685,247,1,1,37,24,dnzj0iv5qtaemm9kthh9pos8q,1,29.2,54.8,2023-01-27T19:36:44.977Z,2023-01-27T19:36:46Z,3997107987,212,10.4,3997107981,56,Back,3997107985,141,65.5,3997107991,213,0.8,3997107983,140,36.3,,,,,,,,,,bquqyyfz4lj0xrerbhbtj1jze,Ö. Gündüz,,,,,,,,,,,,,,,,,,,,,,,,,,,,,,,,
2501025691,248,49,1,37,25,dnzj0iv5qtaemm9kthh9pos8q,1,36.3,65.5,2023-01-27T19:36:46.289Z,2023-01-27T19:36:46Z,,,,,,,,,,,,,,,,,,,,,,,,,b950jt347chmq9whlkgl6fxpm,K. Leidsman,,,,,,,,,,,,,,,,,,,,,,,,,,,,,,,,
2501025699,249,1,1,37,26,dnzj0iv5qtaemm9kthh9pos8q,1,36.3,65.5,2023-01-27T19:36:46.705Z,2023-01-27T19:36:48Z,3997108055,212,9.7,3997108053,141,58.5,3997108057,213,3.7,3997108049,56,Back,3997108051,140,28.3,,,,,,,,,,b950jt347chmq9whlkgl6fxpm,K. Leidsman,,,,,,,,,,,,,,,,,,,,,,,,,,,,,,,,
2501025701,250,1,1,37,27,dnzj0iv5qtaemm9kthh9pos8q,0,28.3,58.5,2023-01-27T19:36:48.145Z,2023-01-27T19:36:49Z,3997108107,233,433,3997108069,213,1.2,3997108111,286,,3997108065,141,64.0,3997108067,212,3.9,3997108061,56,Back,3997108063,140,29.5,3997108105,236,,bquqyyfz4lj0xrerbhbtj1jze,Ö. Gündüz,,,,,,,,,,,,,,,,,,,,,,,,,,,,,,,,
2501025707,433,74,1,37,27,2uuh2bir8ktof0uxfo06lb4ox,1,70.2,39.2,2023-01-27T19:36:48.146Z,2023-01-27T19:46:01Z,3997108119,233,250,3997108089,285,,3997108087,56,Center,,,,,,,,,,,,,,,,1rd0zzpp3dn0y7qtxwc57g7h1,R. Thomas,,,,,,,,,,,,,,,,,,,,,,,,,,,,,,,,
2501025711,251,1,1,37,29,dnzj0iv5qtaemm9kthh9pos8q,0,27.7,63.3,2023-01-27T19:36:49.889Z,2023-01-27T19:36:50Z,3997108127,140,39.9,3997108133,213,0.7,3997108125,56,Back,3997108129,141,79.3,3997108131,212,16.8,,,,,,,,,,bquqyyfz4lj0xrerbhbtj1jze,Ö. Gündüz,,,,,,,,,,,,,,,,,,,,,,,,,,,,,,,,
2501025715,434,49,1,37,30,2uuh2bir8ktof0uxfo06lb4ox,1,60.8,27.3,2023-01-27T19:36:51.210Z,2023-01-27T19:36:51Z,,,,,,,,,,,,,,,,,,,,,,,,,idvh0ac1f8wv39640pyl4esp,S. Kersten,,,,,,,,,,,,,,,,,,,,,,,,,,,,,,,,
2501025731,435,1,1,37,31,2uuh2bir8ktof0uxfo06lb4ox,1,60.8,27.3,2023-01-27T19:36:51.754Z,2023-01-27T19:36:52Z,3997108247,212,9.7,3997108241,56,Center,3997108249,213,0.7,3997108245,141,36.3,3997108243,140,68.0,,,,,,,,,,idvh0ac1f8wv39640pyl4esp,S. Kersten,,,,,,,,,,,,,,,,,,,,,,,,,,,,,,,,
2501025753,436,1,1,37,32,2uuh2bir8ktof0uxfo06lb4ox,1,68,36.3,2023-01-27T19:36:52.634Z,2023-01-27T19:36:55Z,3997108339,213,5.0,3997108335,141,10.0,3997108333,140,72.6,3997108337,212,18.5,3997108331,56,Right,,,,,,,,,,a339o11ut8s1o9odm6ybc4pka,T. van den Belt,,,,,,,,,,,,,,,,,,,,,,,,,,,,,,,,
2501025819,437,1,1,37,34,2uuh2bir8ktof0uxfo06lb4ox,1,72.8,9.7,2023-01-27T19:36:55.034Z,2023-01-27T19:37:01Z,3997108707,212,11.7,3997108701,56,Center,3997108703,140,69.7,3997108705,141,26.2,3997108709,213,1.9,,,,,,,,,,8fqnvz74z901a2h0kgk1zezje,L. Görlich,,,,,,,,,,,,,,,,,,,,,,,,,,,,,,,,
2501025841,438,1,1,37,40,2uuh2bir8ktof0uxfo06lb4ox,1,69.9,27.9,2023-01-27T19:37:01.081Z,2023-01-27T19:37:03Z,3997108835,141,20.7,3997108839,213,3.9,3997108833,140,64.6,3997108837,212,7.4,3997108831,56,Right,,,,,,,,,,a339o11ut8s1o9odm6ybc4pka,T. van den Belt,,,,,,,,,,,,,,,,,,,,,,,,,,,,,,,,
2501025849,439,1,1,37,43,2uuh2bir8ktof0uxfo06lb4ox,1,66.5,23.9,2023-01-27T19:37:03.769Z,2023-01-27T19:37:04Z,3997108867,141,33.4,3997108871,213,1.5,3997108865,140,67.1,3997108869,212,6.5,3997108863,56,Center,,,,,,,,,,idvh0ac1f8wv39640pyl4esp,S. Kersten,,,,,,,,,,,,,,,,,,,,,,,,,,,,,,,,
2501025873,440,1,1,37,44,2uuh2bir8ktof0uxfo06lb4ox,1,67.1,33.4,2023-01-27T19:37:04.857Z,2023-01-27T19:37:06Z,3997108995,213,4.7,3997108989,140,67.1,3997108993,212,7.9,3997108987,56,Center,3997108991,141,21.8,,,,,,,,,,a339o11ut8s1o9odm6ybc4pka,T. van den Belt,,,,,,,,,,,,,,,,,,,,,,,,,,,,,,,,
2501025891,441,1,1,37,45,2uuh2bir8ktof0uxfo06lb4ox,1,67.1,21.8,2023-01-27T19:37:06.169Z,2023-01-27T19:37:08Z,3997109065,213,0.5,3997109063,212,12.5,3997109059,140,77.4,3997109061,141,30.9,3997109057,56,Center,,,,,,,,,,idvh0ac1f8wv39640pyl4esp,S. Kersten,,,,,,,,,,,,,,,,,,,,,,,,,,,,,,,,
2501025895,442,3,1,37,47,2uuh2bir8ktof0uxfo06lb4ox,0,78.4,32.2,2023-01-27T19:37:07.961Z,2023-01-27T19:37:10Z,3997109073,56,Center,3997109277,233,252,3997109075,286,,,,,,,,,,,,,,,,,by85t8ssyumcjcks1jx3v96vo,Y. Taha,,,,,,,,,,,,,,,,,,,,,,,,,,,,,,,,
2501025917,252,7,1,37,47,dnzj0iv5qtaemm9kthh9pos8q,1,21.6,67.8,2023-01-27T19:37:07.962Z,2023-01-27T19:37:10Z,3997109205,56,Back,3997109225,233,442,3997109207,285,,,,,,,,,,,,,,,,,1mroid71v9bwpx0iaospei9gq,R. Margaret,,,,,,,,,,,,,,,,,,,,,,,,,,,,,,,,
2501025919,253,49,1,37,49,dnzj0iv5qtaemm9kthh9pos8q,1,13.2,64,2023-01-27T19:37:09.858Z,2023-01-27T19:37:10Z,,,,,,,,,,,,,,,,,,,,,,,,,1jn9jog8ou8uxnmypneksizxm,R. van Eijma,,,,,,,,,,,,,,,,,,,,,,,,,,,,,,,,
2501025961,254,1,1,37,49,dnzj0iv5qtaemm9kthh9pos8q,1,13.2,64,2023-01-27T19:37:10.161Z,2023-01-27T19:37:12Z,3997109395,141,88.9,3997109399,213,1.7,3997109393,140,11.5,3997109397,212,17.0,3997109391,56,Back,,,,,,,,,,1jn9jog8ou8uxnmypneksizxm,R. van Eijma,,,,,,,,,,,,,,,,,,,,,,,,,,,,,,,,
2501026021,255,1,1,37,52,dnzj0iv5qtaemm9kthh9pos8q,1,8.6,93.9,2023-01-27T19:37:12.786Z,2023-01-27T19:37:17Z,3997109697,213,6.2,3997109691,140,45.4,3997109687,157,,3997109693,141,87.5,3997109689,56,Back,3997109695,212,38.9,3997109699,1,,,,,4zow18ykkg1gvw40r7jsrzkl,D. van der Sluys,,,,,,,,,,,,,,,,,,,,,,,,,,,,,,,,
2501026131,256,1,1,37,57,dnzj0iv5qtaemm9kthh9pos8q,1,45.1,86.3,2023-01-27T19:37:17.618Z,2023-01-27T19:37:30Z,3997110287,140,53.7,3997110293,213,5.3,3997110289,141,64.6,3997110285,56,Center,3997110283,3,,3997110291,212,17.3,,,,,,,b950jt347chmq9whlkgl6fxpm,K. Leidsman,,,,,,,,,,,,,,,,,,,,,,,,,,,,,,,,
2501026179,257,1,1,37,58,dnzj0iv5qtaemm9kthh9pos8q,0,52.7,66,2023-01-27T19:37:19.168Z,2023-01-27T19:46:02Z,3997113687,286,,3997113681,236,,3997113683,233,443,3997110547,140,51.6,3997110551,212,4.7,3997110545,56,Center,3997110549,141,72.7,3997110553,213,1.8,f1as17wqpj44gihtvw936lofd,B. van Hoeven,,,,,,,,,,,,,,,,,,,,,,,,,,,,,,,,
2501026037,443,74,1,37,58,2uuh2bir8ktof0uxfo06lb4ox,1,45.8,33.3,2023-01-27T19:37:19.169Z,2023-01-27T19:38:28Z,3997113689,233,257,3997109783,285,,3997109781,56,Back,,,,,,,,,,,,,,,,8fqnvz74z901a2h0kgk1zezje,L. Görlich,,,,,,,,,,,,,,,,,,,,,,,,,,,,,,,,
2501026041,444,49,1,37,59,2uuh2bir8ktof0uxfo06lb4ox,1,42.6,21.8,2023-01-27T19:37:19.754Z,2023-01-27T19:37:20Z,,,,,,,,,,,,,,,,,,,,,,,,,dmrznrol8qp7yk53r6ajhnkt0,T. Beelen,,,,,,,,,,,,,,,,,,,,,,,,,,,,,,,,
2501026073,445,1,1,37,59,2uuh2bir8ktof0uxfo06lb4ox,1,42.6,21.8,2023-01-27T19:37:20.041Z,2023-01-27T19:37:23Z,3997109975,141,37.7,3997109979,213,2.2,3997109971,56,Back,3997109977,212,13.6,3997109973,140,34.8,,,,,,,,,,dmrznrol8qp7yk53r6ajhnkt0,T. Beelen,,,,,,,,,,,,,,,,,,,,,,,,,,,,,,,,
2501026093,446,1,1,38,2,2uuh2bir8ktof0uxfo06lb4ox,1,34.5,44.9,2023-01-27T19:37:23.466Z,2023-01-27T19:37:26Z,3997110091,212,19.3,3997110085,56,Back,3997110089,141,72.9,3997110093,213,1.4,3997110087,140,37.3,,,,,,,,,,dse1rndtog4qn2mwv966vp6mt,B. van Hintum,,,,,,,,,,,,,,,,,,,,,,,,,,,,,,,,
2501026149,447,1,1,38,5,2uuh2bir8ktof0uxfo06lb4ox,1,37.3,72.9,2023-01-27T19:37:26.122Z,2023-01-27T19:37:31Z,3997110385,141,87.7,3997110389,213,0.5,3997110381,56,Left,3997110387,212,22.5,3997110383,140,56.5,,,,,,,,,,1rd0zzpp3dn0y7qtxwc57g7h1,R. Thomas,,,,,,,,,,,,,,,,,,,,,,,,,,,,,,,,
2501026167,448,1,1,38,10,2uuh2bir8ktof0uxfo06lb4ox,1,59.8,88.3,2023-01-27T19:37:31.322Z,2023-01-27T19:37:32Z,3997110483,213,4.2,3997110477,140,55.4,3997110479,141,77.5,3997110481,212,8.7,3997110475,56,Center,,,,,,,,,,29s8wk0a2m66rebsfx1jfuuh,D. van den Berg,,,,,,,,,,,,,,,,,,,,,,,,,,,,,,,,
2501026187,449,1,1,38,11,2uuh2bir8ktof0uxfo06lb4ox,1,55.4,77.5,2023-01-27T19:37:32.265Z,2023-01-27T19:37:34Z,3997110593,213,5.4,3997110587,140,63.1,3997110591,212,13.4,3997110585,56,Center,3997110589,141,61.7,,,,,,,,,,1rd0zzpp3dn0y7qtxwc57g7h1,R. Thomas,,,,,,,,,,,,,,,,,,,,,,,,,,,,,,,,
2501026209,450,1,1,38,13,2uuh2bir8ktof0uxfo06lb4ox,1,63.1,61.7,2023-01-27T19:37:34.266Z,2023-01-27T19:37:36Z,3997110699,212,6.1,3997110695,140,57.9,3997110693,56,Center,3997110697,141,65.8,3997110701,213,2.7,,,,,,,,,,a339o11ut8s1o9odm6ybc4pka,T. van den Belt,,,,,,,,,,,,,,,,,,,,,,,,,,,,,,,,
2501026227,451,1,1,38,15,2uuh2bir8ktof0uxfo06lb4ox,1,57.9,65.8,2023-01-27T19:37:35.929Z,2023-01-27T19:37:37Z,3997110775,212,20.1,3997110769,56,Center,3997110773,141,36.6,3997110777,213,4.9,3997110771,140,61.1,,,,,,,,,,1rd0zzpp3dn0y7qtxwc57g7h1,R. Thomas,,,,,,,,,,,,,,,,,,,,,,,,,,,,,,,,
2501026265,452,1,1,38,17,2uuh2bir8ktof0uxfo06lb4ox,1,61.1,36.4,2023-01-27T19:37:37.561Z,2023-01-27T19:37:39Z,3997110941,56,Right,3997110953,213,5.4,3997110949,141,10.4,3997110943,140,75.4,3997110951,212,23.2,,,,,,,,,,dmrznrol8qp7yk53r6ajhnkt0,T. Beelen,,,,,,,,,,,,,,,,,,,,,,,,,,,,,,,,
2501026279,453,1,1,38,19,2uuh2bir8ktof0uxfo06lb4ox,1,75.4,10.4,2023-01-27T19:37:39.802Z,2023-01-27T19:37:41Z,3997111011,56,Right,3997111017,212,13.1,3997111013,140,64.3,3997111015,141,19.2,3997111019,213,2.7,,,,,,,,,,8fqnvz74z901a2h0kgk1zezje,L. Görlich,,,,,,,,,,,,,,,,,,,,,,,,,,,,,,,,
2501026321,454,1,1,38,20,2uuh2bir8ktof0uxfo06lb4ox,1,64,20.9,2023-01-27T19:37:41.225Z,2023-01-27T19:37:45Z,3997111277,140,60.9,3997111283,213,1.8,3997111275,56,Center,3997111281,212,17.4,3997111279,141,46.1,,,,,,,,,,dmrznrol8qp7yk53r6ajhnkt0,T. Beelen,,,,,,,,,,,,,,,,,,,,,,,,,,,,,,,,
2501026353,455,1,1,38,24,2uuh2bir8ktof0uxfo06lb4ox,1,61.2,54,2023-01-27T19:37:45.353Z,2023-01-27T19:37:47Z,3997111443,56,Center,3997111451,213,1.7,3997111449,212,15.1,3997111445,140,59.3,3997111447,141,76.0,,,,,,,,,,1rd0zzpp3dn0y7qtxwc57g7h1,R. Thomas,,,,,,,,,,,,,,,,,,,,,,,,,,,,,,,,
2501026387,456,1,1,38,26,2uuh2bir8ktof0uxfo06lb4ox,1,59.3,76,2023-01-27T19:37:47.465Z,2023-01-27T19:37:51Z,3997111621,56,Center,3997111627,212,12.8,3997111623,140,60.8,3997111625,141,57.3,3997111629,213,4.8,,,,,,,,,,dse1rndtog4qn2mwv966vp6mt,B. van Hintum,,,,,,,,,,,,,,,,,,,,,,,,,,,,,,,,
2501026409,457,1,1,38,31,2uuh2bir8ktof0uxfo06lb4ox,1,60.6,46.3,2023-01-27T19:37:51.865Z,2023-01-27T19:37:54Z,3997111721,56,Center,3997111727,212,15.0,3997111723,140,63.4,3997111725,141,24.6,3997111729,213,4.9,,,,,,,,,,1rd0zzpp3dn0y7qtxwc57g7h1,R. Thomas,,,,,,,,,,,,,,,,,,,,,,,,,,,,,,,,
2501026439,458,1,1,38,33,2uuh2bir8ktof0uxfo06lb4ox,1,63.5,24.3,2023-01-27T19:37:54.249Z,2023-01-27T19:37:57Z,3997111863,56,Center,3997111865,140,62.6,3997111869,212,18.1,3997111871,213,1.6,3997111867,141,50.9,,,,,,,,,,dmrznrol8qp7yk53r6ajhnkt0,T. Beelen,,,,,,,,,,,,,,,,,,,,,,,,,,,,,,,,
2501026465,459,1,1,38,36,2uuh2bir8ktof0uxfo06lb4ox,1,62.6,51.2,2023-01-27T19:37:57.369Z,2023-01-27T19:37:59Z,3997111977,141,53.0,3997111973,56,Center,3997111981,213,0.1,3997111975,140,70.4,3997111979,212,8.3,,,,,,,,,,1rd0zzpp3dn0y7qtxwc57g7h1,R. Thomas,,,,,,,,,,,,,,,,,,,,,,,,,,,,,,,,
2501026477,460,1,1,38,38,2uuh2bir8ktof0uxfo06lb4ox,0,70.4,53,2023-01-27T19:37:59.129Z,2023-01-27T19:38:00Z,3997112055,140,73.4,3997112059,212,3.6,3997112053,56,Center,3997112061,213,0.5,3997112057,141,55.7,3997112051,168,,,,,,,,2esbyi3i7rtsdkxe6a917rsnp,L. Thy,,,,,,,,,,,,,,,,,,,,,,,,,,,,,,,,
2501026495,258,49,1,38,40,dnzj0iv5qtaemm9kthh9pos8q,1,21.5,31,2023-01-27T19:38:01.393Z,2023-01-27T19:38:01Z,,,,,,,,,,,,,,,,,,,,,,,,,8uw9w30592omb8acpnssgdlh,R. Dekker,,,,,,,,,,,,,,,,,,,,,,,,,,,,,,,,
2501026503,259,1,1,38,42,dnzj0iv5qtaemm9kthh9pos8q,0,23.9,31.2,2023-01-27T19:38:02.577Z,2023-01-27T19:38:03Z,3997112193,212,25.6,3997112187,56,Back,3997112195,213,5.7,3997112191,141,10.9,3997112189,140,44.4,,,,,,,,,,8uw9w30592omb8acpnssgdlh,R. Dekker,,,,,,,,,,,,,,,,,,,,,,,,,,,,,,,,
2501026505,461,49,1,38,43,2uuh2bir8ktof0uxfo06lb4ox,1,54.4,90,2023-01-27T19:38:03.674Z,2023-01-27T19:38:03Z,,,,,,,,,,,,,,,,,,,,,,,,,dse1rndtog4qn2mwv966vp6mt,B. van Hintum,,,,,,,,,,,,,,,,,,,,,,,,,,,,,,,,
2501026569,462,1,1,38,43,2uuh2bir8ktof0uxfo06lb4ox,1,54.4,90,2023-01-27T19:38:03.913Z,2023-01-27T19:38:08Z,3997112539,213,6.3,3997112535,141,89.6,3997112533,140,66.7,3997112537,212,12.9,3997112531,56,Left,,,,,,,,,,dse1rndtog4qn2mwv966vp6mt,B. van Hintum,,,,,,,,,,,,,,,,,,,,,,,,,,,,,,,,
2501026589,463,1,1,38,47,2uuh2bir8ktof0uxfo06lb4ox,0,74.3,89.9,2023-01-27T19:38:08.329Z,2023-01-27T19:38:09Z,3997112639,213,4.9,3997112635,141,61.2,3997112633,140,78.4,3997112637,212,20.0,3997112631,56,Center,,,,,,,,,,29s8wk0a2m66rebsfx1jfuuh,D. van den Berg,,,,,,,,,,,,,,,,,,,,,,,,,,,,,,,,
2501026597,260,61,1,38,50,dnzj0iv5qtaemm9kthh9pos8q,1,22.9,38.8,2023-01-27T19:38:10.994Z,2023-01-27T19:38:11Z,3997112661,56,Back,,,,,,,,,,,,,,,,,,,,,,dh3ksith5iat573zuhdhv91w5,R. Stuy van den Herik,,,,,,,,,,,,,,,,,,,,,,,,,,,,,,,,
2501026611,464,1,1,38,50,2uuh2bir8ktof0uxfo06lb4ox,0,72,77.6,2023-01-27T19:38:11.033Z,2023-01-27T19:38:12Z,3997112721,140,64.3,3997112733,213,4.2,3997112717,56,Center,3997112729,212,15.4,3997112725,141,58.4,,,,,,,,,,29s8wk0a2m66rebsfx1jfuuh,D. van den Berg,,,,,,,,,,,,,,,,,,,,,,,,,,,,,,,,
2501026641,261,49,1,38,52,dnzj0iv5qtaemm9kthh9pos8q,1,34.9,43.9,2023-01-27T19:38:12.690Z,2023-01-27T19:38:18Z,,,,,,,,,,,,,,,,,,,,,,,,,b950jt347chmq9whlkgl6fxpm,K. Leidsman,,,,,,,,,,,,,,,,,,,,,,,,,,,,,,,,
2501026649,262,50,1,38,53,dnzj0iv5qtaemm9kthh9pos8q,1,35.8,43.4,2023-01-27T19:38:13.896Z,2023-01-27T19:38:16Z,3997112933,233,465,3997112869,286,,3997112867,56,Back,,,,,,,,,,,,,,,,b950jt347chmq9whlkgl6fxpm,K. Leidsman,,,,,,,,,,,,,,,,,,,,,,,,,,,,,,,,
2501026653,465,7,1,38,53,2uuh2bir8ktof0uxfo06lb4ox,1,64.2,56.6,2023-01-27T19:38:13.897Z,2023-01-27T19:38:16Z,3997112883,56,Center,3997112923,233,262,3997112885,285,,,,,,,,,,,,,,,,,1rd0zzpp3dn0y7qtxwc57g7h1,R. Thomas,,,,,,,,,,,,,,,,,,,,,,,,,,,,,,,,
2501026659,466,49,1,38,55,2uuh2bir8ktof0uxfo06lb4ox,1,58.2,51.5,2023-01-27T19:38:15.690Z,2023-01-27T19:38:16Z,,,,,,,,,,,,,,,,,,,,,,,,,idvh0ac1f8wv39640pyl4esp,S. Kersten,,,,,,,,,,,,,,,,,,,,,,,,,,,,,,,,
2501026679,467,1,1,38,55,2uuh2bir8ktof0uxfo06lb4ox,1,58.2,51.5,2023-01-27T19:38:16.121Z,2023-01-27T19:38:17Z,3997113011,213,6.2,3997113003,56,Center,3997113009,212,10.2,3997113005,140,67.8,3997113007,141,49.6,,,,,,,,,,idvh0ac1f8wv39640pyl4esp,S. Kersten,,,,,,,,,,,,,,,,,,,,,,,,,,,,,,,,
2501026691,468,1,1,38,57,2uuh2bir8ktof0uxfo06lb4ox,1,67.8,49.6,2023-01-27T19:38:17.609Z,2023-01-27T19:38:19Z,3997113071,140,60.4,3997113077,213,2.5,3997113087,156,,3997113073,141,58.4,3997113069,56,Center,3997113075,212,9.8,,,,,,,a339o11ut8s1o9odm6ybc4pka,T. van den Belt,,,,,,,,,,,,,,,,,,,,,,,,,,,,,,,,
2501026713,469,1,1,38,59,2uuh2bir8ktof0uxfo06lb4ox,1,60.4,59,2023-01-27T19:38:19.513Z,2023-01-27T19:38:20Z,3997113183,140,67.5,3997113181,56,Center,3997113187,212,11.4,3997113185,141,71.7,3997113189,213,0.9,,,,,,,,,,1rd0zzpp3dn0y7qtxwc57g7h1,R. Thomas,,,,,,,,,,,,,,,,,,,,,,,,,,,,,,,,
2501026727,470,1,1,39,0,2uuh2bir8ktof0uxfo06lb4ox,0,67.5,71.7,2023-01-27T19:38:20.665Z,2023-01-27T19:38:22Z,3997113311,140,75.5,3997113309,56,Left,3997113317,213,1.2,3997113313,141,100.0,3997113315,212,22.3,,,,,,,,,,29s8wk0a2m66rebsfx1jfuuh,D. van den Berg,,,,,,,,,,,,,,,,,,,,,,,,,,,,,,,,
2501026949,263,5,1,39,1,dnzj0iv5qtaemm9kthh9pos8q,1,22.1,-1.8,2023-01-27T19:38:22.320Z,2023-01-27T19:47:12Z,3997114503,233,471,3997114487,347,,3997114485,56,Back,,,,,,,,,,,,,,,,b950jt347chmq9whlkgl6fxpm,K. Leidsman,,,,,,,,,,,,,,,,,,,,,,,,,,,,,,,,
2501026731,471,5,1,39,1,2uuh2bir8ktof0uxfo06lb4ox,0,77.9,101.8,2023-01-27T19:38:22.320Z,2023-01-27T19:38:43Z,3997113329,56,Left,3997114523,233,263,3997113331,347,,,,,,,,,,,,,,,,,29s8wk0a2m66rebsfx1jfuuh,D. van den Berg,,,,,,,,,,,,,,,,,,,,,,,,,,,,,,,,
2501026981,264,1,1,39,22,dnzj0iv5qtaemm9kthh9pos8q,0,25.6,0,2023-01-27T19:38:43.233Z,2023-01-27T19:38:46Z,3997114619,141,5.6,3997114623,212,23.5,3997114615,56,Back,3997114613,107,,3997114629,1,,3997114617,140,47.5,3997114627,213,0.2,,,,dcdvet7azx1a59xm2ke7qi2cq,I. Pata,,,,,,,,,,,,,,,,,,,,,,,,,,,,,,,,
2501026995,472,1,1,39,25,2uuh2bir8ktof0uxfo06lb4ox,0,63.9,88.6,2023-01-27T19:38:46.377Z,2023-01-27T19:38:47Z,3997114665,140,70.2,3997114669,212,11.0,3997114663,56,Left,3997114667,141,100.0,3997114671,213,0.9,3997114661,3,,,,,,,,dse1rndtog4qn2mwv966vp6mt,B. van Hintum,,,,,,,,,,,,,,,,,,,,,,,,,,,,,,,,
2501027119,474,61,1,39,26,2uuh2bir8ktof0uxfo06lb4ox,1,57.9,92.1,2023-01-27T19:38:47.341Z,2023-01-27T19:39:00Z,3997115269,56,Left,,,,,,,,,,,,,,,,,,,,,,1rd0zzpp3dn0y7qtxwc57g7h1,R. Thomas,,,,,,,,,,,,,,,,,,,,,,,,,,,,,,,,
2501027135,265,5,1,39,26,dnzj0iv5qtaemm9kthh9pos8q,1,36.8,-1.6,2023-01-27T19:38:47.488Z,2023-01-27T19:47:13Z,3997115349,56,Back,3997115351,347,,3997115383,233,473,,,,,,,,,,,,,,,,dcdvet7azx1a59xm2ke7qi2cq,I. Pata,,,,,,,,,,,,,,,,,,,,,,,,,,,,,,,,
2501027001,473,5,1,39,26,2uuh2bir8ktof0uxfo06lb4ox,0,63.2,101.6,2023-01-27T19:38:47.488Z,2023-01-27T19:39:00Z,3997114689,347,,3997115399,233,265,3997114687,56,Left,,,,,,,,,,,,,,,,dse1rndtog4qn2mwv966vp6mt,B. van Hintum,,,,,,,,,,,,,,,,,,,,,,,,,,,,,,,,
2501027175,266,1,1,39,39,dnzj0iv5qtaemm9kthh9pos8q,1,45.7,0,2023-01-27T19:38:59.921Z,2023-01-27T19:39:04Z,3997115609,56,Right,3997115615,212,26.2,3997115619,1,,3997115611,140,69.4,3997115617,213,0.3,3997115613,141,10.0,3997115607,107,,,,,dcdvet7azx1a59xm2ke7qi2cq,I. Pata,,,,,,,,,,,,,,,,,,,,,,,,,,,,,,,,
2501027189,267,44,1,39,43,dnzj0iv5qtaemm9kthh9pos8q,1,63,9.9,2023-01-27T19:39:04.296Z,2023-01-27T19:39:05Z,3997115675,233,475,3997115663,286,,3997115659,56,Right,,,,,,,,,,,,,,,,b950jt347chmq9whlkgl6fxpm,K. Leidsman,,,,,,,,,,,,,,,,,,,,,,,,,,,,,,,,
2501027183,475,44,1,39,43,2uuh2bir8ktof0uxfo06lb4ox,0,37,90.1,2023-01-27T19:39:04.297Z,2023-01-27T19:39:05Z,3997115647,56,Back,3997115649,285,,3997115701,233,267,,,,,,,,,,,,,,,,1rd0zzpp3dn0y7qtxwc57g7h1,R. Thomas,,,,,,,,,,,,,,,,,,,,,,,,,,,,,,,,
2501027197,268,1,1,39,44,dnzj0iv5qtaemm9kthh9pos8q,1,67.6,9.7,2023-01-27T19:39:04.656Z,2023-01-27T19:39:06Z,3997115725,56,Right,3997115729,141,4.4,3997115723,3,,3997115731,212,5.2,3997115727,140,71.2,3997115733,213,5.5,,,,,,,b950jt347chmq9whlkgl6fxpm,K. Leidsman,,,,,,,,,,,,,,,,,,,,,,,,,,,,,,,,
2501027201,269,1,1,39,45,dnzj0iv5qtaemm9kthh9pos8q,0,71.7,3.8,2023-01-27T19:39:06.161Z,2023-01-27T19:39:06Z,3997115761,212,17.1,3997115759,141,18.6,3997115755,56,Right,3997115763,213,0.6,3997115757,140,84.9,3997115753,3,,,,,,,,f1as17wqpj44gihtvw936lofd,B. van Hoeven,,,,,,,,,,,,,,,,,,,,,,,,,,,,,,,,
2501027211,476,49,1,39,46,2uuh2bir8ktof0uxfo06lb4ox,1,14.5,81.7,2023-01-27T19:39:07.338Z,2023-01-27T19:39:07Z,,,,,,,,,,,,,,,,,,,,,,,,,dmrznrol8qp7yk53r6ajhnkt0,T. Beelen,,,,,,,,,,,,,,,,,,,,,,,,,,,,,,,,
2501027239,477,1,1,39,47,2uuh2bir8ktof0uxfo06lb4ox,1,14.5,81.7,2023-01-27T19:39:07.578Z,2023-01-27T19:39:09Z,3997115939,213,4.2,3997115935,141,49.1,3997115933,140,3.6,3997115937,212,24.9,3997115931,56,Back,,,,,,,,,,dmrznrol8qp7yk53r6ajhnkt0,T. Beelen,,,,,,,,,,,,,,,,,,,,,,,,,,,,,,,,
2501027329,478,1,1,39,48,2uuh2bir8ktof0uxfo06lb4ox,1,3.6,49.1,2023-01-27T19:39:09.401Z,2023-01-27T19:39:18Z,3997116295,212,31.2,3997116293,141,17.4,3997116297,213,5.5,3997116289,56,Back,3997116291,140,25.1,,,,,,,,,,cetavjue5femoxid9fmcd0zjd,J. Schendelaar,,,,,,,,,,,,,,,,,,,,,,,,,,,,,,,,
2501027373,479,1,1,39,57,2uuh2bir8ktof0uxfo06lb4ox,1,64,15.3,2023-01-27T19:39:18.488Z,2023-01-27T19:39:22Z,3997116501,212,55.3,3997116503,213,1.4,3997116499,141,95.6,3997116495,56,Left,3997116491,155,,3997116497,140,72.6,3997116493,196,,3997116505,1,,8fqnvz74z901a2h0kgk1zezje,L. Görlich,,,,,,,,,,,,,,,,,,,,,,,,,,,,,,,,
2501027383,480,44,1,40,2,2uuh2bir8ktof0uxfo06lb4ox,1,74.2,90.8,2023-01-27T19:39:22.761Z,2023-01-27T19:39:25Z,3997116535,56,Left,3997116537,286,,3997116619,233,270,,,,,,,,,,,,,,,,csecbdlw3sxstnebpiw91ezxm,S. Lagsir,,,,,,,,,,,,,,,,,,,,,,,,,,,,,,,,
2501027399,270,44,1,40,2,dnzj0iv5qtaemm9kthh9pos8q,0,25.8,9.2,2023-01-27T19:39:22.762Z,2023-01-27T19:39:25Z,3997116577,56,Back,3997116627,233,480,3997116579,285,,,,,,,,,,,,,,,,,dcdvet7azx1a59xm2ke7qi2cq,I. Pata,,,,,,,,,,,,,,,,,,,,,,,,,,,,,,,,
2501027389,481,61,1,40,3,2uuh2bir8ktof0uxfo06lb4ox,1,72.6,95.6,2023-01-27T19:39:23.737Z,2023-01-27T19:39:24Z,3997116539,56,Left,,,,,,,,,,,,,,,,,,,,,,csecbdlw3sxstnebpiw91ezxm,S. Lagsir,,,,,,,,,,,,,,,,,,,,,,,,,,,,,,,,
2501027449,482,1,1,40,7,2uuh2bir8ktof0uxfo06lb4ox,1,70.5,74.2,2023-01-27T19:39:28.184Z,2023-01-27T19:39:29Z,3997116847,56,Center,3997116855,212,10.6,3997116859,213,4.1,3997116849,140,65.0,3997116851,141,61.2,,,,,,,,,,1rd0zzpp3dn0y7qtxwc57g7h1,R. Thomas,,,,,,,,,,,,,,,,,,,,,,,,,,,,,,,,
2501027461,483,1,1,40,8,2uuh2bir8ktof0uxfo06lb4ox,0,65,61.2,2023-01-27T19:39:28.984Z,2023-01-27T19:40:22Z,3997116913,213,6.3,3997116907,140,73.3,3997116911,212,8.7,3997116905,56,Center,3997116909,141,60.8,,,,,,,,,,a339o11ut8s1o9odm6ybc4pka,T. van den Belt,,,,,,,,,,,,,,,,,,,,,,,,,,,,,,,,
2501027475,271,61,1,40,10,dnzj0iv5qtaemm9kthh9pos8q,1,25.7,44.2,2023-01-27T19:39:31.424Z,2023-01-27T19:39:31Z,3997116971,56,Back,,,,,,,,,,,,,,,,,,,,,,bquqyyfz4lj0xrerbhbtj1jze,Ö. Gündüz,,,,,,,,,,,,,,,,,,,,,,,,,,,,,,,,
2501027499,484,1,1,40,12,2uuh2bir8ktof0uxfo06lb4ox,1,68.9,57.3,2023-01-27T19:39:32.761Z,2023-01-27T19:40:25Z,3997117093,212,17.3,3997117087,56,Left,3997117091,141,82.3,3997117095,213,1.4,3997117089,140,72.1,,,,,,,,,,a339o11ut8s1o9odm6ybc4pka,T. van den Belt,,,,,,,,,,,,,,,,,,,,,,,,,,,,,,,,
2501027525,485,1,1,40,13,2uuh2bir8ktof0uxfo06lb4ox,1,72.6,72.1,2023-01-27T19:39:34.088Z,2023-01-27T19:39:35Z,3997117221,56,Center,3997117227,141,43.7,3997117231,213,4.6,3997117229,212,19.4,3997117225,140,70.7,,,,,,,,,,csecbdlw3sxstnebpiw91ezxm,S. Lagsir,,,,,,,,,,,,,,,,,,,,,,,,,,,,,,,,
2501027533,486,1,1,40,15,2uuh2bir8ktof0uxfo06lb4ox,1,70.7,43.7,2023-01-27T19:39:35.608Z,2023-01-27T19:39:37Z,3997117279,140,66.5,3997117281,141,58.7,3997117285,213,2.0,3997117283,212,11.1,3997117277,56,Center,,,,,,,,,,a339o11ut8s1o9odm6ybc4pka,T. van den Belt,,,,,,,,,,,,,,,,,,,,,,,,,,,,,,,,
2501027561,487,1,1,40,16,2uuh2bir8ktof0uxfo06lb4ox,1,66.5,58.7,2023-01-27T19:39:37.320Z,2023-01-27T19:39:41Z,3997117433,212,22.0,3997117431,141,83.9,3997117429,140,79.6,3997117427,56,Left,3997117439,213,0.9,,,,,,,,,,1rd0zzpp3dn0y7qtxwc57g7h1,R. Thomas,,,,,,,,,,,,,,,,,,,,,,,,,,,,,,,,
2501027567,488,1,1,40,20,2uuh2bir8ktof0uxfo06lb4ox,0,93.1,77.2,2023-01-27T19:39:41.081Z,2023-01-27T19:39:42Z,3997117479,212,2.7,3997117471,155,,3997117491,236,,3997117469,2,,3997117475,140,93.1,3997117497,286,,3997117477,141,73.2,3997117473,56,Center,29s8wk0a2m66rebsfx1jfuuh,D. van den Berg,3997117493,233,3997117481,213,4.7,,272,,,,,,,,,,,,,,,,,,,,,,,,,
2501027571,272,12,1,40,20,dnzj0iv5qtaemm9kthh9pos8q,1,8.5,23.3,2023-01-27T19:39:41.181Z,2023-01-27T19:39:43Z,3997117487,56,Back,3997117531,233,488,3997117485,185,,,,,,,,,,,,,,,,,dcdvet7azx1a59xm2ke7qi2cq,I. Pata,,,,,,,,,,,,,,,,,,,,,,,,,,,,,,,,
2501027599,273,5,1,40,22,dnzj0iv5qtaemm9kthh9pos8q,0,12.8,-1.8,2023-01-27T19:39:43.192Z,2023-01-27T19:47:13Z,3997117613,347,,3997118661,233,489,3997117611,56,Back,,,,,,,,,,,,,,,,dcdvet7azx1a59xm2ke7qi2cq,I. Pata,,,,,,,,,,,,,,,,,,,,,,,,,,,,,,,,
2501027801,489,5,1,40,22,2uuh2bir8ktof0uxfo06lb4ox,1,87.2,101.8,2023-01-27T19:39:43.192Z,2023-01-27T19:40:08Z,3997118655,233,273,3997118653,347,,3997118651,56,Left,,,,,,,,,,,,,,,,29s8wk0a2m66rebsfx1jfuuh,D. van den Berg,,,,,,,,,,,,,,,,,,,,,,,,,,,,,,,,
2501027825,490,1,1,40,47,2uuh2bir8ktof0uxfo06lb4ox,1,84.3,100,2023-01-27T19:40:08.200Z,2023-01-27T19:40:12Z,3997118809,213,4.9,3997118805,141,62.1,3997118803,140,90.4,3997118811,1,,3997118799,107,,3997118801,56,Center,3997118807,212,27.9,,,,dse1rndtog4qn2mwv966vp6mt,B. van Hintum,,,,,,,,,,,,,,,,,,,,,,,,,,,,,,,,
2501027835,491,44,1,40,51,2uuh2bir8ktof0uxfo06lb4ox,1,91.6,60,2023-01-27T19:40:12.135Z,2023-01-27T19:40:13Z,3997118835,56,Center,3997118837,286,,3997118861,233,274,,,,,,,,,,,,,,,,idvh0ac1f8wv39640pyl4esp,S. Kersten,,,,,,,,,,,,,,,,,,,,,,,,,,,,,,,,
2501027833,274,44,1,40,51,dnzj0iv5qtaemm9kthh9pos8q,0,8.4,40,2023-01-27T19:40:12.136Z,2023-01-27T19:40:13Z,3997118831,56,Back,3997118881,233,491,3997118833,285,,,,,,,,,,,,,,,,,1jn9jog8ou8uxnmypneksizxm,R. van Eijma,,,,,,,,,,,,,,,,,,,,,,,,,,,,,,,,
2501027845,492,1,1,40,51,2uuh2bir8ktof0uxfo06lb4ox,0,90.4,62.1,2023-01-27T19:40:12.360Z,2023-01-27T19:40:13Z,3997118907,56,Center,3997118913,141,37.6,3997118917,212,20.4,3997118903,3,,3997118919,213,5.3,3997118905,168,,3997118909,140,100.0,,,,idvh0ac1f8wv39640pyl4esp,S. Kersten,,,,,,,,,,,,,,,,,,,,,,,,,,,,,,,,
2501027867,275,5,1,40,52,dnzj0iv5qtaemm9kthh9pos8q,1,-1.1,64.2,2023-01-27T19:40:13.341Z,2023-01-27T19:47:13Z,3997119019,233,493,3997119009,56,Back,3997119011,346,,,,,,,,,,,,,,,,,1jn9jog8ou8uxnmypneksizxm,R. van Eijma,,,,,,,,,,,,,,,,,,,,,,,,,,,,,,,,
2501027851,493,5,1,40,52,2uuh2bir8ktof0uxfo06lb4ox,0,101.1,35.8,2023-01-27T19:40:13.341Z,2023-01-27T19:40:16Z,3997118943,346,,3997118941,56,Center,3997119023,233,275,,,,,,,,,,,,,,,,idvh0ac1f8wv39640pyl4esp,S. Kersten,,,,,,,,,,,,,,,,,,,,,,,,,,,,,,,,
2501028195,276,1,1,41,14,dnzj0iv5qtaemm9kthh9pos8q,1,5.2,54.8,2023-01-27T19:40:35.072Z,2023-01-27T19:40:42Z,3997120741,124,,3997120747,141,76.4,3997120743,56,Center,3997120753,1,,3997120751,213,0.3,3997120757,74,,3997120745,140,59.9,3997120749,212,59.3,alzgg0nxnnex3nkzr6lgmt1ey,T. Jansen,,,,,,,,,,,,,,,,,,,,,,,,,,,,,,,,
2501028227,277,1,1,41,22,dnzj0iv5qtaemm9kthh9pos8q,1,59.9,76.4,2023-01-27T19:40:42.640Z,2023-01-27T19:40:45Z,3997120939,140,71.5,3997120935,168,,3997120945,213,0.7,3997120933,3,,3997120941,141,92.6,3997120937,56,Left,3997120943,212,16.4,,,,b950jt347chmq9whlkgl6fxpm,K. Leidsman,,,,,,,,,,,,,,,,,,,,,,,,,,,,,,,,
2501028237,278,1,1,41,24,dnzj0iv5qtaemm9kthh9pos8q,1,69.6,93.9,2023-01-27T19:40:45.296Z,2023-01-27T19:40:46Z,3997121021,140,54.9,3997121027,213,3.0,3997121023,141,96.0,3997121019,56,Left,3997121025,212,15.5,,,,,,,,,,1mroid71v9bwpx0iaospei9gq,R. Margaret,,,,,,,,,,,,,,,,,,,,,,,,,,,,,,,,
2501028269,279,1,1,41,25,dnzj0iv5qtaemm9kthh9pos8q,0,54.6,95.9,2023-01-27T19:40:46.401Z,2023-01-27T19:40:51Z,3997121195,1,,3997121187,140,78.5,3997121193,213,6.1,3997121185,56,Left,3997121189,141,90.0,3997121191,212,25.4,3997121183,157,,,,,4zow18ykkg1gvw40r7jsrzkl,D. van der Sluys,,,,,,,,,,,,,,,,,,,,,,,,,,,,,,,,
2501028247,494,44,1,41,26,2uuh2bir8ktof0uxfo06lb4ox,1,24.4,15.6,2023-01-27T19:40:46.856Z,2023-01-27T19:40:51Z,3997121073,56,Back,3997121257,233,280,3997121075,285,,,,,,,,,,,,,,,,,dmrznrol8qp7yk53r6ajhnkt0,T. Beelen,,,,,,,,,,,,,,,,,,,,,,,,,,,,,,,,
2501028273,280,44,1,41,26,dnzj0iv5qtaemm9kthh9pos8q,0,75.6,84.4,2023-01-27T19:40:46.857Z,2023-01-27T19:40:51Z,3997121213,56,Left,3997121285,233,494,3997121215,286,,,,,,,,,,,,,,,,,dh3ksith5iat573zuhdhv91w5,R. Stuy van den Herik,,,,,,,,,,,,,,,,,,,,,,,,,,,,,,,,
2501028257,495,1,1,41,27,2uuh2bir8ktof0uxfo06lb4ox,0,27.5,19.1,2023-01-27T19:40:47.624Z,2023-01-27T19:40:49Z,3997121125,141,6.5,3997121129,213,5.0,3997121119,3,,3997121123,140,30.1,3997121127,212,9.0,3997121121,56,Back,,,,,,,dmrznrol8qp7yk53r6ajhnkt0,T. Beelen,,,,,,,,,,,,,,,,,,,,,,,,,,,,,,,,
2501028305,281,1,1,41,29,dnzj0iv5qtaemm9kthh9pos8q,0,74.3,94.5,2023-01-27T19:40:50.160Z,2023-01-27T19:44:25Z,3997121369,140,77.9,3997121373,212,4.9,3997121391,233,496,3997121371,141,89.9,3997121375,213,5.6,3997121395,286,,3997121367,56,Left,3997121389,236,,1mroid71v9bwpx0iaospei9gq,R. Margaret,,,,,,,,,,,,,,,,,,,,,,,,,,,,,,,,
2501028275,496,74,1,41,29,2uuh2bir8ktof0uxfo06lb4ox,1,28,4,2023-01-27T19:40:50.161Z,2023-01-27T19:46:02Z,3997121217,56,Back,3997121407,233,281,3997121219,285,,,,,,,,,,,,,,,,,idvh0ac1f8wv39640pyl4esp,S. Kersten,,,,,,,,,,,,,,,,,,,,,,,,,,,,,,,,
2501028341,282,5,1,41,31,dnzj0iv5qtaemm9kthh9pos8q,1,73.4,101.4,2023-01-27T19:40:51.848Z,2023-01-27T19:47:13Z,3997121545,347,,3997121543,56,Left,3997121555,233,497,,,,,,,,,,,,,,,,1mroid71v9bwpx0iaospei9gq,R. Margaret,,,,,,,,,,,,,,,,,,,,,,,,,,,,,,,,
2501028295,497,5,1,41,31,2uuh2bir8ktof0uxfo06lb4ox,0,26.6,-1.4,2023-01-27T19:40:51.848Z,2023-01-27T19:40:55Z,3997121333,56,Back,3997121335,347,,3997121575,233,282,,,,,,,,,,,,,,,,idvh0ac1f8wv39640pyl4esp,S. Kersten,,,,,,,,,,,,,,,,,,,,,,,,,,,,,,,,
2501028417,283,1,1,41,34,dnzj0iv5qtaemm9kthh9pos8q,0,74.8,100,2023-01-27T19:40:55.153Z,2023-01-27T19:54:16Z,3997121933,140,87.2,3997121939,213,5.6,3997121935,141,84.4,3997121931,56,Left,3997121937,212,17.2,3997121929,107,,,,,,,,4zow18ykkg1gvw40r7jsrzkl,D. van der Sluys,,,,,,,,,,,,,,,,,,,,,,,,,,,,,,,,
2501035081,320,61,1,41,36,dnzj0iv5qtaemm9kthh9pos8q,0,86.5,83,2023-01-27T19:40:56.506Z,2023-01-27T19:54:24Z,3997156837,56,Left,,,,,,,,,,,,,,,,,,,,,,b950jt347chmq9whlkgl6fxpm,K. Leidsman,,,,,,,,,,,,,,,,,,,,,,,,,,,,,,,,
2501028389,498,1,1,41,37,2uuh2bir8ktof0uxfo06lb4ox,1,22.5,23.3,2023-01-27T19:40:58.456Z,2023-01-27T19:41:40Z,3997121787,213,3.8,3997121779,56,Back,3997121781,140,15.4,3997121785,212,9.6,3997121783,141,14.3,,,,,,,,,,idvh0ac1f8wv39640pyl4esp,S. Kersten,,,,,,,,,,,,,,,,,,,,,,,,,,,,,,,,
2501028391,499,61,1,41,39,2uuh2bir8ktof0uxfo06lb4ox,1,15.4,14.3,2023-01-27T19:41:00.087Z,2023-01-27T19:41:00Z,3997121795,56,Back,,,,,,,,,,,,,,,,,,,,,,8fqnvz74z901a2h0kgk1zezje,L. Görlich,,,,,,,,,,,,,,,,,,,,,,,,,,,,,,,,
2501031521,544,1,1,41,40,2uuh2bir8ktof0uxfo06lb4ox,0,12.5,18.2,2023-01-27T19:41:00.506Z,2023-01-27T19:45:53Z,3997137767,140,33.4,3997137775,1,,3997137759,157,,3997137771,212,22.1,3997137765,56,Back,3997137769,141,13.8,3997137773,213,6.1,,,,dmrznrol8qp7yk53r6ajhnkt0,T. Beelen,,,,,,,,,,,,,,,,,,,,,,,,,,,,,,,,
2501028413,500,49,1,41,42,2uuh2bir8ktof0uxfo06lb4ox,1,22.1,31.9,2023-01-27T19:41:03.095Z,2023-01-27T19:46:13Z,,,,,,,,,,,,,,,,,,,,,,,,,dmrznrol8qp7yk53r6ajhnkt0,T. Beelen,,,,,,,,,,,,,,,,,,,,,,,,,,,,,,,,
2501028421,501,1,1,41,42,2uuh2bir8ktof0uxfo06lb4ox,0,22.1,31.9,2023-01-27T19:41:03.271Z,2023-01-27T19:46:12Z,3997121961,212,16.7,3997121957,140,31.4,3997121963,213,5.3,3997121955,56,Back,3997121959,141,12.0,,,,,,,,,,dmrznrol8qp7yk53r6ajhnkt0,T. Beelen,,,,,,,,,,,,,,,,,,,,,,,,,,,,,,,,
2501028443,284,49,1,41,45,dnzj0iv5qtaemm9kthh9pos8q,1,70.7,76.3,2023-01-27T19:41:06.225Z,2023-01-27T19:41:06Z,,,,,,,,,,,,,,,,,,,,,,,,,8uw9w30592omb8acpnssgdlh,R. Dekker,,,,,,,,,,,,,,,,,,,,,,,,,,,,,,,,
2501028465,285,1,1,41,45,dnzj0iv5qtaemm9kthh9pos8q,1,70.7,76.3,2023-01-27T19:41:06.352Z,2023-01-27T19:41:08Z,3997122229,213,1.1,3997122225,141,93.9,3997122227,212,13.4,3997122221,56,Left,3997122223,140,76.4,,,,,,,,,,8uw9w30592omb8acpnssgdlh,R. Dekker,,,,,,,,,,,,,,,,,,,,,,,,,,,,,,,,
2501028467,286,50,1,41,47,dnzj0iv5qtaemm9kthh9pos8q,1,73.7,89.2,2023-01-27T19:41:08.353Z,2023-01-27T19:41:10Z,3997122235,286,,3997122367,233,502,3997122233,56,Left,,,,,,,,,,,,,,,,1mroid71v9bwpx0iaospei9gq,R. Margaret,,,,,,,,,,,,,,,,,,,,,,,,,,,,,,,,
2501028487,502,7,1,41,47,2uuh2bir8ktof0uxfo06lb4ox,1,26.3,10.8,2023-01-27T19:41:08.354Z,2023-01-27T19:41:10Z,3997122319,56,Back,3997122321,285,,3997122317,167,,3997122339,233,286,,,,,,,,,,,,,a339o11ut8s1o9odm6ybc4pka,T. van den Belt,,,,,,,,,,,,,,,,,,,,,,,,,,,,,,,,
2501028545,287,5,1,41,49,dnzj0iv5qtaemm9kthh9pos8q,1,76.6,101.4,2023-01-27T19:41:09.912Z,2023-01-27T19:47:14Z,3997122635,56,Left,3997122639,233,503,3997122637,347,,,,,,,,,,,,,,,,,1mroid71v9bwpx0iaospei9gq,R. Margaret,,,,,,,,,,,,,,,,,,,,,,,,,,,,,,,,
2501028491,503,5,1,41,49,2uuh2bir8ktof0uxfo06lb4ox,0,23.4,-1.4,2023-01-27T19:41:09.912Z,2023-01-27T19:41:15Z,3997122643,233,287,3997122327,56,Back,3997122329,347,,,,,,,,,,,,,,,,,a339o11ut8s1o9odm6ybc4pka,T. van den Belt,,,,,,,,,,,,,,,,,,,,,,,,,,,,,,,,
2501028605,288,1,1,41,54,dnzj0iv5qtaemm9kthh9pos8q,1,80.3,100,2023-01-27T19:41:14.912Z,2023-01-27T19:41:20Z,3997122953,141,96.8,3997122955,212,13.9,3997122947,107,,3997122951,140,93.1,3997122949,56,Left,3997122957,213,6.0,,,,,,,4zow18ykkg1gvw40r7jsrzkl,D. van der Sluys,,,,,,,,,,,,,,,,,,,,,,,,,,,,,,,,
2501028663,289,1,1,42,0,dnzj0iv5qtaemm9kthh9pos8q,1,92.1,97.1,2023-01-27T19:41:20.864Z,2023-01-27T19:41:26Z,3997123251,140,86.6,3997123249,56,Left,3997123257,213,3.2,3997123253,141,96.6,3997123255,212,5.8,,,,,,,,,,1mroid71v9bwpx0iaospei9gq,R. Margaret,,,,,,,,,,,,,,,,,,,,,,,,,,,,,,,,
2501028823,290,1,1,42,5,dnzj0iv5qtaemm9kthh9pos8q,1,91.3,95.9,2023-01-27T19:41:26.400Z,2023-01-27T19:42:04Z,3997123973,140,87.5,3997123981,1,,3997123977,212,34.1,3997123975,141,46.1,3997125339,210,13,3997123967,2,,3997123969,155,,3997123971,56,Center,4zow18ykkg1gvw40r7jsrzkl,D. van der Sluys,3997125341,154,3997123979,213,4.6,1,,,,,,,,,,,,,,,,,,,,,,,,,,
2501028827,291,13,1,42,7,dnzj0iv5qtaemm9kthh9pos8q,1,86.4,40.6,2023-01-27T19:41:28.072Z,2023-01-27T19:42:04Z,3997125357,102,59.0,3997125349,29,,3997123999,22,,3997125353,55,290,3997125361,146,95.4,3997124587,328,,3997124001,17,,3997125351,154,,f1as17wqpj44gihtvw936lofd,B. van Hoeven,3997125365,230,3997124575,15,,,97.5,3997124597,153,3997124003,56,Center,3997125367,231,3997125359,103,8.3,,51.1,3997125347,83,,3997125363,147,53.1,,,,,,,
2501028671,504,52,1,42,7,2uuh2bir8ktof0uxfo06lb4ox,1,4.1,42.2,2023-01-27T19:41:28.103Z,2023-01-27T19:41:28Z,,,,,,,,,,,,,,,,,,,,,,,,,cetavjue5femoxid9fmcd0zjd,J. Schendelaar,,,,,,,,,,,,,,,,,,,,,,,,,,,,,,,,
2501029189,292,27,1,42,29,dnzj0iv5qtaemm9kthh9pos8q,1,0,0,2023-01-27T19:41:50.391Z,2023-01-27T19:46:27Z,3997125829,41,Injury,3997139375,233,505,3997125831,53,b950jt347chmq9whlkgl6fxpm,,,,,,,,,,,,,,,,,,,,,,,,,,,,,,,,,,,,,,,,,,,,,,,,,
2501028959,505,27,1,42,29,2uuh2bir8ktof0uxfo06lb4ox,1,0,0,2023-01-27T19:41:50.391Z,2023-01-27T19:46:26Z,3997139365,233,292,,,,,,,,,,,,,,,,,,,,,,,,,,,,,,,,,,,,,,,,,,,,,,,,,,,,,,,
2501029239,293,28,1,42,43,dnzj0iv5qtaemm9kthh9pos8q,1,0,0,2023-01-27T19:42:03.935Z,2023-01-27T19:46:27Z,3997139399,233,506,3997126061,55,292,,,,,,,,,,,,,,,,,,,,,,,,,,,,,,,,,,,,,,,,,,,,,,,,,,,,
2501029083,506,28,1,42,43,2uuh2bir8ktof0uxfo06lb4ox,1,0,0,2023-01-27T19:42:03.935Z,2023-01-27T19:46:27Z,3997139391,233,293,3997125313,55,505,,,,,,,,,,,,,,,,,,,,,,,,,,,,,,,,,,,,,,,,,,,,,,,,,,,,
2501029241,507,1,1,42,52,2uuh2bir8ktof0uxfo06lb4ox,1,7.4,46,2023-01-27T19:42:12.582Z,2023-01-27T19:42:17Z,3997126071,141,45.4,3997126069,140,27.2,3997126065,123,,3997126073,212,20.8,3997126067,56,Back,3997126075,213,6.3,,,,,,,cetavjue5femoxid9fmcd0zjd,J. Schendelaar,,,,,,,,,,,,,,,,,,,,,,,,,,,,,,,,
2501029273,508,1,1,42,56,2uuh2bir8ktof0uxfo06lb4ox,1,41,44.9,2023-01-27T19:42:17.191Z,2023-01-27T19:42:20Z,3997126267,213,5.8,3997126263,212,15.3,3997126255,140,53.8,3997126257,141,34.2,3997126253,56,Center,,,,,,,,,,dmrznrol8qp7yk53r6ajhnkt0,T. Beelen,,,,,,,,,,,,,,,,,,,,,,,,,,,,,,,,
2501029305,509,1,1,42,59,2uuh2bir8ktof0uxfo06lb4ox,0,56.4,31.5,2023-01-27T19:42:20.200Z,2023-01-27T19:42:22Z,3997126451,212,36.5,3997126449,141,56.9,3997126445,56,Center,3997126453,213,0.5,3997126443,155,,3997126447,140,87.0,3997126455,1,,,,,1rd0zzpp3dn0y7qtxwc57g7h1,R. Thomas,,,,,,,,,,,,,,,,,,,,,,,,,,,,,,,,
2501029341,294,8,1,43,4,dnzj0iv5qtaemm9kthh9pos8q,1,14.8,41.2,2023-01-27T19:42:25.040Z,2023-01-27T19:42:25Z,3997126647,56,Back,3997126651,15,,,,,,,,,,,,,,,,,,,,bquqyyfz4lj0xrerbhbtj1jze,Ö. Gündüz,,,,,,,,,,,,,,,,,,,,,,,,,,,,,,,,
2501029379,510,15,1,43,8,2uuh2bir8ktof0uxfo06lb4ox,1,85.1,43.6,2023-01-27T19:42:28.647Z,2023-01-27T19:43:52Z,3997131285,102,48.1,3997126845,17,,3997126843,22,,3997131291,458,,3997131283,81,,3997131287,103,22.8,3997128951,72,,3997126847,56,Center,by85t8ssyumcjcks1jx3v96vo,Y. Taha,3997131289,215,3997128955,233,296,,,3997131295,147,3997131293,146,99.7,,,,,,48.9,,,,,,,,,,,,,,
2501029441,296,10,1,43,8,dnzj0iv5qtaemm9kthh9pos8q,1,1.5,50,2023-01-27T19:42:28.747Z,2023-01-27T19:43:10Z,3997127159,56,Back,3997127155,178,,3997127157,182,,3997128961,233,510,3997127153,174,,,,,,,,,,,alzgg0nxnnex3nkzr6lgmt1ey,T. Jansen,,,,,,,,,,,,,,,,,,,,,,,,,,,,,,,,
2501029389,295,12,1,43,8,dnzj0iv5qtaemm9kthh9pos8q,1,14,51.3,2023-01-27T19:42:28.943Z,2023-01-27T19:42:30Z,3997126905,212,5.7,3997126899,56,Back,3997126917,15,,3997126903,141,59.7,3997126907,213,1.5,3997126901,140,14.2,,,,,,,1jn9jog8ou8uxnmypneksizxm,R. van Eijma,,,,,,,,,,,,,,,,,,,,,,,,,,,,,,,,
2501029413,511,13,1,43,11,2uuh2bir8ktof0uxfo06lb4ox,1,90,38.7,2023-01-27T19:42:32.310Z,2023-01-27T19:49:19Z,3997145975,146,92.4,3997145959,102,86.7,3997144649,22,,3997145963,103,6.9,3997144989,20,,3997145977,147,62.5,3997145951,120,,3997145981,231,49.3,8fqnvz74z901a2h0kgk1zezje,L. Görlich,3997145973,458,3997145979,230,99.7,,,3997127043,56,3997145955,73,,3997145971,391,3997145005,153,,Center,,3997144991,17,,3997145969,328,,,,,,,,
2501029515,512,1,1,43,14,2uuh2bir8ktof0uxfo06lb4ox,1,78,60,2023-01-27T19:42:34.694Z,2023-01-27T19:42:39Z,3997127499,56,Left,3997127503,141,96.0,3997127507,213,1.2,3997127501,140,88.2,3997127505,212,26.7,,,,,,,,,,dse1rndtog4qn2mwv966vp6mt,B. van Hintum,,,,,,,,,,,,,,,,,,,,,,,,,,,,,,,,
2501029521,513,3,1,43,19,2uuh2bir8ktof0uxfo06lb4ox,0,95.6,94.6,2023-01-27T19:42:39.575Z,2023-01-27T19:42:42Z,3997127697,233,297,3997127543,286,,3997127541,56,Left,,,,,,,,,,,,,,,,csecbdlw3sxstnebpiw91ezxm,S. Lagsir,,,,,,,,,,,,,,,,,,,,,,,,,,,,,,,,
2501029539,297,7,1,43,19,dnzj0iv5qtaemm9kthh9pos8q,1,4.4,5.4,2023-01-27T19:42:39.576Z,2023-01-27T19:42:42Z,3997127693,233,513,3997127679,56,Back,3997127681,285,,,,,,,,,,,,,,,,,dcdvet7azx1a59xm2ke7qi2cq,I. Pata,,,,,,,,,,,,,,,,,,,,,,,,,,,,,,,,
2501029541,298,49,1,43,20,dnzj0iv5qtaemm9kthh9pos8q,1,1.9,6.7,2023-01-27T19:42:41.487Z,2023-01-27T19:42:41Z,,,,,,,,,,,,,,,,,,,,,,,,,dcdvet7azx1a59xm2ke7qi2cq,I. Pata,,,,,,,,,,,,,,,,,,,,,,,,,,,,,,,,
2501029549,299,1,1,43,21,dnzj0iv5qtaemm9kthh9pos8q,0,8.5,7.3,2023-01-27T19:42:42.415Z,2023-01-27T19:42:44Z,3997127739,1,,3997127727,56,Back,3997127737,213,0.3,3997127729,140,44.8,3997127725,157,,3997127731,141,25.8,3997127733,212,40.1,,,,dcdvet7azx1a59xm2ke7qi2cq,I. Pata,,,,,,,,,,,,,,,,,,,,,,,,,,,,,,,,
2501029575,514,1,1,43,24,2uuh2bir8ktof0uxfo06lb4ox,1,56.9,69.1,2023-01-27T19:42:45.382Z,2023-01-27T19:42:46Z,3997127873,3,,3997127881,212,10.0,3997127877,140,65.7,3997127883,213,0.4,3997127875,56,Center,3997127879,141,74.8,,,,,,,dmrznrol8qp7yk53r6ajhnkt0,T. Beelen,,,,,,,,,,,,,,,,,,,,,,,,,,,,,,,,
2501029577,515,49,1,43,26,2uuh2bir8ktof0uxfo06lb4ox,1,65.7,74.8,2023-01-27T19:42:46.632Z,2023-01-27T19:42:47Z,,,,,,,,,,,,,,,,,,,,,,,,,a339o11ut8s1o9odm6ybc4pka,T. van den Belt,,,,,,,,,,,,,,,,,,,,,,,,,,,,,,,,
2501029591,516,1,1,43,26,2uuh2bir8ktof0uxfo06lb4ox,1,65.7,74.8,2023-01-27T19:42:46.807Z,2023-01-27T19:42:48Z,3997127955,56,Left,3997127963,212,11.9,3997127959,141,92.1,3997127957,140,64.1,3997127967,213,1.7,,,,,,,,,,a339o11ut8s1o9odm6ybc4pka,T. van den Belt,,,,,,,,,,,,,,,,,,,,,,,,,,,,,,,,
2501029619,517,1,1,43,28,2uuh2bir8ktof0uxfo06lb4ox,1,64.1,92.1,2023-01-27T19:42:48.631Z,2023-01-27T19:42:51Z,3997128119,56,Center,3997128123,141,77.6,3997128125,212,11.2,3997128121,140,69.1,3997128127,213,5.2,,,,,,,,,,dse1rndtog4qn2mwv966vp6mt,B. van Hintum,,,,,,,,,,,,,,,,,,,,,,,,,,,,,,,,
2501029633,518,1,1,43,30,2uuh2bir8ktof0uxfo06lb4ox,0,69.2,73.8,2023-01-27T19:42:51.478Z,2023-01-27T19:42:53Z,3997128189,212,28.4,3997128175,56,Center,3997128179,140,90.7,3997128183,141,48.5,3997128171,155,,3997128193,213,5.6,,,,,,,a339o11ut8s1o9odm6ybc4pka,T. van den Belt,,,,,,,,,,,,,,,,,,,,,,,,,,,,,,,,
2501029655,300,52,1,43,34,dnzj0iv5qtaemm9kthh9pos8q,1,5.4,54.9,2023-01-27T19:42:54.959Z,2023-01-27T19:50:06Z,,,,,,,,,,,,,,,,,,,,,,,,,alzgg0nxnnex3nkzr6lgmt1ey,T. Jansen,,,,,,,,,,,,,,,,,,,,,,,,,,,,,,,,
2501029817,301,1,1,43,51,dnzj0iv5qtaemm9kthh9pos8q,0,5.4,53,2023-01-27T19:43:12.080Z,2023-01-27T19:50:15Z,3997129175,56,Center,3997129181,212,60.4,3997129179,141,60.5,3997150629,199,,3997129183,213,0.1,3997129177,140,62.7,3997129185,1,,,,,alzgg0nxnnex3nkzr6lgmt1ey,T. Jansen,,,,,,,,,,,,,,,,,,,,,,,,,,,,,,,,
2501029819,519,44,1,43,54,2uuh2bir8ktof0uxfo06lb4ox,1,33.4,39.8,2023-01-27T19:43:14.902Z,2023-01-27T19:43:16Z,3997129225,233,302,3997129189,56,Back,3997129191,285,,,,,,,,,,,,,,,,,dmrznrol8qp7yk53r6ajhnkt0,T. Beelen,,,,,,,,,,,,,,,,,,,,,,,,,,,,,,,,
2501029821,302,44,1,43,54,dnzj0iv5qtaemm9kthh9pos8q,0,66.6,60.2,2023-01-27T19:43:14.903Z,2023-01-27T19:43:16Z,3997129195,286,,3997129229,233,519,3997129193,56,Center,,,,,,,,,,,,,,,,b950jt347chmq9whlkgl6fxpm,K. Leidsman,,,,,,,,,,,,,,,,,,,,,,,,,,,,,,,,
2501029827,520,1,1,43,54,2uuh2bir8ktof0uxfo06lb4ox,1,31.7,38.6,2023-01-27T19:43:15.351Z,2023-01-27T19:43:16Z,3997129235,56,Back,3997129239,141,21.9,3997129237,140,40.2,3997129243,213,5.4,3997129241,212,14.4,3997129233,3,,,,,,,,dmrznrol8qp7yk53r6ajhnkt0,T. Beelen,,,,,,,,,,,,,,,,,,,,,,,,,,,,,,,,
2501029833,521,49,1,43,55,2uuh2bir8ktof0uxfo06lb4ox,1,40.2,21.9,2023-01-27T19:43:16.455Z,2023-01-27T19:43:17Z,,,,,,,,,,,,,,,,,,,,,,,,,by85t8ssyumcjcks1jx3v96vo,Y. Taha,,,,,,,,,,,,,,,,,,,,,,,,,,,,,,,,
2501029839,522,50,1,43,56,2uuh2bir8ktof0uxfo06lb4ox,1,42.3,24.6,2023-01-27T19:43:16.759Z,2023-01-27T19:43:19Z,3997129291,286,,3997129289,56,Back,3997129391,233,303,,,,,,,,,,,,,,,,by85t8ssyumcjcks1jx3v96vo,Y. Taha,,,,,,,,,,,,,,,,,,,,,,,,,,,,,,,,
2501029853,303,7,1,43,56,dnzj0iv5qtaemm9kthh9pos8q,1,57.7,75.4,2023-01-27T19:43:16.760Z,2023-01-27T19:43:19Z,3997129361,167,,3997129363,56,Center,3997129365,285,,3997129381,233,522,,,,,,,,,,,,,bquqyyfz4lj0xrerbhbtj1jze,Ö. Gündüz,,,,,,,,,,,,,,,,,,,,,,,,,,,,,,,,
2501029855,304,5,1,43,57,dnzj0iv5qtaemm9kthh9pos8q,0,58.8,101.4,2023-01-27T19:43:17.943Z,2023-01-27T19:47:14Z,3997129369,347,,3997129579,233,523,3997129367,56,Left,,,,,,,,,,,,,,,,bquqyyfz4lj0xrerbhbtj1jze,Ö. Gündüz,,,,,,,,,,,,,,,,,,,,,,,,,,,,,,,,
2501029893,523,5,1,43,57,2uuh2bir8ktof0uxfo06lb4ox,1,41.2,-1.4,2023-01-27T19:43:17.943Z,2023-01-27T19:43:23Z,3997129561,233,304,3997129557,56,Back,3997129559,347,,,,,,,,,,,,,,,,,by85t8ssyumcjcks1jx3v96vo,Y. Taha,,,,,,,,,,,,,,,,,,,,,,,,,,,,,,,,
2501029915,524,1,1,44,2,2uuh2bir8ktof0uxfo06lb4ox,1,39.6,0,2023-01-27T19:43:23.094Z,2023-01-27T19:43:26Z,3997129689,141,15.9,3997129685,56,Back,3997129683,107,,3997129691,212,14.4,3997129687,140,31.6,3997129693,213,2.2,,,,,,,8fqnvz74z901a2h0kgk1zezje,L. Görlich,,,,,,,,,,,,,,,,,,,,,,,,,,,,,,,,
2501029955,525,1,1,44,5,2uuh2bir8ktof0uxfo06lb4ox,1,31.4,23.9,2023-01-27T19:43:25.910Z,2023-01-27T19:43:29Z,3997129885,213,1.5,3997129881,141,66.0,3997129873,56,Back,3997129877,140,34.5,3997129883,212,28.8,,,,,,,,,,idvh0ac1f8wv39640pyl4esp,S. Kersten,,,,,,,,,,,,,,,,,,,,,,,,,,,,,,,,
2501029997,526,1,1,44,9,2uuh2bir8ktof0uxfo06lb4ox,1,35.4,68.7,2023-01-27T19:43:29.702Z,2023-01-27T19:43:33Z,3997130091,140,55.2,3997130089,56,Left,3997130097,213,0.7,3997130093,141,96.6,3997130095,212,28.1,,,,,,,,,,dse1rndtog4qn2mwv966vp6mt,B. van Hintum,,,,,,,,,,,,,,,,,,,,,,,,,,,,,,,,
2501030029,527,1,1,44,12,2uuh2bir8ktof0uxfo06lb4ox,1,57.7,96.2,2023-01-27T19:43:33.350Z,2023-01-27T19:43:34Z,3997130237,140,60.0,3997130243,213,5.1,3997130235,56,Left,3997130241,212,5.7,3997130239,141,88.6,,,,,,,,,,csecbdlw3sxstnebpiw91ezxm,S. Lagsir,,,,,,,,,,,,,,,,,,,,,,,,,,,,,,,,
2501030055,528,1,1,44,14,2uuh2bir8ktof0uxfo06lb4ox,1,60,88.6,2023-01-27T19:43:34.758Z,2023-01-27T19:43:37Z,3997130379,212,9.0,3997130375,140,56.6,3997130373,56,Center,3997130381,213,4.3,3997130377,141,76.4,,,,,,,,,,29s8wk0a2m66rebsfx1jfuuh,D. van den Berg,,,,,,,,,,,,,,,,,,,,,,,,,,,,,,,,
2501030089,529,1,1,44,16,2uuh2bir8ktof0uxfo06lb4ox,0,57.1,73.8,2023-01-27T19:43:37.208Z,2023-01-27T19:43:40Z,3997130511,140,90.9,3997130517,213,5.7,3997130513,141,37.9,3997130507,155,,3997130509,56,Center,3997130515,212,43.1,3997130519,1,,,,,1rd0zzpp3dn0y7qtxwc57g7h1,R. Thomas,,,,,,,,,,,,,,,,,,,,,,,,,,,,,,,,
2501030123,305,52,1,44,22,dnzj0iv5qtaemm9kthh9pos8q,1,14.5,71.2,2023-01-27T19:43:43.007Z,2023-01-27T19:43:43Z,,,,,,,,,,,,,,,,,,,,,,,,,alzgg0nxnnex3nkzr6lgmt1ey,T. Jansen,,,,,,,,,,,,,,,,,,,,,,,,,,,,,,,,
2501030319,306,1,1,44,33,dnzj0iv5qtaemm9kthh9pos8q,0,15.3,56.6,2023-01-27T19:43:54.399Z,2023-01-27T19:43:59Z,3997131627,199,,3997131639,1,,3997131635,212,54.7,3997131631,140,67.3,3997131629,56,Center,3997131637,213,6.2,3997131633,141,51.0,,,,alzgg0nxnnex3nkzr6lgmt1ey,T. Jansen,,,,,,,,,,,,,,,,,,,,,,,,,,,,,,,,
2501030315,530,44,1,44,37,2uuh2bir8ktof0uxfo06lb4ox,1,31.3,46.8,2023-01-27T19:43:57.989Z,2023-01-27T19:43:59Z,3997131699,233,307,3997131605,285,,3997131603,56,Back,,,,,,,,,,,,,,,,dmrznrol8qp7yk53r6ajhnkt0,T. Beelen,,,,,,,,,,,,,,,,,,,,,,,,,,,,,,,,
2501030325,307,44,1,44,37,dnzj0iv5qtaemm9kthh9pos8q,0,68.7,53.2,2023-01-27T19:43:57.990Z,2023-01-27T19:43:59Z,3997131659,56,Center,3997131737,233,530,3997131661,286,,,,,,,,,,,,,,,,,b950jt347chmq9whlkgl6fxpm,K. Leidsman,,,,,,,,,,,,,,,,,,,,,,,,,,,,,,,,
2501030341,531,1,1,44,37,2uuh2bir8ktof0uxfo06lb4ox,1,29.9,44.5,2023-01-27T19:43:58.246Z,2023-01-27T19:44:00Z,3997131745,3,,3997131757,213,5.0,3997131749,140,33.4,3997131751,141,26.5,3997131753,212,12.8,3997131747,56,Back,,,,,,,dmrznrol8qp7yk53r6ajhnkt0,T. Beelen,,,,,,,,,,,,,,,,,,,,,,,,,,,,,,,,
2501030357,532,1,1,44,39,2uuh2bir8ktof0uxfo06lb4ox,1,33.4,26.5,2023-01-27T19:44:00.069Z,2023-01-27T19:44:02Z,3997131847,213,0.4,3997131841,140,42.3,3997131839,56,Back,3997131845,212,10.4,3997131843,141,33.1,3997131837,3,,,,,,,,a339o11ut8s1o9odm6ybc4pka,T. van den Belt,,,,,,,,,,,,,,,,,,,,,,,,,,,,,,,,
2501030361,533,44,1,44,41,2uuh2bir8ktof0uxfo06lb4ox,1,44.6,35.4,2023-01-27T19:44:01.894Z,2023-01-27T19:44:03Z,3997131865,56,Back,3997131867,285,,3997131913,233,308,,,,,,,,,,,,,,,,2esbyi3i7rtsdkxe6a917rsnp,L. Thy,,,,,,,,,,,,,,,,,,,,,,,,,,,,,,,,
2501030367,308,44,1,44,41,dnzj0iv5qtaemm9kthh9pos8q,0,55.4,64.6,2023-01-27T19:44:01.895Z,2023-01-27T19:44:03Z,3997131891,56,Center,3997131893,286,,3997131917,233,533,,,,,,,,,,,,,,,,1jn9jog8ou8uxnmypneksizxm,R. van Eijma,,,,,,,,,,,,,,,,,,,,,,,,,,,,,,,,
2501030373,534,1,1,44,41,2uuh2bir8ktof0uxfo06lb4ox,0,42.3,33.1,2023-01-27T19:44:02.069Z,2023-01-27T19:44:03Z,3997131933,141,44.8,3997131929,140,49.5,3997131937,213,0.8,3997131925,168,,3997131921,3,,3997131927,56,Back,3997131935,212,11.0,,,,2esbyi3i7rtsdkxe6a917rsnp,L. Thy,,,,,,,,,,,,,,,,,,,,,,,,,,,,,,,,
2501030425,309,1,1,44,45,dnzj0iv5qtaemm9kthh9pos8q,1,53.6,54,2023-01-27T19:44:05.615Z,2023-01-27T19:44:08Z,3997132209,212,25.9,3997132205,140,45.1,3997132211,213,1.9,3997132203,56,Back,3997132207,141,89.7,3997132213,1,,3997132201,157,,,,,8uw9w30592omb8acpnssgdlh,R. Dekker,,,,,,,,,,,,,,,,,,,,,,,,,,,,,,,,
2501030443,310,1,1,44,48,dnzj0iv5qtaemm9kthh9pos8q,1,45.7,88.1,2023-01-27T19:44:08.783Z,2023-01-27T19:44:10Z,3997132271,140,56.7,3997132267,3,,3997132277,213,5.5,3997132273,141,70.6,3997132275,212,16.6,3997132269,56,Center,,,,,,,4zow18ykkg1gvw40r7jsrzkl,D. van der Sluys,,,,,,,,,,,,,,,,,,,,,,,,,,,,,,,,
2501030489,311,1,1,44,49,dnzj0iv5qtaemm9kthh9pos8q,1,56.7,70.3,2023-01-27T19:44:10.256Z,2023-01-27T19:44:14Z,3997132545,168,,3997132549,56,Center,3997132551,140,62.9,3997132559,212,7.7,3997132555,141,64.2,3997132541,3,,3997132561,213,5.7,,,,dh3ksith5iat573zuhdhv91w5,R. Stuy van den Herik,,,,,,,,,,,,,,,,,,,,,,,,,,,,,,,,
2501030491,312,4,1,44,50,dnzj0iv5qtaemm9kthh9pos8q,1,69.2,61.5,2023-01-27T19:44:10.724Z,2023-01-27T19:44:14Z,3997132573,56,Center,3997132569,13,,3997132571,295,,3997132577,286,,3997132575,152,,3997132589,233,535,,,,,,,b950jt347chmq9whlkgl6fxpm,K. Leidsman,,,,,,,,,,,,,,,,,,,,,,,,,,,,,,,,
2501030471,535,4,1,44,50,2uuh2bir8ktof0uxfo06lb4ox,0,30.8,38.5,2023-01-27T19:44:10.725Z,2023-01-27T19:44:15Z,3997132453,13,,3997132457,56,Back,3997132617,233,312,3997132459,152,,3997132455,295,,3997132461,285,,,,,,,,dmrznrol8qp7yk53r6ajhnkt0,T. Beelen,,,,,,,,,,,,,,,,,,,,,,,,,,,,,,,,
2501030727,313,1,1,45,12,dnzj0iv5qtaemm9kthh9pos8q,1,65.8,65.7,2023-01-27T19:44:33.487Z,2023-01-27T19:45:09Z,3997133779,152,,3997133785,141,85.6,3997133789,213,0.6,3997133787,212,25.6,3997135603,210,15,3997133781,56,Left,3997133777,5,,3997133783,140,86.5,f1as17wqpj44gihtvw936lofd,B. van Hoeven,,,,,,1,,,,,,,,,,,,,,,,,,,,,,,,,,
2501030733,314,15,1,45,17,dnzj0iv5qtaemm9kthh9pos8q,1,81.5,71.2,2023-01-27T19:44:38.031Z,2023-01-27T19:45:09Z,3997135653,147,68.2,3997135657,231,52.2,3997133819,56,Center,3997135649,215,,3997135641,55,313,3997134561,20,,3997135655,230,98.2,3997135637,76,,1mroid71v9bwpx0iaospei9gq,R. Margaret,3997135639,29,3997134577,233,536,,,3997135651,146,3997134565,82,,3997135645,102,3997133815,18,,84.5,52.8,3997135647,103,19,3997133813,22,,,,,,,,
2501030731,536,10,1,45,17,2uuh2bir8ktof0uxfo06lb4ox,1,11.6,28.8,2023-01-27T19:44:38.131Z,2023-01-27T19:44:52Z,3997134597,233,314,3997133805,94,,3997133807,56,Back,,,,,,,,,,,,,,,,csecbdlw3sxstnebpiw91ezxm,S. Lagsir,,,,,,,,,,,,,,,,,,,,,,,,,,,,,,,,
2501030817,315,1,1,45,21,dnzj0iv5qtaemm9kthh9pos8q,1,86.2,44.8,2023-01-27T19:44:41.535Z,2023-01-27T19:45:32Z,3997136003,154,,3997136001,210,13,3997134275,212,10.2,3997134277,213,3.4,3997134271,140,76.9,3997134269,56,Center,3997134273,141,40.4,,,,1jn9jog8ou8uxnmypneksizxm,R. van Eijma,,,,,,1,,,,,,,,,,,,,,,,,,,,,,,,,,
2501030821,316,13,1,45,21,dnzj0iv5qtaemm9kthh9pos8q,1,77.3,39.8,2023-01-27T19:44:41.759Z,2023-01-27T19:45:32Z,3997136015,73,,3997134287,18,,3997135751,20,,3997136025,102,60,3997134285,22,,3997136017,29,,3997136027,103,20.8,3997136031,328,,7cetznpb0tnu6kdz7bvm8gyxh,L. Piqué,3997136019,154,3997136029,215,,,,3997136045,231,3997136021,55,315,3997134289,56,3997136039,230,98.5,48.0,Center,,,,,,,,,,,,,
2501031415,318,5,1,45,22,dnzj0iv5qtaemm9kthh9pos8q,0,101,59.2,2023-01-27T19:44:42.506Z,2023-01-27T19:45:45Z,3997137207,56,Center,3997137293,233,537,3997137209,346,,,,,,,,,,,,,,,,,7cetznpb0tnu6kdz7bvm8gyxh,L. Piqué,,,,,,,,,,,,,,,,,,,,,,,,,,,,,,,,
2501030787,537,5,1,45,22,2uuh2bir8ktof0uxfo06lb4ox,1,-1,40.8,2023-01-27T19:44:42.506Z,2023-01-27T19:47:14Z,3997134101,346,,3997134099,56,Back,3997137273,233,318,,,,,,,,,,,,,,,,csecbdlw3sxstnebpiw91ezxm,S. Lagsir,,,,,,,,,,,,,,,,,,,,,,,,,,,,,,,,
2501031005,538,1,1,45,38,2uuh2bir8ktof0uxfo06lb4ox,1,4.3,41.3,2023-01-27T19:44:59.252Z,2023-01-27T19:45:03Z,3997135217,56,Back,3997135221,141,24.6,3997135225,213,5.8,3997135229,237,,3997135219,140,23.0,3997135223,212,22.7,3997135215,124,,,,,cetavjue5femoxid9fmcd0zjd,J. Schendelaar,,,,,,,,,,,,,,,,,,,,,,,,,,,,,,,,
2501031089,539,1,1,45,43,2uuh2bir8ktof0uxfo06lb4ox,1,26,26.4,2023-01-27T19:45:03.749Z,2023-01-27T19:45:09Z,3997135607,140,31.6,3997135613,213,1.2,3997135605,56,Back,3997135609,141,49.7,3997135611,212,16.9,,,,,,,,,,idvh0ac1f8wv39640pyl4esp,S. Kersten,,,,,,,,,,,,,,,,,,,,,,,,,,,,,,,,
2501031111,540,1,1,45,48,2uuh2bir8ktof0uxfo06lb4ox,1,40.7,50.1,2023-01-27T19:45:09.125Z,2023-01-27T19:45:11Z,3997135737,141,28.5,3997135741,213,5.0,3997135733,56,Back,3997135739,212,15.5,3997135735,140,45.4,,,,,,,,,,dmrznrol8qp7yk53r6ajhnkt0,T. Beelen,,,,,,,,,,,,,,,,,,,,,,,,,,,,,,,,
2501031143,541,1,1,45,50,2uuh2bir8ktof0uxfo06lb4ox,1,47.2,24.3,2023-01-27T19:45:11.221Z,2023-01-27T19:45:16Z,3997135887,141,8.5,3997135889,212,24.5,3997135885,140,68.2,3997135883,56,Right,3997135891,213,5.8,,,,,,,,,,idvh0ac1f8wv39640pyl4esp,S. Kersten,,,,,,,,,,,,,,,,,,,,,,,,,,,,,,,,
2501031189,542,1,1,45,55,2uuh2bir8ktof0uxfo06lb4ox,1,72.1,8,2023-01-27T19:45:15.877Z,2023-01-27T19:45:20Z,3997136129,213,2.7,3997136125,141,18.6,3997136123,140,58.9,3997136121,56,Right,3997136127,212,15.6,,,,,,,,,,8fqnvz74z901a2h0kgk1zezje,L. Görlich,,,,,,,,,,,,,,,,,,,,,,,,,,,,,,,,
2501031191,543,30,1,45,56,2uuh2bir8ktof0uxfo06lb4ox,1,0,0,2023-01-27T19:45:16.701Z,2023-01-27T19:45:25Z,3997136133,57,0,,,,,,,,,,,,,,,,,,,,,,,,,,,,,,,,,,,,,,,,,,,,,,,,,,,,,,,
2501031181,317,30,1,45,56,dnzj0iv5qtaemm9kthh9pos8q,1,0,0,2023-01-27T19:45:17.296Z,2023-01-27T19:45:24Z,3997136113,57,0,,,,,,,,,,,,,,,,,,,,,,,,,,,,,,,,,,,,,,,,,,,,,,,,,,,,,,,
2501037197,321,32,2,45,0,dnzj0iv5qtaemm9kthh9pos8q,1,0,0,2023-01-27T20:01:36.514Z,2023-01-27T20:01:36Z,3997168049,127,Left to Right,,,,,,,,,,,,,,,,,,,,,,,,,,,,,,,,,,,,,,,,,,,,,,,,,,,,,,,
2501037203,545,32,2,45,0,2uuh2bir8ktof0uxfo06lb4ox,1,0,0,2023-01-27T20:01:36.514Z,2023-01-27T20:01:37Z,3997168113,127,Right to Left,,,,,,,,,,,,,,,,,,,,,,,,,,,,,,,,,,,,,,,,,,,,,,,,,,,,,,,
2501037225,546,1,2,45,0,2uuh2bir8ktof0uxfo06lb4ox,1,49.9,50.3,2023-01-27T20:01:36.614Z,2023-01-27T20:01:40Z,3997168247,140,31.0,3997168255,279,S,3997168253,213,3.4,3997168245,56,Back,3997168249,141,43.6,3997168251,212,20.4,,,,,,,a339o11ut8s1o9odm6ybc4pka,T. van den Belt,,,,,,,,,,,,,,,,,,,,,,,,,,,,,,,,
2501037239,547,1,2,45,3,2uuh2bir8ktof0uxfo06lb4ox,1,31,43.6,2023-01-27T20:01:40.462Z,2023-01-27T20:01:43Z,3997168331,1,,3997168319,157,,3997168329,213,5.9,3997168325,141,15.0,3997168321,56,Right,3997168327,212,56.1,3997168323,140,81.1,,,,dmrznrol8qp7yk53r6ajhnkt0,T. Beelen,,,,,,,,,,,,,,,,,,,,,,,,,,,,,,,,
2501037241,548,44,2,45,6,2uuh2bir8ktof0uxfo06lb4ox,1,81.8,17.6,2023-01-27T20:01:43.243Z,2023-01-27T20:01:44Z,3997168337,286,,3997168335,56,Right,3997168379,233,322,,,,,,,,,,,,,,,,8fqnvz74z901a2h0kgk1zezje,L. Görlich,,,,,,,,,,,,,,,,,,,,,,,,,,,,,,,,
2501037247,322,44,2,45,6,dnzj0iv5qtaemm9kthh9pos8q,0,18.2,82.4,2023-01-27T20:01:43.244Z,2023-01-27T20:01:45Z,3997168383,233,548,3997168363,56,Back,3997168365,285,,,,,,,,,,,,,,,,,4zow18ykkg1gvw40r7jsrzkl,D. van der Sluys,,,,,,,,,,,,,,,,,,,,,,,,,,,,,,,,
2501037253,549,1,2,45,6,2uuh2bir8ktof0uxfo06lb4ox,0,81.1,15,2023-01-27T20:01:43.500Z,2023-01-27T20:01:45Z,3997168409,140,92.3,3997168405,3,,3997168411,141,36.1,3997168407,56,Center,3997168415,213,0.9,3997168413,212,18.6,,,,,,,8fqnvz74z901a2h0kgk1zezje,L. Görlich,,,,,,,,,,,,,,,,,,,,,,,,,,,,,,,,
2501037279,324,52,2,45,9,dnzj0iv5qtaemm9kthh9pos8q,1,9.7,53.3,2023-01-27T20:01:46.290Z,2023-01-27T20:01:53Z,,,,,,,,,,,,,,,,,,,,,,,,,alzgg0nxnnex3nkzr6lgmt1ey,T. Jansen,,,,,,,,,,,,,,,,,,,,,,,,,,,,,,,,
2501037277,323,43,2,45,10,dnzj0iv5qtaemm9kthh9pos8q,1,0,0,2023-01-27T20:01:47.433Z,2023-01-27T20:01:51Z,3997168579,123,0,3997168585,141,55.1,3997168589,213,1.8,3997168587,212,1.3,3997168581,56,Back,3997168623,144,1,3997168583,140,9.7,,,,alzgg0nxnnex3nkzr6lgmt1ey,T. Jansen,,,,,,,,,,,,,,,,,,,,,,,,,,,,,,,,
2501037339,325,1,2,45,18,dnzj0iv5qtaemm9kthh9pos8q,0,15.1,49.1,2023-01-27T20:01:54.617Z,2023-01-27T20:02:00Z,3997168901,1,,3997168891,56,Center,3997168889,199,,3997168897,212,44.9,3997168893,140,57.8,3997168895,141,47.0,3997168899,213,6.3,,,,alzgg0nxnnex3nkzr6lgmt1ey,T. Jansen,,,,,,,,,,,,,,,,,,,,,,,,,,,,,,,,
2501037335,550,44,2,45,21,2uuh2bir8ktof0uxfo06lb4ox,1,42,54.2,2023-01-27T20:01:57.723Z,2023-01-27T20:01:59Z,3997168883,285,,3997168913,233,326,3997168881,56,Back,,,,,,,,,,,,,,,,1rd0zzpp3dn0y7qtxwc57g7h1,R. Thomas,,,,,,,,,,,,,,,,,,,,,,,,,,,,,,,,
2501037341,326,44,2,45,21,dnzj0iv5qtaemm9kthh9pos8q,0,58,45.8,2023-01-27T20:01:57.724Z,2023-01-27T20:02:00Z,3997168905,56,Center,3997168907,286,,3997168931,233,550,,,,,,,,,,,,,,,,8uw9w30592omb8acpnssgdlh,R. Dekker,,,,,,,,,,,,,,,,,,,,,,,,,,,,,,,,
2501037343,551,1,2,45,21,2uuh2bir8ktof0uxfo06lb4ox,1,41.9,55.5,2023-01-27T20:01:58.220Z,2023-01-27T20:02:00Z,3997168919,56,Center,3997168923,141,39.2,3997168925,212,14.3,3997168917,3,,3997168921,140,50.5,3997168927,213,5.4,,,,,,,1rd0zzpp3dn0y7qtxwc57g7h1,R. Thomas,,,,,,,,,,,,,,,,,,,,,,,,,,,,,,,,
2501037345,552,43,2,45,23,2uuh2bir8ktof0uxfo06lb4ox,1,0,0,2023-01-27T20:02:00.060Z,2023-01-27T20:02:09Z,3997169305,144,61,3997168935,56,Center,,,,,,,,,,,,,,,,,,,by85t8ssyumcjcks1jx3v96vo,Y. Taha,,,,,,,,,,,,,,,,,,,,,,,,,,,,,,,,
2501037395,553,61,2,45,27,2uuh2bir8ktof0uxfo06lb4ox,0,57.1,7.4,2023-01-27T20:02:03.532Z,2023-01-27T20:11:13Z,3997169195,56,Right,,,,,,,,,,,,,,,,,,,,,,8fqnvz74z901a2h0kgk1zezje,L. Görlich,,,,,,,,,,,,,,,,,,,,,,,,,,,,,,,,
2501037439,327,1,2,45,27,dnzj0iv5qtaemm9kthh9pos8q,1,42.9,59,2023-01-27T20:02:03.721Z,2023-01-27T20:02:12Z,3997169413,3,,3997169423,213,1.7,3997169421,212,20.6,3997169417,140,40.4,3997169415,56,Back,3997169419,141,89.1,,,,,,,bquqyyfz4lj0xrerbhbtj1jze,Ö. Gündüz,,,,,,,,,,,,,,,,,,,,,,,,,,,,,,,,
2501037447,328,12,2,45,29,dnzj0iv5qtaemm9kthh9pos8q,1,38.2,90,2023-01-27T20:02:06.330Z,2023-01-27T20:03:16Z,3997169461,213,1.8,3997169455,140,36.7,3997169499,167,,3997169459,212,7.9,3997169457,141,100.0,3997169453,56,Back,,,,,,,4zow18ykkg1gvw40r7jsrzkl,D. van der Sluys,,,,,,,,,,,,,,,,,,,,,,,,,,,,,,,,
2501037449,329,5,2,45,31,dnzj0iv5qtaemm9kthh9pos8q,0,39.2,101.5,2023-01-27T20:02:07.629Z,2023-01-27T20:24:51Z,3997169463,56,Back,3997169465,347,,3997172493,233,554,,,,,,,,,,,,,,,,4zow18ykkg1gvw40r7jsrzkl,D. van der Sluys,,,,,,,,,,,,,,,,,,,,,,,,,,,,,,,,
2501037453,554,5,2,45,31,2uuh2bir8ktof0uxfo06lb4ox,1,60.8,-1.5,2023-01-27T20:02:07.629Z,2023-01-27T20:03:19Z,3997172487,233,329,3997169483,347,,3997169479,56,Right,,,,,,,,,,,,,,,,8fqnvz74z901a2h0kgk1zezje,L. Görlich,,,,,,,,,,,,,,,,,,,,,,,,,,,,,,,,
2501037507,555,1,2,45,39,2uuh2bir8ktof0uxfo06lb4ox,1,58.2,0,2023-01-27T20:02:15.612Z,2023-01-27T20:02:19Z,3997169755,213,2.2,3997169747,56,Right,3997169751,141,12.5,3997169749,140,51.6,3997169745,107,,3997169753,212,11.8,,,,,,,8fqnvz74z901a2h0kgk1zezje,L. Görlich,,,,,,,,,,,,,,,,,,,,,,,,,,,,,,,,
2501037525,556,1,2,45,42,2uuh2bir8ktof0uxfo06lb4ox,1,52.3,10.9,2023-01-27T20:02:18.875Z,2023-01-27T20:02:20Z,3997169879,212,32.5,3997169875,140,40.5,3997169873,56,Back,3997169881,213,2.0,3997169877,141,55.1,3997169883,1,,,,,,,,idvh0ac1f8wv39640pyl4esp,S. Kersten,,,,,,,,,,,,,,,,,,,,,,,,,,,,,,,,
2501037575,557,1,2,45,44,2uuh2bir8ktof0uxfo06lb4ox,1,40.5,55.1,2023-01-27T20:02:20.763Z,2023-01-27T20:02:26Z,3997170151,140,52.5,3997170157,213,1.1,3997170149,56,Left,3997170153,141,92.0,3997170155,212,28.1,,,,,,,,,,dse1rndtog4qn2mwv966vp6mt,B. van Hintum,,,,,,,,,,,,,,,,,,,,,,,,,,,,,,,,
2501037603,558,1,2,45,49,2uuh2bir8ktof0uxfo06lb4ox,1,48,82.7,2023-01-27T20:02:26.123Z,2023-01-27T20:02:30Z,3997170309,56,Back,3997170317,213,3.7,3997170311,140,33.9,3997170315,212,17.7,3997170313,141,68.5,,,,,,,,,,1rd0zzpp3dn0y7qtxwc57g7h1,R. Thomas,,,,,,,,,,,,,,,,,,,,,,,,,,,,,,,,
2501037627,559,1,2,45,53,2uuh2bir8ktof0uxfo06lb4ox,1,33.5,69.9,2023-01-27T20:02:29.883Z,2023-01-27T20:02:32Z,3997170461,141,85.9,3997170457,56,Left,3997170463,212,20.9,3997170459,140,50.5,3997170465,213,0.5,,,,,,,,,,dse1rndtog4qn2mwv966vp6mt,B. van Hintum,,,,,,,,,,,,,,,,,,,,,,,,,,,,,,,,
2501037631,560,1,2,45,56,2uuh2bir8ktof0uxfo06lb4ox,1,50.5,85.9,2023-01-27T20:02:32.556Z,2023-01-27T20:02:33Z,3997170479,140,41.8,3997170481,141,80.6,3997170527,156,,3997170483,212,9.8,3997170477,56,Back,3997170485,213,3.5,,,,,,,29s8wk0a2m66rebsfx1jfuuh,D. van den Berg,,,,,,,,,,,,,,,,,,,,,,,,,,,,,,,,
2501037657,561,1,2,45,57,2uuh2bir8ktof0uxfo06lb4ox,1,40,82.7,2023-01-27T20:02:34.443Z,2023-01-27T20:02:36Z,3997170627,56,Back,3997170635,213,3.7,3997170633,212,12.1,3997170629,140,30.2,3997170631,141,73.2,,,,,,,,,,1rd0zzpp3dn0y7qtxwc57g7h1,R. Thomas,,,,,,,,,,,,,,,,,,,,,,,,,,,,,,,,
2501037675,562,1,2,45,59,2uuh2bir8ktof0uxfo06lb4ox,1,30.2,73.2,2023-01-27T20:02:36.507Z,2023-01-27T20:02:40Z,3997170767,212,22.7,3997170761,56,Back,3997170769,213,3.9,3997170765,141,51.5,3997170763,140,13.8,,,,,,,,,,dse1rndtog4qn2mwv966vp6mt,B. van Hintum,,,,,,,,,,,,,,,,,,,,,,,,,,,,,,,,
2501037691,563,1,2,46,3,2uuh2bir8ktof0uxfo06lb4ox,1,14.3,49.6,2023-01-27T20:02:40.219Z,2023-01-27T20:02:42Z,3997170877,141,35.2,3997170881,213,5.4,3997170873,56,Back,3997170879,212,12.6,3997170875,140,21.8,,,,,,,,,,cetavjue5femoxid9fmcd0zjd,J. Schendelaar,,,,,,,,,,,,,,,,,,,,,,,,,,,,,,,,
2501037737,564,1,2,46,5,2uuh2bir8ktof0uxfo06lb4ox,1,21.8,35.1,2023-01-27T20:02:42.075Z,2023-01-27T20:02:48Z,3997171151,212,13.7,3997171145,56,Back,3997171149,141,54.6,3997171153,213,1.3,3997171147,140,25.2,,,,,,,,,,idvh0ac1f8wv39640pyl4esp,S. Kersten,,,,,,,,,,,,,,,,,,,,,,,,,,,,,,,,
2501037749,565,1,2,46,12,2uuh2bir8ktof0uxfo06lb4ox,1,32.3,51.8,2023-01-27T20:02:48.732Z,2023-01-27T20:02:50Z,3997171221,140,42.3,3997171227,213,0.5,3997171223,141,61.2,3997171219,56,Back,3997171225,212,12.3,,,,,,,,,,dmrznrol8qp7yk53r6ajhnkt0,T. Beelen,,,,,,,,,,,,,,,,,,,,,,,,,,,,,,,,
2501037779,566,1,2,46,13,2uuh2bir8ktof0uxfo06lb4ox,1,42.3,61.2,2023-01-27T20:02:50.171Z,2023-01-27T20:02:52Z,3997171377,141,25.0,3997171371,56,Back,3997171381,213,4.5,3997171373,140,37.1,3997171379,212,25.2,,,,,,,,,,1rd0zzpp3dn0y7qtxwc57g7h1,R. Thomas,,,,,,,,,,,,,,,,,,,,,,,,,,,,,,,,
2501037789,567,1,2,46,16,2uuh2bir8ktof0uxfo06lb4ox,1,37.1,25,2023-01-27T20:02:52.539Z,2023-01-27T20:02:54Z,3997171425,213,0.6,3997171423,212,13.8,3997171419,140,47.7,3997171421,141,37.0,3997171417,56,Back,,,,,,,,,,idvh0ac1f8wv39640pyl4esp,S. Kersten,,,,,,,,,,,,,,,,,,,,,,,,,,,,,,,,
2501037815,568,1,2,46,17,2uuh2bir8ktof0uxfo06lb4ox,1,47.7,37,2023-01-27T20:02:53.867Z,2023-01-27T20:02:57Z,3997171525,140,52.5,3997171529,212,20.6,3997171531,213,5.0,3997171523,56,Right,3997171527,141,7.7,,,,,,,,,,a339o11ut8s1o9odm6ybc4pka,T. van den Belt,,,,,,,,,,,,,,,,,,,,,,,,,,,,,,,,
2501037849,569,1,2,46,20,2uuh2bir8ktof0uxfo06lb4ox,1,55,5.9,2023-01-27T20:02:57.227Z,2023-01-27T20:02:59Z,3997171689,212,20.2,3997171685,140,65.9,3997171683,56,Center,3997171691,213,1.0,3997171687,141,30.4,,,,,,,,,,8fqnvz74z901a2h0kgk1zezje,L. Görlich,,,,,,,,,,,,,,,,,,,,,,,,,,,,,,,,
2501037857,570,1,2,46,23,2uuh2bir8ktof0uxfo06lb4ox,0,65.9,30.4,2023-01-27T20:02:59.723Z,2023-01-27T20:03:00Z,3997171739,56,Center,3997171741,140,73.3,3997171747,213,0.3,3997171743,141,33.4,3997171745,212,8.0,,,,,,,,,,2esbyi3i7rtsdkxe6a917rsnp,L. Thy,,,,,,,,,,,,,,,,,,,,,,,,,,,,,,,,
2501037887,330,12,2,46,25,dnzj0iv5qtaemm9kthh9pos8q,1,25.3,63.9,2023-01-27T20:03:02.314Z,2023-01-27T20:03:06Z,3997171917,141,87.1,3997171921,213,1.1,3997171913,56,Back,3997171919,212,17.4,3997171915,140,32.3,,,,,,,,,,1jn9jog8ou8uxnmypneksizxm,R. van Eijma,,,,,,,,,,,,,,,,,,,,,,,,,,,,,,,,
2501037923,571,1,2,46,31,2uuh2bir8ktof0uxfo06lb4ox,1,70.3,9.1,2023-01-27T20:03:07.675Z,2023-01-27T20:03:09Z,3997172135,212,10.7,3997172133,141,21.8,3997172129,56,Center,3997172137,213,2.2,3997172131,140,64.3,,,,,,,,,,8fqnvz74z901a2h0kgk1zezje,L. Görlich,,,,,,,,,,,,,,,,,,,,,,,,,,,,,,,,
2501037951,572,1,2,46,33,2uuh2bir8ktof0uxfo06lb4ox,1,63.9,24.1,2023-01-27T20:03:09.627Z,2023-01-27T20:03:12Z,3997172287,212,15.9,3997172281,56,Center,3997172283,140,63.8,3997172289,213,1.6,3997172285,141,47.5,,,,,,,,,,a339o11ut8s1o9odm6ybc4pka,T. van den Belt,,,,,,,,,,,,,,,,,,,,,,,,,,,,,,,,
2501037965,573,1,2,46,36,2uuh2bir8ktof0uxfo06lb4ox,1,67.2,54.3,2023-01-27T20:03:12.875Z,2023-01-27T20:03:15Z,3997172357,141,70.9,3997172353,56,Center,3997172361,213,2.2,3997172355,140,59.9,3997172359,212,13.6,,,,,,,,,,1rd0zzpp3dn0y7qtxwc57g7h1,R. Thomas,,,,,,,,,,,,,,,,,,,,,,,,,,,,,,,,
2501037981,574,1,2,46,38,2uuh2bir8ktof0uxfo06lb4ox,1,59.8,71.5,2023-01-27T20:03:15.163Z,2023-01-27T20:03:18Z,3997172451,141,88.9,3997172449,140,66.3,3997172453,212,13.7,3997172455,213,1.0,3997172447,56,Left,,,,,,,,,,dse1rndtog4qn2mwv966vp6mt,B. van Hintum,,,,,,,,,,,,,,,,,,,,,,,,,,,,,,,,
2501037993,575,1,2,46,41,2uuh2bir8ktof0uxfo06lb4ox,1,66.3,88.9,2023-01-27T20:03:18.427Z,2023-01-27T20:03:20Z,3997172535,212,7.4,3997172533,141,84.2,3997172529,56,Left,3997172537,213,3.6,3997172531,140,59.9,,,,,,,,,,csecbdlw3sxstnebpiw91ezxm,S. Lagsir,,,,,,,,,,,,,,,,,,,,,,,,,,,,,,,,
2501037997,576,1,2,46,44,2uuh2bir8ktof0uxfo06lb4ox,0,59.9,84.2,2023-01-27T20:03:20.733Z,2023-01-27T20:03:21Z,3997172565,213,0.3,3997172559,140,63.3,3997172555,157,,3997172563,212,3.7,3997172567,1,,3997172557,56,Left,3997172561,141,85.6,,,,dse1rndtog4qn2mwv966vp6mt,B. van Hintum,,,,,,,,,,,,,,,,,,,,,,,,,,,,,,,,
2501038007,331,61,2,46,45,dnzj0iv5qtaemm9kthh9pos8q,1,38.2,13.1,2023-01-27T20:03:22.422Z,2023-01-27T20:03:22Z,3997172617,56,Back,,,,,,,,,,,,,,,,,,,,,,f1as17wqpj44gihtvw936lofd,B. van Hoeven,,,,,,,,,,,,,,,,,,,,,,,,,,,,,,,,
2501038021,332,1,2,46,48,dnzj0iv5qtaemm9kthh9pos8q,0,36.9,42.1,2023-01-27T20:03:24.713Z,2023-01-27T20:03:26Z,3997172713,213,5.8,3997172707,140,65.8,3997172715,1,,3997172711,212,33.6,3997172703,155,,3997172709,141,20.9,3997172705,56,Right,,,,dh3ksith5iat573zuhdhv91w5,R. Stuy van den Herik,,,,,,,,,,,,,,,,,,,,,,,,,,,,,,,,
2501038019,577,49,2,46,49,2uuh2bir8ktof0uxfo06lb4ox,1,33.6,73.2,2023-01-27T20:03:25.548Z,2023-01-27T20:03:25Z,,,,,,,,,,,,,,,,,,,,,,,,,dmrznrol8qp7yk53r6ajhnkt0,T. Beelen,,,,,,,,,,,,,,,,,,,,,,,,,,,,,,,,
2501038033,578,1,2,46,50,2uuh2bir8ktof0uxfo06lb4ox,1,20,75.7,2023-01-27T20:03:27.371Z,2023-01-27T20:03:29Z,3997172775,56,Back,3997172781,212,19.1,3997172779,141,59.4,3997172783,213,3.8,3997172777,140,5.2,,,,,,,,,,dmrznrol8qp7yk53r6ajhnkt0,T. Beelen,,,,,,,,,,,,,,,,,,,,,,,,,,,,,,,,
2501038065,579,1,2,46,52,2uuh2bir8ktof0uxfo06lb4ox,1,5.1,59.4,2023-01-27T20:03:29.020Z,2023-01-27T20:03:36Z,3997172959,141,90.6,3997172963,213,0.8,3997172955,56,Back,3997172961,212,29.2,3997172965,1,,3997172953,157,,3997172957,140,24.2,,,,cetavjue5femoxid9fmcd0zjd,J. Schendelaar,,,,,,,,,,,,,,,,,,,,,,,,,,,,,,,,
2501038117,580,1,2,46,59,2uuh2bir8ktof0uxfo06lb4ox,1,24.1,91.1,2023-01-27T20:03:36.508Z,2023-01-27T20:03:41Z,3997173249,212,48.9,3997173245,140,67.6,3997173251,213,5.9,3997173253,1,,3997173243,56,Center,3997173247,141,65.5,3997173241,157,,,,,1rd0zzpp3dn0y7qtxwc57g7h1,R. Thomas,,,,,,,,,,,,,,,,,,,,,,,,,,,,,,,,
2501038123,581,44,2,47,4,2uuh2bir8ktof0uxfo06lb4ox,1,67.2,65.8,2023-01-27T20:03:41.435Z,2023-01-27T20:03:42Z,3997173269,286,,3997173267,56,Center,3997173277,233,333,,,,,,,,,,,,,,,,2esbyi3i7rtsdkxe6a917rsnp,L. Thy,,,,,,,,,,,,,,,,,,,,,,,,,,,,,,,,
2501038121,333,44,2,47,4,dnzj0iv5qtaemm9kthh9pos8q,0,32.8,34.2,2023-01-27T20:03:41.436Z,2023-01-27T20:03:42Z,3997173263,56,Back,3997173265,285,,3997173283,233,581,,,,,,,,,,,,,,,,1jn9jog8ou8uxnmypneksizxm,R. van Eijma,,,,,,,,,,,,,,,,,,,,,,,,,,,,,,,,
2501038141,582,1,2,47,5,2uuh2bir8ktof0uxfo06lb4ox,0,67.6,65.5,2023-01-27T20:03:41.756Z,2023-01-27T20:03:43Z,3997173357,140,67.9,3997173361,212,7.5,3997173349,3,,3997173359,141,54.5,3997173363,213,4.8,3997173353,56,Center,,,,,,,2esbyi3i7rtsdkxe6a917rsnp,L. Thy,,,,,,,,,,,,,,,,,,,,,,,,,,,,,,,,
2501038167,334,1,2,47,7,dnzj0iv5qtaemm9kthh9pos8q,1,30.9,49,2023-01-27T20:03:44.105Z,2023-01-27T20:03:45Z,3997173473,141,38.2,3997173475,212,9.7,3997173469,56,Back,3997173471,140,36.9,3997173467,3,,3997173477,213,5.4,,,,,,,4zow18ykkg1gvw40r7jsrzkl,D. van der Sluys,,,,,,,,,,,,,,,,,,,,,,,,,,,,,,,,
2501038171,335,49,2,47,9,dnzj0iv5qtaemm9kthh9pos8q,1,37.3,37.9,2023-01-27T20:03:45.610Z,2023-01-27T20:03:45Z,,,,,,,,,,,,,,,,,,,,,,,,,1jn9jog8ou8uxnmypneksizxm,R. van Eijma,,,,,,,,,,,,,,,,,,,,,,,,,,,,,,,,
2501038225,336,1,2,47,12,dnzj0iv5qtaemm9kthh9pos8q,1,39.5,34.9,2023-01-27T20:03:48.602Z,2023-01-27T20:03:52Z,3997173779,212,26.8,3997173775,140,65.0,3997173773,56,Center,3997173781,213,6.2,3997173771,155,,3997173777,141,33.1,,,,,,,1jn9jog8ou8uxnmypneksizxm,R. van Eijma,,,,,,,,,,,,,,,,,,,,,,,,,,,,,,,,
2501038243,337,1,2,47,15,dnzj0iv5qtaemm9kthh9pos8q,1,73.2,33.6,2023-01-27T20:03:52.360Z,2023-01-27T20:04:43Z,3997173893,140,79.4,3997173891,56,Center,3997173897,212,20.1,3997176429,210,15,3997173899,213,1.2,3997173895,141,61.5,3997176433,154,,,,,8uw9w30592omb8acpnssgdlh,R. Dekker,,,,,,1,,,,,,,,,,,,,,,,,,,,,,,,,,
2501038245,338,15,2,47,15,dnzj0iv5qtaemm9kthh9pos8q,1,81.1,62.3,2023-01-27T20:03:52.407Z,2023-01-27T20:04:44Z,3997176467,102,52.4,3997176459,55,337,3997176475,328,,3997173909,56,Center,3997176047,233,583,3997176477,146,83.6,3997176451,29,,3997176473,215,,b950jt347chmq9whlkgl6fxpm,K. Leidsman,3997176031,72,3997176481,230,93.6,,,3997176035,82,3997173907,18,,3997176455,154,3997176479,147,61.0,,,3997176449,76,,3997173905,22,,3997176483,231,54.5,3997176469,103,19,
2501038227,583,10,2,47,15,2uuh2bir8ktof0uxfo06lb4ox,1,19.7,43.4,2023-01-27T20:03:52.507Z,2023-01-27T20:04:34Z,3997173785,94,,3997173787,56,Back,3997176087,233,338,,,,,,,,,,,,,,,,dmrznrol8qp7yk53r6ajhnkt0,T. Beelen,,,,,,,,,,,,,,,,,,,,,,,,,,,,,,,,
2501038241,584,49,2,47,18,2uuh2bir8ktof0uxfo06lb4ox,1,12.1,47.2,2023-01-27T20:03:55.116Z,2023-01-27T20:03:55Z,,,,,,,,,,,,,,,,,,,,,,,,,idvh0ac1f8wv39640pyl4esp,S. Kersten,,,,,,,,,,,,,,,,,,,,,,,,,,,,,,,,
2501038291,585,1,2,47,18,2uuh2bir8ktof0uxfo06lb4ox,0,12.1,47.2,2023-01-27T20:03:55.386Z,2023-01-27T20:03:59Z,3997174103,56,Back,3997174111,213,5.6,3997174107,141,5.2,3997174101,157,,3997174113,1,,3997174109,212,44.2,3997174105,140,44.2,,,,idvh0ac1f8wv39640pyl4esp,S. Kersten,,,,,,,,,,,,,,,,,,,,,,,,,,,,,,,,
2501038255,339,61,2,47,20,dnzj0iv5qtaemm9kthh9pos8q,1,81.1,62.3,2023-01-27T20:03:56.680Z,2023-01-27T20:03:56Z,3997173965,56,Center,,,,,,,,,,,,,,,,,,,,,,b950jt347chmq9whlkgl6fxpm,K. Leidsman,,,,,,,,,,,,,,,,,,,,,,,,,,,,,,,,
2501038309,340,49,2,47,24,dnzj0iv5qtaemm9kthh9pos8q,1,53.4,91.2,2023-01-27T20:04:01.114Z,2023-01-27T20:04:01Z,,,,,,,,,,,,,,,,,,,,,,,,,4zow18ykkg1gvw40r7jsrzkl,D. van der Sluys,,,,,,,,,,,,,,,,,,,,,,,,,,,,,,,,
2501038367,341,1,2,47,24,dnzj0iv5qtaemm9kthh9pos8q,1,53.4,91.2,2023-01-27T20:04:01.417Z,2023-01-27T20:04:06Z,3997174511,140,81.0,3997174517,213,0.1,3997174509,56,Left,3997174513,141,93.6,3997174515,212,29.0,,,,,,,,,,4zow18ykkg1gvw40r7jsrzkl,D. van der Sluys,,,,,,,,,,,,,,,,,,,,,,,,,,,,,,,,
2501038383,342,1,2,47,30,dnzj0iv5qtaemm9kthh9pos8q,1,68.5,94.4,2023-01-27T20:04:06.729Z,2023-01-27T20:04:08Z,3997174613,212,11.0,3997174607,56,Left,3997174611,141,82.6,3997174615,213,4.0,3997174609,140,61.3,,,,,,,,,,1mroid71v9bwpx0iaospei9gq,R. Margaret,,,,,,,,,,,,,,,,,,,,,,,,,,,,,,,,
2501038395,343,1,2,47,32,dnzj0iv5qtaemm9kthh9pos8q,1,61.3,82.6,2023-01-27T20:04:08.745Z,2023-01-27T20:04:10Z,3997174677,140,65.8,3997174683,213,1.1,3997174675,56,Left,3997174681,212,10.2,3997174679,141,95.9,,,,,,,,,,bquqyyfz4lj0xrerbhbtj1jze,Ö. Gündüz,,,,,,,,,,,,,,,,,,,,,,,,,,,,,,,,
2501038423,344,1,2,47,33,dnzj0iv5qtaemm9kthh9pos8q,1,66.5,96.5,2023-01-27T20:04:10.376Z,2023-01-27T20:04:13Z,3997174805,140,64.7,3997174815,213,4.4,3997174811,212,6.7,3997174803,56,Left,3997174807,141,87.1,,,,,,,,,,1mroid71v9bwpx0iaospei9gq,R. Margaret,,,,,,,,,,,,,,,,,,,,,,,,,,,,,,,,
2501038435,345,1,2,47,36,dnzj0iv5qtaemm9kthh9pos8q,0,64.7,87.1,2023-01-27T20:04:13.145Z,2023-01-27T20:04:14Z,3997174885,213,5.6,3997174871,56,Center,3997174867,157,,3997174883,212,12.6,3997174887,1,,3997174875,140,73.9,3997174881,141,75.1,,,,bquqyyfz4lj0xrerbhbtj1jze,Ö. Gündüz,,,,,,,,,,,,,,,,,,,,,,,,,,,,,,,,
2501038439,586,1,2,47,36,2uuh2bir8ktof0uxfo06lb4ox,0,30.3,20.9,2023-01-27T20:04:13.451Z,2023-01-27T20:04:14Z,3997174903,213,0.3,3997174893,56,Back,3997174895,140,42.3,3997174899,141,27.1,3997174901,212,13.3,3997174891,3,,,,,,,,idvh0ac1f8wv39640pyl4esp,S. Kersten,,,,,,,,,,,,,,,,,,,,,,,,,,,,,,,,
2501038459,346,8,2,47,39,dnzj0iv5qtaemm9kthh9pos8q,1,65.4,74.2,2023-01-27T20:04:16.153Z,2023-01-27T20:04:16Z,3997174967,15,,3997174961,56,Center,,,,,,,,,,,,,,,,,,,bquqyyfz4lj0xrerbhbtj1jze,Ö. Gündüz,,,,,,,,,,,,,,,,,,,,,,,,,,,,,,,,
2501038483,587,8,2,47,41,2uuh2bir8ktof0uxfo06lb4ox,1,34.4,56.3,2023-01-27T20:04:18.362Z,2023-01-27T20:04:18Z,3997175091,56,Back,,,,,,,,,,,,,,,,,,,,,,1rd0zzpp3dn0y7qtxwc57g7h1,R. Thomas,,,,,,,,,,,,,,,,,,,,,,,,,,,,,,,,
2501038489,588,49,2,47,42,2uuh2bir8ktof0uxfo06lb4ox,1,34.4,56.3,2023-01-27T20:04:18.699Z,2023-01-27T20:04:18Z,,,,,,,,,,,,,,,,,,,,,,,,,1rd0zzpp3dn0y7qtxwc57g7h1,R. Thomas,,,,,,,,,,,,,,,,,,,,,,,,,,,,,,,,
2501038501,589,1,2,47,43,2uuh2bir8ktof0uxfo06lb4ox,1,31.7,62.9,2023-01-27T20:04:19.691Z,2023-01-27T20:04:20Z,3997175171,56,Center,3997175177,212,25.4,3997175173,140,55.4,3997175179,213,6.1,3997175175,141,55.1,,,,,,,,,,1rd0zzpp3dn0y7qtxwc57g7h1,R. Thomas,,,,,,,,,,,,,,,,,,,,,,,,,,,,,,,,
2501038533,590,1,2,47,44,2uuh2bir8ktof0uxfo06lb4ox,0,55.4,55.1,2023-01-27T20:04:20.874Z,2023-01-27T20:04:22Z,3997175345,140,52.6,3997175349,212,9.7,3997175351,213,1.9,3997175343,56,Center,3997175347,141,68.7,,,,,,,,,,2esbyi3i7rtsdkxe6a917rsnp,L. Thy,,,,,,,,,,,,,,,,,,,,,,,,,,,,,,,,
2501038549,347,8,2,47,47,dnzj0iv5qtaemm9kthh9pos8q,1,45.7,35.4,2023-01-27T20:04:24.090Z,2023-01-27T20:04:24Z,3997175441,56,Back,,,,,,,,,,,,,,,,,,,,,,bquqyyfz4lj0xrerbhbtj1jze,Ö. Gündüz,,,,,,,,,,,,,,,,,,,,,,,,,,,,,,,,
2501038561,348,49,2,47,48,dnzj0iv5qtaemm9kthh9pos8q,1,52.3,9.2,2023-01-27T20:04:25.418Z,2023-01-27T20:04:25Z,,,,,,,,,,,,,,,,,,,,,,,,,dcdvet7azx1a59xm2ke7qi2cq,I. Pata,,,,,,,,,,,,,,,,,,,,,,,,,,,,,,,,
2501038563,349,1,2,47,49,dnzj0iv5qtaemm9kthh9pos8q,0,52.9,10,2023-01-27T20:04:25.848Z,2023-01-27T20:04:26Z,3997175503,141,37.0,3997175499,56,Center,3997175505,212,25.5,3997175501,140,69.8,3997175507,213,0.8,,,,,,,,,,dcdvet7azx1a59xm2ke7qi2cq,I. Pata,,,,,,,,,,,,,,,,,,,,,,,,,,,,,,,,
2501038573,591,8,2,47,50,2uuh2bir8ktof0uxfo06lb4ox,1,31.6,57.3,2023-01-27T20:04:26.779Z,2023-01-27T20:04:26Z,3997175559,56,Back,,,,,,,,,,,,,,,,,,,,,,dmrznrol8qp7yk53r6ajhnkt0,T. Beelen,,,,,,,,,,,,,,,,,,,,,,,,,,,,,,,,
2501038599,592,49,2,47,52,2uuh2bir8ktof0uxfo06lb4ox,1,32.6,70.2,2023-01-27T20:04:28.796Z,2023-01-27T20:04:28Z,,,,,,,,,,,,,,,,,,,,,,,,,1rd0zzpp3dn0y7qtxwc57g7h1,R. Thomas,,,,,,,,,,,,,,,,,,,,,,,,,,,,,,,,
2501038691,593,1,2,47,52,2uuh2bir8ktof0uxfo06lb4ox,1,32.4,72.7,2023-01-27T20:04:29.290Z,2023-01-27T20:04:36Z,3997176167,56,Back,3997176171,141,91.5,3997176175,213,1.0,3997176169,140,39.4,3997176173,212,14.7,,,,,,,,,,1rd0zzpp3dn0y7qtxwc57g7h1,R. Thomas,,,,,,,,,,,,,,,,,,,,,,,,,,,,,,,,
2501038709,594,1,2,47,59,2uuh2bir8ktof0uxfo06lb4ox,1,51.3,90.9,2023-01-27T20:04:36.458Z,2023-01-27T20:04:38Z,3997176245,213,3.2,3997176235,140,32.4,3997176239,141,88.3,3997176243,212,19.9,3997176233,56,Back,,,,,,,,,,csecbdlw3sxstnebpiw91ezxm,S. Lagsir,,,,,,,,,,,,,,,,,,,,,,,,,,,,,,,,
2501038721,595,1,2,48,1,2uuh2bir8ktof0uxfo06lb4ox,1,32.4,88.3,2023-01-27T20:04:38.249Z,2023-01-27T20:04:39Z,3997176299,141,71.7,3997176301,212,11.4,3997176293,56,Back,3997176297,140,34.0,3997176303,213,4.9,,,,,,,,,,1rd0zzpp3dn0y7qtxwc57g7h1,R. Thomas,,,,,,,,,,,,,,,,,,,,,,,,,,,,,,,,
2501038737,596,1,2,48,3,2uuh2bir8ktof0uxfo06lb4ox,1,34,71.7,2023-01-27T20:04:39.626Z,2023-01-27T20:04:41Z,3997176351,212,5.1,3997176349,141,77.3,3997176345,56,Back,3997176353,213,2.3,3997176361,156,,3997176347,140,30.8,,,,,,,dse1rndtog4qn2mwv966vp6mt,B. van Hintum,,,,,,,,,,,,,,,,,,,,,,,,,,,,,,,,
2501038821,597,1,2,48,9,2uuh2bir8ktof0uxfo06lb4ox,1,36.5,61.7,2023-01-27T20:04:45.850Z,2023-01-27T20:04:50Z,3997176845,213,4.8,3997176843,212,24.0,3997176837,56,Back,3997176839,140,38.4,3997176841,141,26.5,,,,,,,,,,1rd0zzpp3dn0y7qtxwc57g7h1,R. Thomas,,,,,,,,,,,,,,,,,,,,,,,,,,,,,,,,
2501038847,598,1,2,48,13,2uuh2bir8ktof0uxfo06lb4ox,1,52,17.4,2023-01-27T20:04:50.330Z,2023-01-27T20:04:53Z,3997176983,213,5.9,3997176977,140,67.9,3997176975,56,Right,3997176981,212,18.1,3997176979,141,7.3,,,,,,,,,,idvh0ac1f8wv39640pyl4esp,S. Kersten,,,,,,,,,,,,,,,,,,,,,,,,,,,,,,,,
2501038869,599,1,2,48,16,2uuh2bir8ktof0uxfo06lb4ox,1,73.1,7.1,2023-01-27T20:04:53.114Z,2023-01-27T20:04:55Z,3997177097,141,22.5,3997177101,213,1.2,3997177099,212,11.2,3997177095,140,76.8,3997177093,56,Center,,,,,,,,,,8fqnvz74z901a2h0kgk1zezje,L. Görlich,,,,,,,,,,,,,,,,,,,,,,,,,,,,,,,,
2501038889,600,1,2,48,19,2uuh2bir8ktof0uxfo06lb4ox,1,76.8,22.5,2023-01-27T20:04:55.722Z,2023-01-27T20:04:57Z,3997177181,56,Center,3997177187,212,12.7,3997177183,140,71.2,3997177185,141,39.1,3997177189,213,2.1,,,,,,,,,,by85t8ssyumcjcks1jx3v96vo,Y. Taha,,,,,,,,,,,,,,,,,,,,,,,,,,,,,,,,
2501038895,601,1,2,48,21,2uuh2bir8ktof0uxfo06lb4ox,0,71.7,39.2,2023-01-27T20:04:57.561Z,2023-01-27T20:04:58Z,3997177221,141,51.9,3997177225,213,0.5,3997177223,212,17.0,3997177215,56,Center,3997177219,140,85.6,,,,,,,,,,a339o11ut8s1o9odm6ybc4pka,T. van den Belt,,,,,,,,,,,,,,,,,,,,,,,,,,,,,,,,
2501038931,350,12,2,48,22,dnzj0iv5qtaemm9kthh9pos8q,1,13.6,46.6,2023-01-27T20:04:59.328Z,2023-01-27T20:05:09Z,3997177393,140,46.6,3997177395,141,64.6,3997177399,213,0.3,3997177391,56,Back,3997177397,212,36.7,,,,,,,,,,7cetznpb0tnu6kdz7bvm8gyxh,L. Piqué,,,,,,,,,,,,,,,,,,,,,,,,,,,,,,,,
2501038937,351,61,2,48,23,dnzj0iv5qtaemm9kthh9pos8q,0,45.6,66.7,2023-01-27T20:05:00.192Z,2023-01-27T20:05:07Z,3997177425,56,Back,,,,,,,,,,,,,,,,,,,,,,b950jt347chmq9whlkgl6fxpm,K. Leidsman,,,,,,,,,,,,,,,,,,,,,,,,,,,,,,,,
2501038961,602,1,2,48,25,2uuh2bir8ktof0uxfo06lb4ox,1,71.7,39.1,2023-01-27T20:05:02.330Z,2023-01-27T20:05:07Z,3997177553,212,16.3,3997177551,141,21.9,3997177545,3,,3997177549,140,60.9,3997177547,56,Center,3997177555,213,3.9,,,,,,,1rd0zzpp3dn0y7qtxwc57g7h1,R. Thomas,,,,,,,,,,,,,,,,,,,,,,,,,,,,,,,,
2501038983,603,1,2,48,30,2uuh2bir8ktof0uxfo06lb4ox,1,60.9,21.9,2023-01-27T20:05:07.050Z,2023-01-27T20:05:08Z,3997177661,140,56.9,3997177667,213,2.0,3997177659,56,Center,3997177663,141,34.3,3997177665,212,9.4,,,,,,,,,,idvh0ac1f8wv39640pyl4esp,S. Kersten,,,,,,,,,,,,,,,,,,,,,,,,,,,,,,,,
2501038991,604,1,2,48,31,2uuh2bir8ktof0uxfo06lb4ox,1,56.9,34.3,2023-01-27T20:05:07.961Z,2023-01-27T20:05:08Z,3997177705,213,2.3,3997177699,140,44.2,3997177703,212,21.1,3997177697,56,Back,3997177701,141,58.4,,,,,,,,,,dmrznrol8qp7yk53r6ajhnkt0,T. Beelen,,,,,,,,,,,,,,,,,,,,,,,,,,,,,,,,
2501039013,605,1,2,48,32,2uuh2bir8ktof0uxfo06lb4ox,1,44.2,58.4,2023-01-27T20:05:08.761Z,2023-01-27T20:05:11Z,3997177793,56,Back,3997177797,141,17.9,3997177795,140,41.5,3997177799,212,27.7,3997177801,213,4.6,,,,,,,,,,dse1rndtog4qn2mwv966vp6mt,B. van Hintum,,,,,,,,,,,,,,,,,,,,,,,,,,,,,,,,
2501039133,606,1,2,48,34,2uuh2bir8ktof0uxfo06lb4ox,1,41.7,15.6,2023-01-27T20:05:11.273Z,2023-01-27T20:05:20Z,3997178327,56,Back,3997178335,213,1.8,3997178331,141,32.4,3997178329,140,39.6,3997178333,212,11.6,,,,,,,,,,idvh0ac1f8wv39640pyl4esp,S. Kersten,,,,,,,,,,,,,,,,,,,,,,,,,,,,,,,,
2501039223,607,1,2,48,44,2uuh2bir8ktof0uxfo06lb4ox,1,46,48.8,2023-01-27T20:05:20.793Z,2023-01-27T20:05:28Z,3997178819,141,88.7,3997178815,56,Left,3997178823,213,1.1,3997178817,140,60.7,3997178821,212,31.2,,,,,,,,,,dmrznrol8qp7yk53r6ajhnkt0,T. Beelen,,,,,,,,,,,,,,,,,,,,,,,,,,,,,,,,
2501039229,608,1,2,48,51,2uuh2bir8ktof0uxfo06lb4ox,0,74.9,83.8,2023-01-27T20:05:27.978Z,2023-01-27T20:05:28Z,3997178867,212,4.3,3997178861,56,Center,3997178869,213,5.3,3997178865,141,78.7,3997178863,140,77.3,,,,,,,,,,csecbdlw3sxstnebpiw91ezxm,S. Lagsir,,,,,,,,,,,,,,,,,,,,,,,,,,,,,,,,
2501039243,352,1,2,48,52,dnzj0iv5qtaemm9kthh9pos8q,1,22.2,22.8,2023-01-27T20:05:29.368Z,2023-01-27T20:05:30Z,3997178947,140,12.3,3997178953,213,3.5,3997178951,212,10.9,3997178945,56,Back,3997178949,141,17.9,,,,,,,,,,bquqyyfz4lj0xrerbhbtj1jze,Ö. Gündüz,,,,,,,,,,,,,,,,,,,,,,,,,,,,,,,,
2501039245,353,49,2,48,53,dnzj0iv5qtaemm9kthh9pos8q,1,11.6,16.5,2023-01-27T20:05:30.504Z,2023-01-27T20:05:30Z,,,,,,,,,,,,,,,,,,,,,,,,,dcdvet7azx1a59xm2ke7qi2cq,I. Pata,,,,,,,,,,,,,,,,,,,,,,,,,,,,,,,,
2501039295,354,1,2,48,55,dnzj0iv5qtaemm9kthh9pos8q,1,11.6,15.9,2023-01-27T20:05:31.592Z,2023-01-27T20:05:35Z,3997179229,140,34.7,3997179231,141,4.3,3997179233,212,25.5,3997179227,56,Back,3997179235,213,6.0,,,,,,,,,,dcdvet7azx1a59xm2ke7qi2cq,I. Pata,,,,,,,,,,,,,,,,,,,,,,,,,,,,,,,,
2501039303,355,50,2,48,55,dnzj0iv5qtaemm9kthh9pos8q,1,34,4.6,2023-01-27T20:05:31.912Z,2023-01-27T20:05:36Z,3997179279,233,609,3997179265,56,Back,3997179267,286,,,,,,,,,,,,,,,,,f1as17wqpj44gihtvw936lofd,B. van Hoeven,,,,,,,,,,,,,,,,,,,,,,,,,,,,,,,,
2501039259,609,7,2,48,55,2uuh2bir8ktof0uxfo06lb4ox,0,66,95.4,2023-01-27T20:05:31.913Z,2023-01-27T20:05:36Z,3997179019,56,Left,3997179273,233,355,3997179277,285,,,,,,,,,,,,,,,,,1rd0zzpp3dn0y7qtxwc57g7h1,R. Thomas,,,,,,,,,,,,,,,,,,,,,,,,,,,,,,,,
2501039305,356,61,2,48,59,dnzj0iv5qtaemm9kthh9pos8q,1,35.6,3.2,2023-01-27T20:05:35.721Z,2023-01-27T20:05:36Z,3997179271,56,Back,,,,,,,,,,,,,,,,,,,,,,f1as17wqpj44gihtvw936lofd,B. van Hoeven,,,,,,,,,,,,,,,,,,,,,,,,,,,,,,,,
2501039329,357,4,2,48,59,dnzj0iv5qtaemm9kthh9pos8q,1,55.2,5.7,2023-01-27T20:05:35.850Z,2023-01-27T20:05:38Z,3997179397,152,,3997179417,233,610,3997179391,13,,3997179399,265,,3997179393,56,Right,3997179401,286,,,,,,,,f1as17wqpj44gihtvw936lofd,B. van Hoeven,,,,,,,,,,,,,,,,,,,,,,,,,,,,,,,,
2501039313,610,4,2,48,59,2uuh2bir8ktof0uxfo06lb4ox,0,44.8,94.3,2023-01-27T20:05:35.851Z,2023-01-27T20:05:38Z,3997179307,56,Back,3997179311,152,,3997179303,13,,3997179319,285,,3997179315,265,,3997179443,233,357,,,,,,,dse1rndtog4qn2mwv966vp6mt,B. van Hintum,,,,,,,,,,,,,,,,,,,,,,,,,,,,,,,,
2501039453,611,17,2,49,6,2uuh2bir8ktof0uxfo06lb4ox,1,0,0,2023-01-27T20:05:43.241Z,2023-01-27T20:05:49Z,3997180127,31,,3997180131,13,243,3997180129,393,,,,,,,,,,,,,,,,,dse1rndtog4qn2mwv966vp6mt,B. van Hintum,,,,,,,,,,,,,,,,,,,,,,,,,,,,,,,,
2501039795,358,1,2,49,38,dnzj0iv5qtaemm9kthh9pos8q,0,55.7,4.1,2023-01-27T20:06:14.921Z,2023-01-27T20:06:19Z,3997181975,213,1.0,3997181963,196,,3997181959,5,,3997181967,56,Center,3997181961,155,,3997181969,140,83.0,3997181965,152,,3997181973,212,55.4,f1as17wqpj44gihtvw936lofd,B. van Hoeven,3997181977,1,3997181971,141,73.8,,,,,,,,,,,,,,,,,,,,,,,,,,,
2501039805,612,1,2,49,42,2uuh2bir8ktof0uxfo06lb4ox,0,20,25.5,2023-01-27T20:06:19.497Z,2023-01-27T20:06:20Z,3997182021,3,,3997182027,141,29.8,3997182023,56,Back,3997182033,213,0.5,3997182029,212,5.7,3997182025,140,24.7,,,,,,,8fqnvz74z901a2h0kgk1zezje,L. Görlich,,,,,,,,,,,,,,,,,,,,,,,,,,,,,,,,
2501039947,359,1,2,49,45,dnzj0iv5qtaemm9kthh9pos8q,1,75.6,69.6,2023-01-27T20:06:21.913Z,2023-01-27T20:06:30Z,3997182713,140,89.2,3997182719,213,0.9,3997182715,141,93.6,3997182711,56,Left,3997182709,3,,3997182717,212,21.7,,,,,,,1jn9jog8ou8uxnmypneksizxm,R. van Eijma,,,,,,,,,,,,,,,,,,,,,,,,,,,,,,,,
2501039973,360,1,2,49,53,dnzj0iv5qtaemm9kthh9pos8q,0,95.3,83.3,2023-01-27T20:06:29.685Z,2023-01-27T20:06:31Z,3997182879,2,,3997182913,236,,3997182889,212,4.9,3997182885,140,94.2,3997182881,155,,3997182887,141,76.3,3997182883,56,Center,3997182891,213,4.5,1mroid71v9bwpx0iaospei9gq,R. Margaret,3997182915,233,3997182919,286,,,613,,,,,,,,,,,,,,,,,,,,,,,,,
2501039943,613,12,2,49,53,2uuh2bir8ktof0uxfo06lb4ox,1,8.5,18.5,2023-01-27T20:06:29.785Z,2023-01-27T20:06:32Z,3997182693,185,,3997182935,233,360,3997182697,56,Back,,,,,,,,,,,,,,,,8fqnvz74z901a2h0kgk1zezje,L. Görlich,,,,,,,,,,,,,,,,,,,,,,,,,,,,,,,,
2501039989,614,12,2,49,55,2uuh2bir8ktof0uxfo06lb4ox,1,8.7,38.3,2023-01-27T20:06:32.025Z,2023-01-27T20:06:33Z,3997183035,15,,3997182989,56,Back,3997182997,213,0.4,3997182991,140,25.7,3997182995,212,19.7,3997182993,141,50.6,,,,,,,dmrznrol8qp7yk53r6ajhnkt0,T. Beelen,,,,,,,,,,,,,,,,,,,,,,,,,,,,,,,,
2501040251,361,1,2,50,5,dnzj0iv5qtaemm9kthh9pos8q,0,78.4,24.9,2023-01-27T20:06:42.472Z,2023-01-27T20:06:51Z,3997184281,141,23.9,3997184279,140,100.0,3997184277,56,Center,3997184283,212,24.5,3997184285,213,6.3,,,,,,,,,,f1as17wqpj44gihtvw936lofd,B. van Hoeven,,,,,,,,,,,,,,,,,,,,,,,,,,,,,,,,
2501040255,362,5,2,50,7,dnzj0iv5qtaemm9kthh9pos8q,0,101,30.1,2023-01-27T20:06:44.030Z,2023-01-27T20:06:59Z,3997184797,233,615,3997184291,56,Center,3997184293,346,,,,,,,,,,,,,,,,,f1as17wqpj44gihtvw936lofd,B. van Hoeven,,,,,,,,,,,,,,,,,,,,,,,,,,,,,,,,
2501040155,615,5,2,50,7,2uuh2bir8ktof0uxfo06lb4ox,1,-1,69.9,2023-01-27T20:06:44.030Z,2023-01-27T20:24:51Z,3997183815,56,Back,3997184777,233,362,3997183817,346,,,,,,,,,,,,,,,,,dse1rndtog4qn2mwv966vp6mt,B. van Hintum,,,,,,,,,,,,,,,,,,,,,,,,,,,,,,,,
2501040291,616,1,2,50,13,2uuh2bir8ktof0uxfo06lb4ox,1,3.2,50.1,2023-01-27T20:06:50.137Z,2023-01-27T20:06:54Z,3997184487,141,21.6,3997184481,124,,3997184493,1,,3997184497,237,,3997184491,213,5.6,3997184483,56,Back,3997184489,212,32.2,3997184485,140,27.7,cetavjue5femoxid9fmcd0zjd,J. Schendelaar,,,,,,,,,,,,,,,,,,,,,,,,,,,,,,,,
2501040331,617,1,2,50,20,2uuh2bir8ktof0uxfo06lb4ox,1,41.6,16.4,2023-01-27T20:06:56.553Z,2023-01-27T20:06:57Z,3997184711,213,0.3,3997184703,56,Center,3997184709,212,18.0,3997184705,140,57.9,3997184707,141,24.7,,,,,,,,,,idvh0ac1f8wv39640pyl4esp,S. Kersten,,,,,,,,,,,,,,,,,,,,,,,,,,,,,,,,
2501040377,618,1,2,50,21,2uuh2bir8ktof0uxfo06lb4ox,1,57.2,24.3,2023-01-27T20:06:57.721Z,2023-01-27T20:07:00Z,3997184951,213,3.4,3997184945,140,40.8,3997184949,212,17.9,3997184941,56,Back,3997184947,141,17.0,,,,,,,,,,by85t8ssyumcjcks1jx3v96vo,Y. Taha,,,,,,,,,,,,,,,,,,,,,,,,,,,,,,,,
2501040435,619,1,2,50,23,2uuh2bir8ktof0uxfo06lb4ox,1,40.1,19.2,2023-01-27T20:07:00.457Z,2023-01-27T20:07:03Z,3997185263,213,1.7,3997185255,56,Back,3997185259,141,42.2,3997185261,212,15.8,3997185257,140,38.2,,,,,,,,,,idvh0ac1f8wv39640pyl4esp,S. Kersten,,,,,,,,,,,,,,,,,,,,,,,,,,,,,,,,
2501040471,620,1,2,50,27,2uuh2bir8ktof0uxfo06lb4ox,1,43.6,49.4,2023-01-27T20:07:03.656Z,2023-01-27T20:07:05Z,3997185427,140,60.8,3997185435,213,6.2,3997185431,212,18.1,3997185429,141,48.2,3997185425,56,Center,,,,,,,,,,dmrznrol8qp7yk53r6ajhnkt0,T. Beelen,,,,,,,,,,,,,,,,,,,,,,,,,,,,,,,,
2501040485,621,1,2,50,29,2uuh2bir8ktof0uxfo06lb4ox,0,60.8,48.2,2023-01-27T20:07:05.625Z,2023-01-27T20:07:08Z,3997185629,286,,3997185625,233,363,3997185497,141,51.8,3997185493,56,Center,3997185501,213,0.8,3997185623,236,,3997185495,140,63.3,3997185499,212,3.6,a339o11ut8s1o9odm6ybc4pka,T. van den Belt,,,,,,,,,,,,,,,,,,,,,,,,,,,,,,,,
2501040501,363,74,2,50,29,dnzj0iv5qtaemm9kthh9pos8q,1,37.4,47.8,2023-01-27T20:07:05.626Z,2023-01-27T20:12:03Z,3997185603,285,,3997185631,233,621,3997185601,56,Back,,,,,,,,,,,,,,,,bquqyyfz4lj0xrerbhbtj1jze,Ö. Gündüz,,,,,,,,,,,,,,,,,,,,,,,,,,,,,,,,
2501040509,364,61,2,50,30,dnzj0iv5qtaemm9kthh9pos8q,1,37.7,59.3,2023-01-27T20:07:07.241Z,2023-01-27T20:08:35Z,3997185663,56,Back,,,,,,,,,,,,,,,,,,,,,,dh3ksith5iat573zuhdhv91w5,R. Stuy van den Herik,,,,,,,,,,,,,,,,,,,,,,,,,,,,,,,,
2501040533,622,1,2,50,31,2uuh2bir8ktof0uxfo06lb4ox,1,60.2,48.7,2023-01-27T20:07:08.248Z,2023-01-27T20:07:11Z,3997185783,140,65.3,3997185787,212,6.5,3997185781,56,Center,3997185785,141,43.4,3997185789,213,5.7,3997185779,3,,,,,,,,a339o11ut8s1o9odm6ybc4pka,T. van den Belt,,,,,,,,,,,,,,,,,,,,,,,,,,,,,,,,
2501040583,623,1,2,50,34,2uuh2bir8ktof0uxfo06lb4ox,1,65,43.4,2023-01-27T20:07:11.113Z,2023-01-27T20:07:13Z,3997186027,213,4.6,3997186021,140,64.0,3997186025,212,11.4,3997186019,56,Center,3997186023,141,26.7,,,,,,,,,,2esbyi3i7rtsdkxe6a917rsnp,L. Thy,,,,,,,,,,,,,,,,,,,,,,,,,,,,,,,,
2501040603,624,1,2,50,37,2uuh2bir8ktof0uxfo06lb4ox,0,76.4,24.9,2023-01-27T20:07:13.817Z,2023-01-27T20:07:15Z,3997186145,56,Center,3997186149,141,54.0,3997186151,212,21.7,3997186147,140,84.8,3997186153,213,1.2,,,,,,,,,,a339o11ut8s1o9odm6ybc4pka,T. van den Belt,,,,,,,,,,,,,,,,,,,,,,,,,,,,,,,,
2501040787,365,12,2,50,40,dnzj0iv5qtaemm9kthh9pos8q,1,14.8,48.2,2023-01-27T20:07:16.553Z,2023-01-27T20:07:29Z,3997187067,140,32.5,3997187075,213,0.5,3997187069,141,64.8,3997187065,56,Back,3997187073,212,21.7,,,,,,,,,,bquqyyfz4lj0xrerbhbtj1jze,Ö. Gündüz,,,,,,,,,,,,,,,,,,,,,,,,,,,,,,,,
2501040703,625,1,2,50,41,2uuh2bir8ktof0uxfo06lb4ox,1,64.2,32.2,2023-01-27T20:07:18.121Z,2023-01-27T20:07:21Z,3997186611,212,16.1,3997186609,141,10.0,3997186605,56,Right,3997186613,213,5.1,3997186607,140,69.5,,,,,,,,,,idvh0ac1f8wv39640pyl4esp,S. Kersten,,,,,,,,,,,,,,,,,,,,,,,,,,,,,,,,
2501040739,626,1,2,50,45,2uuh2bir8ktof0uxfo06lb4ox,1,73.7,8.5,2023-01-27T20:07:21.720Z,2023-01-27T20:07:26Z,3997186829,1,,3997186825,212,39.7,3997186827,213,1.1,3997186811,2,,3997186821,140,90.9,3997186817,56,Center,3997186813,155,,3997186823,141,60.5,a339o11ut8s1o9odm6ybc4pka,T. van den Belt,,,,,,,,,,,,,,,,,,,,,,,,,,,,,,,,
2501040743,627,61,2,50,49,2uuh2bir8ktof0uxfo06lb4ox,0,90.9,60.5,2023-01-27T20:07:26.041Z,2023-01-27T20:07:26Z,3997186845,56,Center,,,,,,,,,,,,,,,,,,,,,,csecbdlw3sxstnebpiw91ezxm,S. Lagsir,,,,,,,,,,,,,,,,,,,,,,,,,,,,,,,,
2501040791,366,49,2,50,52,dnzj0iv5qtaemm9kthh9pos8q,1,4.2,31.3,2023-01-27T20:07:28.921Z,2023-01-27T20:07:29Z,,,,,,,,,,,,,,,,,,,,,,,,,7cetznpb0tnu6kdz7bvm8gyxh,L. Piqué,,,,,,,,,,,,,,,,,,,,,,,,,,,,,,,,
2501040839,367,1,2,50,53,dnzj0iv5qtaemm9kthh9pos8q,0,6.2,23.3,2023-01-27T20:07:30.361Z,2023-01-27T20:07:32Z,3997187347,140,45.9,3997187361,1,,3997187343,157,,3997187357,213,0.2,3997187345,56,Back,3997187349,141,35.4,3997187351,212,42.5,,,,7cetznpb0tnu6kdz7bvm8gyxh,L. Piqué,,,,,,,,,,,,,,,,,,,,,,,,,,,,,,,,
2501040907,628,1,2,50,56,2uuh2bir8ktof0uxfo06lb4ox,1,56.9,66.9,2023-01-27T20:07:33.337Z,2023-01-27T20:07:36Z,3997187709,3,,3997187711,56,Center,3997187715,140,66.6,3997187723,212,24.0,3997187719,141,34.9,3997187725,213,5.2,,,,,,,1rd0zzpp3dn0y7qtxwc57g7h1,R. Thomas,,,,,,,,,,,,,,,,,,,,,,,,,,,,,,,,
2501040911,629,61,2,50,59,2uuh2bir8ktof0uxfo06lb4ox,1,66.6,34.9,2023-01-27T20:07:35.975Z,2023-01-27T20:07:36Z,3997187741,56,Center,,,,,,,,,,,,,,,,,,,,,,8fqnvz74z901a2h0kgk1zezje,L. Görlich,,,,,,,,,,,,,,,,,,,,,,,,,,,,,,,,
2501041019,368,1,2,51,1,dnzj0iv5qtaemm9kthh9pos8q,1,30.4,79.7,2023-01-27T20:07:38.023Z,2023-01-27T20:07:43Z,3997188313,212,22.5,3997188311,141,96.0,3997188315,213,0.5,3997188309,140,49.0,3997188305,56,Back,,,,,,,,,,4zow18ykkg1gvw40r7jsrzkl,D. van der Sluys,,,,,,,,,,,,,,,,,,,,,,,,,,,,,,,,
2501041069,369,3,2,51,6,dnzj0iv5qtaemm9kthh9pos8q,1,59.2,89.4,2023-01-27T20:07:43.016Z,2023-01-27T20:07:47Z,3997188627,233,630,3997188611,286,,3997188609,56,Left,,,,,,,,,,,,,,,,1mroid71v9bwpx0iaospei9gq,R. Margaret,,,,,,,,,,,,,,,,,,,,,,,,,,,,,,,,
2501041031,630,45,2,51,6,2uuh2bir8ktof0uxfo06lb4ox,0,40.8,10.6,2023-01-27T20:07:43.016Z,2023-01-27T20:07:47Z,3997188367,56,Back,3997188677,233,369,3997188369,285,,,,,,,,,,,,,,,,,a339o11ut8s1o9odm6ybc4pka,T. van den Belt,,,,,,,,,,,,,,,,,,,,,,,,,,,,,,,,
2501041081,370,1,2,51,10,dnzj0iv5qtaemm9kthh9pos8q,0,67.3,73.5,2023-01-27T20:07:46.887Z,2023-01-27T20:07:49Z,3997188695,56,Center,3997188699,141,76.7,3997188703,213,0.3,3997188735,233,631,3997188739,286,,3997188701,212,7.7,3997188733,236,,3997188697,140,74.3,1mroid71v9bwpx0iaospei9gq,R. Margaret,,,,,,,,,,,,,,,,,,,,,,,,,,,,,,,,
2501041071,631,74,2,51,10,2uuh2bir8ktof0uxfo06lb4ox,1,34.4,26.8,2023-01-27T20:07:46.888Z,2023-01-27T20:07:49Z,3997188625,285,,3997188745,233,370,3997188623,56,Back,,,,,,,,,,,,,,,,idvh0ac1f8wv39640pyl4esp,S. Kersten,,,,,,,,,,,,,,,,,,,,,,,,,,,,,,,,
2501041091,371,61,2,51,11,dnzj0iv5qtaemm9kthh9pos8q,1,74.3,76.7,2023-01-27T20:07:48.312Z,2023-01-27T20:07:48Z,3997188753,56,Center,,,,,,,,,,,,,,,,,,,,,,1mroid71v9bwpx0iaospei9gq,R. Margaret,,,,,,,,,,,,,,,,,,,,,,,,,,,,,,,,
2501041125,372,1,2,51,14,dnzj0iv5qtaemm9kthh9pos8q,1,76.3,76.7,2023-01-27T20:07:50.855Z,2023-01-27T20:07:52Z,3997188951,56,Center,3997188957,212,8.4,3997188953,140,69.9,3997188959,213,3.8,3997188955,141,69.3,,,,,,,,,,8uw9w30592omb8acpnssgdlh,R. Dekker,,,,,,,,,,,,,,,,,,,,,,,,,,,,,,,,
2501041149,373,1,2,51,15,dnzj0iv5qtaemm9kthh9pos8q,1,69.7,69.6,2023-01-27T20:07:51.896Z,2023-01-27T20:07:54Z,3997189065,212,11.6,3997189059,56,Center,3997189063,141,54.3,3997189067,213,4.3,3997189061,140,64.9,,,,,,,,,,1mroid71v9bwpx0iaospei9gq,R. Margaret,,,,,,,,,,,,,,,,,,,,,,,,,,,,,,,,
2501041185,374,1,2,51,17,dnzj0iv5qtaemm9kthh9pos8q,1,64.6,47.8,2023-01-27T20:07:54.311Z,2023-01-27T20:07:56Z,3997189247,212,34.9,3997189241,56,Right,3997189249,213,5.3,3997189245,141,4.9,3997189243,140,82.9,3997189251,1,,,,,,,,bquqyyfz4lj0xrerbhbtj1jze,Ö. Gündüz,,,,,,,,,,,,,,,,,,,,,,,,,,,,,,,,
2501041191,375,1,2,51,19,dnzj0iv5qtaemm9kthh9pos8q,0,84.2,3.5,2023-01-27T20:07:56.344Z,2023-01-27T20:07:57Z,3997189313,212,27.9,3997189307,56,Center,3997189315,213,1.5,3997189303,2,,3997189311,141,44.3,3997189309,140,87.1,3997189305,155,,,,,dcdvet7azx1a59xm2ke7qi2cq,I. Pata,,,,,,,,,,,,,,,,,,,,,,,,,,,,,,,,
2501041223,632,12,2,51,20,2uuh2bir8ktof0uxfo06lb4ox,1,15.1,67.6,2023-01-27T20:07:56.857Z,2023-01-27T20:07:59Z,3997189493,56,Back,3997189499,212,15.0,3997189495,140,27.2,3997189501,213,0.6,3997189497,141,79.4,,,,,,,,,,dse1rndtog4qn2mwv966vp6mt,B. van Hintum,,,,,,,,,,,,,,,,,,,,,,,,,,,,,,,,
2501041229,633,49,2,51,22,2uuh2bir8ktof0uxfo06lb4ox,1,27.2,79.4,2023-01-27T20:07:58.985Z,2023-01-27T20:07:59Z,,,,,,,,,,,,,,,,,,,,,,,,,29s8wk0a2m66rebsfx1jfuuh,D. van den Berg,,,,,,,,,,,,,,,,,,,,,,,,,,,,,,,,
2501041245,634,1,2,51,22,2uuh2bir8ktof0uxfo06lb4ox,0,27.2,79.4,2023-01-27T20:07:59.272Z,2023-01-27T20:08:00Z,3997189591,212,25.4,3997189585,56,Left,3997189589,141,82.1,3997189593,213,0.1,3997189587,140,51.3,,,,,,,,,,29s8wk0a2m66rebsfx1jfuuh,D. van den Berg,,,,,,,,,,,,,,,,,,,,,,,,,,,,,,,,
2501041271,376,49,2,51,26,dnzj0iv5qtaemm9kthh9pos8q,1,52,22.4,2023-01-27T20:08:02.775Z,2023-01-27T20:08:07Z,,,,,,,,,,,,,,,,,,,,,,,,,7cetznpb0tnu6kdz7bvm8gyxh,L. Piqué,,,,,,,,,,,,,,,,,,,,,,,,,,,,,,,,
2501041297,377,1,2,51,27,dnzj0iv5qtaemm9kthh9pos8q,0,54,18.8,2023-01-27T20:08:03.879Z,2023-01-27T20:08:10Z,3997189841,212,23.5,3997189833,140,74.1,3997189837,141,33.9,3997189829,56,Center,3997189845,213,0.5,,,,,,,,,,7cetznpb0tnu6kdz7bvm8gyxh,L. Piqué,,,,,,,,,,,,,,,,,,,,,,,,,,,,,,,,
2501041301,635,8,2,51,28,2uuh2bir8ktof0uxfo06lb4ox,1,28.7,68.1,2023-01-27T20:08:05.146Z,2023-01-27T20:08:05Z,3997189873,56,Back,,,,,,,,,,,,,,,,,,,,,,dse1rndtog4qn2mwv966vp6mt,B. van Hintum,,,,,,,,,,,,,,,,,,,,,,,,,,,,,,,,
2501041309,636,49,2,51,28,2uuh2bir8ktof0uxfo06lb4ox,1,28.7,68.1,2023-01-27T20:08:05.480Z,2023-01-27T20:08:05Z,,,,,,,,,,,,,,,,,,,,,,,,,dse1rndtog4qn2mwv966vp6mt,B. van Hintum,,,,,,,,,,,,,,,,,,,,,,,,,,,,,,,,
2501041407,637,1,2,51,29,2uuh2bir8ktof0uxfo06lb4ox,1,29.6,68.7,2023-01-27T20:08:05.975Z,2023-01-27T20:08:12Z,3997190341,213,5.6,3997190331,56,Back,3997190337,141,49.1,3997190335,140,46.4,3997190339,212,22.1,,,,,,,,,,dse1rndtog4qn2mwv966vp6mt,B. van Hintum,,,,,,,,,,,,,,,,,,,,,,,,,,,,,,,,
2501041519,638,1,2,51,35,2uuh2bir8ktof0uxfo06lb4ox,1,72.3,73.9,2023-01-27T20:08:12.488Z,2023-01-27T20:08:19Z,3997190969,1,,3997190965,212,44.2,3997190957,196,,3997190963,141,13.4,3997190959,56,Right,3997190967,213,5.1,3997190961,140,87.8,,,,by85t8ssyumcjcks1jx3v96vo,Y. Taha,,,,,,,,,,,,,,,,,,,,,,,,,,,,,,,,
2501041549,639,1,2,51,42,2uuh2bir8ktof0uxfo06lb4ox,1,87.8,13.2,2023-01-27T20:08:19.304Z,2023-01-27T20:08:22Z,3997191139,56,Center,3997191141,140,91.6,3997191147,213,1.2,3997191143,141,26.7,3997191145,212,10.0,,,,,,,,,,2esbyi3i7rtsdkxe6a917rsnp,L. Thy,,,,,,,,,,,,,,,,,,,,,,,,,,,,,,,,
2501041551,640,61,2,51,44,2uuh2bir8ktof0uxfo06lb4ox,0,91.6,26.7,2023-01-27T20:08:20.912Z,2023-01-27T20:08:46Z,3997191151,56,Center,,,,,,,,,,,,,,,,,,,,,,8fqnvz74z901a2h0kgk1zezje,L. Görlich,,,,,,,,,,,,,,,,,,,,,,,,,,,,,,,,
2501041597,378,12,2,51,45,dnzj0iv5qtaemm9kthh9pos8q,1,3.5,76.3,2023-01-27T20:08:21.559Z,2023-01-27T20:08:44Z,3997191385,167,,3997191355,212,9.8,3997191349,56,Back,3997191357,213,2.1,3997191351,140,0.0,3997191353,141,89.0,,,,,,,7cetznpb0tnu6kdz7bvm8gyxh,L. Piqué,,,,,,,,,,,,,,,,,,,,,,,,,,,,,,,,
2501041601,379,6,2,51,46,dnzj0iv5qtaemm9kthh9pos8q,0,3.8,81.2,2023-01-27T20:08:23.258Z,2023-01-27T20:12:09Z,3997191373,73,,3997191403,233,641,3997191371,56,Back,,,,,,,,,,,,,,,,7cetznpb0tnu6kdz7bvm8gyxh,L. Piqué,,,,,,,,,,,,,,,,,,,,,,,,,,,,,,,,
2501041599,641,6,2,51,46,2uuh2bir8ktof0uxfo06lb4ox,1,96.2,18.8,2023-01-27T20:08:23.258Z,2023-01-27T20:08:25Z,3997191365,75,,3997191399,233,379,3997191363,56,Right,,,,,,,,,,,,,,,,8fqnvz74z901a2h0kgk1zezje,L. Görlich,,,,,,,,,,,,,,,,,,,,,,,,,,,,,,,,
2501042091,642,1,2,52,21,2uuh2bir8ktof0uxfo06lb4ox,0,99.5,0.5,2023-01-27T20:08:57.561Z,2023-01-27T20:09:00Z,3997193889,212,29.8,3997193885,140,95.0,3997193879,155,,3997193875,2,,3997193891,213,1.7,3997193877,6,,3997193883,56,Center,3997193881,223,,dse1rndtog4qn2mwv966vp6mt,B. van Hintum,3997193887,141,,,,,43.7,,,,,,,,,,,,,,,,,,,,,,,,,
2501042123,380,12,2,52,24,dnzj0iv5qtaemm9kthh9pos8q,1,3.9,54.6,2023-01-27T20:09:00.935Z,2023-01-27T20:09:02Z,3997194023,140,28.1,3997194029,213,6.1,3997194025,141,49.4,3997194021,56,Back,3997194027,212,25.7,3997194081,15,,,,,,,,b950jt347chmq9whlkgl6fxpm,K. Leidsman,,,,,,,,,,,,,,,,,,,,,,,,,,,,,,,,
2501042149,643,1,2,52,26,2uuh2bir8ktof0uxfo06lb4ox,0,75.2,64.2,2023-01-27T20:09:03Z,2023-01-27T20:09:03Z,3997194195,212,14.8,3997194189,56,Center,3997194193,141,54.0,3997194197,213,5.8,3997194191,140,87.6,3997194183,3,,,,,,,,by85t8ssyumcjcks1jx3v96vo,Y. Taha,,,,,,,,,,,,,,,,,,,,,,,,,,,,,,,,
2501042195,381,1,2,52,27,dnzj0iv5qtaemm9kthh9pos8q,0,19.1,50.9,2023-01-27T20:09:03.864Z,2023-01-27T20:09:07Z,3997194435,212,24.5,3997194439,1,,3997194427,157,,3997194429,56,Back,3997194437,213,0.2,3997194431,140,42.2,3997194433,141,56.3,,,,dh3ksith5iat573zuhdhv91w5,R. Stuy van den Herik,,,,,,,,,,,,,,,,,,,,,,,,,,,,,,,,
2501042225,644,8,2,52,32,2uuh2bir8ktof0uxfo06lb4ox,1,63.8,43.7,2023-01-27T20:09:08.583Z,2023-01-27T20:09:08Z,3997194551,56,Center,,,,,,,,,,,,,,,,,,,,,,1rd0zzpp3dn0y7qtxwc57g7h1,R. Thomas,,,,,,,,,,,,,,,,,,,,,,,,,,,,,,,,
2501042281,645,50,2,52,34,2uuh2bir8ktof0uxfo06lb4ox,1,66.8,21.4,2023-01-27T20:09:11.286Z,2023-01-27T20:09:12Z,3997194867,56,Center,3997194941,233,382,3997194869,286,,,,,,,,,,,,,,,,,by85t8ssyumcjcks1jx3v96vo,Y. Taha,,,,,,,,,,,,,,,,,,,,,,,,,,,,,,,,
2501042277,382,7,2,52,34,dnzj0iv5qtaemm9kthh9pos8q,0,33.2,78.6,2023-01-27T20:09:11.287Z,2023-01-27T20:09:12Z,3997194859,285,,3997194905,233,645,3997194857,56,Back,,,,,,,,,,,,,,,,bquqyyfz4lj0xrerbhbtj1jze,Ö. Gündüz,,,,,,,,,,,,,,,,,,,,,,,,,,,,,,,,
2501042303,646,43,2,52,36,2uuh2bir8ktof0uxfo06lb4ox,1,0,0,2023-01-27T20:09:13.225Z,2023-01-27T20:09:19Z,3997195467,144,49,,,,,,,,,,,,,,,,,,,,,,dse1rndtog4qn2mwv966vp6mt,B. van Hintum,,,,,,,,,,,,,,,,,,,,,,,,,,,,,,,,
2501042439,647,1,2,52,36,2uuh2bir8ktof0uxfo06lb4ox,1,59.2,8.2,2023-01-27T20:09:13.431Z,2023-01-27T20:09:21Z,3997195715,213,1.3,3997195709,140,61.9,3997195707,56,Center,3997195713,212,9.9,3997195711,141,22.1,,,,,,,,,,dse1rndtog4qn2mwv966vp6mt,B. van Hintum,,,,,,,,,,,,,,,,,,,,,,,,,,,,,,,,
2501042477,648,1,2,52,44,2uuh2bir8ktof0uxfo06lb4ox,1,56.5,24.4,2023-01-27T20:09:21.192Z,2023-01-27T20:09:24Z,3997195907,213,2.4,3997195901,141,42.1,3997195895,56,Back,3997195897,140,45.1,3997195905,212,17.0,,,,,,,,,,1rd0zzpp3dn0y7qtxwc57g7h1,R. Thomas,,,,,,,,,,,,,,,,,,,,,,,,,,,,,,,,
2501042523,649,1,2,52,47,2uuh2bir8ktof0uxfo06lb4ox,1,44.9,42.7,2023-01-27T20:09:23.991Z,2023-01-27T20:09:27Z,3997196143,140,45.3,3997196145,141,23.4,3997196149,213,4.7,3997196141,56,Back,3997196147,212,13.1,,,,,,,,,,dmrznrol8qp7yk53r6ajhnkt0,T. Beelen,,,,,,,,,,,,,,,,,,,,,,,,,,,,,,,,
2501042603,650,1,2,52,50,2uuh2bir8ktof0uxfo06lb4ox,1,45.3,23.4,2023-01-27T20:09:27.447Z,2023-01-27T20:09:34Z,3997196691,140,32.5,3997196689,56,Back,3997196697,213,2.6,3997196693,141,34.3,3997196695,212,15.3,,,,,,,,,,dse1rndtog4qn2mwv966vp6mt,B. van Hintum,,,,,,,,,,,,,,,,,,,,,,,,,,,,,,,,
2501042679,651,1,2,52,57,2uuh2bir8ktof0uxfo06lb4ox,1,37.5,55.4,2023-01-27T20:09:33.896Z,2023-01-27T20:09:38Z,3997197083,213,1.0,3997197077,140,50.7,3997197081,212,27.8,3997197079,141,90.8,3997197075,56,Left,,,,,,,,,,dmrznrol8qp7yk53r6ajhnkt0,T. Beelen,,,,,,,,,,,,,,,,,,,,,,,,,,,,,,,,
2501042705,652,1,2,53,2,2uuh2bir8ktof0uxfo06lb4ox,1,49.2,89,2023-01-27T20:09:38.791Z,2023-01-27T20:09:40Z,3997197247,141,64.3,3997197243,56,Back,3997197251,213,4.3,3997197249,212,18.4,3997197245,140,42.1,,,,,,,,,,csecbdlw3sxstnebpiw91ezxm,S. Lagsir,,,,,,,,,,,,,,,,,,,,,,,,,,,,,,,,
2501042741,653,1,2,53,4,2uuh2bir8ktof0uxfo06lb4ox,1,42.1,64.3,2023-01-27T20:09:40.823Z,2023-01-27T20:09:42Z,3997197413,141,78.7,3997197415,212,11.2,3997197411,140,47.2,3997197409,56,Back,3997197417,213,1.1,,,,,,,,,,dmrznrol8qp7yk53r6ajhnkt0,T. Beelen,,,,,,,,,,,,,,,,,,,,,,,,,,,,,,,,
2501042787,654,1,2,53,6,2uuh2bir8ktof0uxfo06lb4ox,1,46.6,73.6,2023-01-27T20:09:42.567Z,2023-01-27T20:09:44Z,3997197615,140,43.0,3997197621,212,10.0,3997197617,141,60.0,3997197613,56,Back,3997197623,213,4.3,,,,,,,,,,a339o11ut8s1o9odm6ybc4pka,T. van den Belt,,,,,,,,,,,,,,,,,,,,,,,,,,,,,,,,
2501042821,655,1,2,53,8,2uuh2bir8ktof0uxfo06lb4ox,1,43,60,2023-01-27T20:09:44.599Z,2023-01-27T20:09:47Z,3997197793,212,25.4,3997197787,56,Back,3997197791,141,23.1,3997197795,213,4.9,3997197789,140,46.5,,,,,,,,,,dmrznrol8qp7yk53r6ajhnkt0,T. Beelen,,,,,,,,,,,,,,,,,,,,,,,,,,,,,,,,
2501042869,656,1,2,53,10,2uuh2bir8ktof0uxfo06lb4ox,1,53.6,21.9,2023-01-27T20:09:47.175Z,2023-01-27T20:09:51Z,3997198019,212,15.4,3997198015,140,64.7,3997198013,56,Right,3997198017,141,7.0,3997198021,213,5.6,,,,,,,,,,idvh0ac1f8wv39640pyl4esp,S. Kersten,,,,,,,,,,,,,,,,,,,,,,,,,,,,,,,,
2501042919,657,1,2,53,14,2uuh2bir8ktof0uxfo06lb4ox,1,67.6,5.3,2023-01-27T20:09:51.143Z,2023-01-27T20:09:53Z,3997198243,213,2.6,3997198237,140,57.7,3997198239,141,14.7,3997198241,212,12.2,3997198235,56,Right,,,,,,,,,,8fqnvz74z901a2h0kgk1zezje,L. Görlich,,,,,,,,,,,,,,,,,,,,,,,,,,,,,,,,
2501042945,658,1,2,53,17,2uuh2bir8ktof0uxfo06lb4ox,1,58.9,16.4,2023-01-27T20:09:53.783Z,2023-01-27T20:09:56Z,3997198379,213,1.1,3997198375,141,32.7,3997198377,212,12.7,3997198371,56,Center,3997198373,140,64.8,,,,,,,,,,idvh0ac1f8wv39640pyl4esp,S. Kersten,,,,,,,,,,,,,,,,,,,,,,,,,,,,,,,,
2501042959,659,1,2,53,19,2uuh2bir8ktof0uxfo06lb4ox,1,64.8,32.7,2023-01-27T20:09:56.231Z,2023-01-27T20:09:57Z,3997198453,213,4.2,3997198451,212,10.1,3997198441,56,Right,3997198447,141,19.7,3997198443,140,60.1,,,,,,,,,,1rd0zzpp3dn0y7qtxwc57g7h1,R. Thomas,,,,,,,,,,,,,,,,,,,,,,,,,,,,,,,,
2501043001,660,1,2,53,20,2uuh2bir8ktof0uxfo06lb4ox,1,60.2,19.7,2023-01-27T20:09:57.047Z,2023-01-27T20:09:59Z,3997198661,213,1.8,3997198659,212,15.6,3997198655,140,57.0,3997198657,141,42.1,3997198653,56,Center,,,,,,,,,,idvh0ac1f8wv39640pyl4esp,S. Kersten,,,,,,,,,,,,,,,,,,,,,,,,,,,,,,,,
2501043047,661,1,2,53,23,2uuh2bir8ktof0uxfo06lb4ox,1,58.3,50,2023-01-27T20:09:59.703Z,2023-01-27T20:10:02Z,3997198915,141,71.4,3997198919,213,2.3,3997198913,140,46.8,3997198917,212,18.9,3997198911,56,Back,,,,,,,,,,dmrznrol8qp7yk53r6ajhnkt0,T. Beelen,,,,,,,,,,,,,,,,,,,,,,,,,,,,,,,,
2501043113,662,1,2,53,25,2uuh2bir8ktof0uxfo06lb4ox,1,46.6,72.7,2023-01-27T20:10:02.487Z,2023-01-27T20:10:07Z,3997199293,212,21.0,3997199287,56,Left,3997199291,141,93.6,3997199295,213,0.7,3997199289,140,61.3,,,,,,,,,,dse1rndtog4qn2mwv966vp6mt,B. van Hintum,,,,,,,,,,,,,,,,,,,,,,,,,,,,,,,,
2501043191,663,1,2,53,30,2uuh2bir8ktof0uxfo06lb4ox,1,51.2,91.8,2023-01-27T20:10:07.079Z,2023-01-27T20:10:12Z,3997199715,141,53.6,3997199719,213,3.8,3997199711,56,Back,3997199721,1,,3997199717,212,40.1,3997199713,140,22.1,,,,,,,csecbdlw3sxstnebpiw91ezxm,S. Lagsir,,,,,,,,,,,,,,,,,,,,,,,,,,,,,,,,
2501043269,664,1,2,53,35,2uuh2bir8ktof0uxfo06lb4ox,1,22.4,49.4,2023-01-27T20:10:12.489Z,2023-01-27T20:10:20Z,3997200181,1,,3997200171,140,42.2,3997200177,212,37.2,3997200163,155,,3997200175,141,4.1,3997200179,213,5.3,3997200167,56,Back,,,,cetavjue5femoxid9fmcd0zjd,J. Schendelaar,,,,,,,,,,,,,,,,,,,,,,,,,,,,,,,,
2501043331,665,1,2,53,39,2uuh2bir8ktof0uxfo06lb4ox,1,42.2,4.1,2023-01-27T20:10:16.471Z,2023-01-27T20:10:20Z,3997200517,213,2.8,3997200509,56,Back,3997200511,140,26.2,3997200515,212,17.8,3997200513,141,12.6,,,,,,,,,,8fqnvz74z901a2h0kgk1zezje,L. Görlich,,,,,,,,,,,,,,,,,,,,,,,,,,,,,,,,
2501043389,666,1,2,53,45,2uuh2bir8ktof0uxfo06lb4ox,1,32.3,15.9,2023-01-27T20:10:21.767Z,2023-01-27T20:10:24Z,3997200805,140,30.2,3997200811,141,40.1,3997200815,213,1.7,3997200813,212,16.6,3997200801,56,Back,,,,,,,,,,idvh0ac1f8wv39640pyl4esp,S. Kersten,,,,,,,,,,,,,,,,,,,,,,,,,,,,,,,,
2501043449,667,1,2,53,47,2uuh2bir8ktof0uxfo06lb4ox,1,29.8,46.9,2023-01-27T20:10:24.375Z,2023-01-27T20:10:28Z,3997201111,141,71.4,3997201107,56,Back,3997201113,212,16.8,3997201109,140,31.9,3997201115,213,1.4,,,,,,,,,,dmrznrol8qp7yk53r6ajhnkt0,T. Beelen,,,,,,,,,,,,,,,,,,,,,,,,,,,,,,,,
2501043501,668,1,2,53,51,2uuh2bir8ktof0uxfo06lb4ox,1,35.3,71.7,2023-01-27T20:10:28.103Z,2023-01-27T20:10:31Z,3997201347,213,0.5,3997201339,56,Left,3997201341,140,59.6,3997201345,212,28.6,3997201343,141,90.6,,,,,,,,,,dse1rndtog4qn2mwv966vp6mt,B. van Hintum,,,,,,,,,,,,,,,,,,,,,,,,,,,,,,,,
2501043529,669,1,2,53,54,2uuh2bir8ktof0uxfo06lb4ox,1,66.7,83.8,2023-01-27T20:10:30.919Z,2023-01-27T20:10:33Z,3997201471,212,12.9,3997201465,56,Center,3997201469,141,64.9,3997201473,213,4.6,3997201467,140,65.5,,,,,,,,,,csecbdlw3sxstnebpiw91ezxm,S. Lagsir,,,,,,,,,,,,,,,,,,,,,,,,,,,,,,,,
2501043563,670,1,2,53,56,2uuh2bir8ktof0uxfo06lb4ox,1,65.5,64.9,2023-01-27T20:10:33.191Z,2023-01-27T20:10:35Z,3997201651,56,Left,3997201657,212,23.7,3997201653,140,78.9,3997201655,141,92.9,3997201659,213,0.9,,,,,,,,,,a339o11ut8s1o9odm6ybc4pka,T. van den Belt,,,,,,,,,,,,,,,,,,,,,,,,,,,,,,,,
2501043581,671,1,2,53,58,2uuh2bir8ktof0uxfo06lb4ox,1,78.1,91.8,2023-01-27T20:10:35.510Z,2023-01-27T20:10:37Z,3997201785,141,71.8,3997201789,213,4.1,3997201783,140,69.0,3997201787,212,16.6,3997201781,56,Center,,,,,,,,,,29s8wk0a2m66rebsfx1jfuuh,D. van den Berg,,,,,,,,,,,,,,,,,,,,,,,,,,,,,,,,
2501043589,672,1,2,54,0,2uuh2bir8ktof0uxfo06lb4ox,1,69,71.8,2023-01-27T20:10:37.110Z,2023-01-27T20:10:38Z,3997201823,140,62.9,3997201821,56,Left,3997201827,212,13.8,3997201829,213,2.1,3997201825,141,89.7,,,,,,,,,,a339o11ut8s1o9odm6ybc4pka,T. van den Belt,,,,,,,,,,,,,,,,,,,,,,,,,,,,,,,,
2501043621,673,1,2,54,1,2uuh2bir8ktof0uxfo06lb4ox,1,62.6,90.3,2023-01-27T20:10:38.119Z,2023-01-27T20:10:39Z,3997201983,140,49.1,3997201987,212,16.4,3997201981,56,Back,3997201985,141,78.1,3997201989,213,3.7,,,,,,,,,,29s8wk0a2m66rebsfx1jfuuh,D. van den Berg,,,,,,,,,,,,,,,,,,,,,,,,,,,,,,,,
2501043635,674,1,2,54,3,2uuh2bir8ktof0uxfo06lb4ox,1,49.1,78.1,2023-01-27T20:10:39.703Z,2023-01-27T20:10:41Z,3997202075,56,Left,3997202081,212,12.9,3997202079,141,90.5,3997202083,213,0.7,3997202077,140,58.4,,,,,,,,,,dse1rndtog4qn2mwv966vp6mt,B. van Hintum,,,,,,,,,,,,,,,,,,,,,,,,,,,,,,,,
2501043685,675,1,2,54,4,2uuh2bir8ktof0uxfo06lb4ox,1,58.7,90.8,2023-01-27T20:10:41.223Z,2023-01-27T20:10:45Z,3997202333,141,73.5,3997202335,212,11.8,3997202331,140,58.5,3997202329,56,Center,3997202337,213,4.7,,,,,,,,,,29s8wk0a2m66rebsfx1jfuuh,D. van den Berg,,,,,,,,,,,,,,,,,,,,,,,,,,,,,,,,
2501043703,676,1,2,54,8,2uuh2bir8ktof0uxfo06lb4ox,1,56.8,61.8,2023-01-27T20:10:45.015Z,2023-01-27T20:10:47Z,3997202467,140,45.9,3997202473,213,3.6,3997202465,56,Back,3997202469,141,54.5,3997202471,212,12.5,,,,,,,,,,1rd0zzpp3dn0y7qtxwc57g7h1,R. Thomas,,,,,,,,,,,,,,,,,,,,,,,,,,,,,,,,
2501043711,677,1,2,54,10,2uuh2bir8ktof0uxfo06lb4ox,1,45.9,54.5,2023-01-27T20:10:47.206Z,2023-01-27T20:10:48Z,3997202513,140,59.3,3997202519,213,0.6,3997202515,141,67.3,3997202511,56,Center,3997202517,212,16.5,,,,,,,,,,dmrznrol8qp7yk53r6ajhnkt0,T. Beelen,,,,,,,,,,,,,,,,,,,,,,,,,,,,,,,,
2501043715,678,1,2,54,11,2uuh2bir8ktof0uxfo06lb4ox,1,59.3,67.3,2023-01-27T20:10:48.119Z,2023-01-27T20:10:49Z,3997202567,141,81.7,3997202571,213,2.6,3997202623,156,,3997202565,140,43.0,3997202569,212,19.7,3997202563,56,Back,,,,,,,a339o11ut8s1o9odm6ybc4pka,T. van den Belt,,,,,,,,,,,,,,,,,,,,,,,,,,,,,,,,
2501043757,679,1,2,54,13,2uuh2bir8ktof0uxfo06lb4ox,1,44.3,83.2,2023-01-27T20:10:50.423Z,2023-01-27T20:10:52Z,3997202843,141,94.5,3997202845,212,18.2,3997202841,140,60.0,3997202839,56,Left,3997202847,213,0.4,,,,,,,,,,dse1rndtog4qn2mwv966vp6mt,B. van Hintum,,,,,,,,,,,,,,,,,,,,,,,,,,,,,,,,
2501043845,680,1,2,54,15,2uuh2bir8ktof0uxfo06lb4ox,1,60,94.5,2023-01-27T20:10:52.183Z,2023-01-27T20:11:00Z,3997203279,212,16.6,3997203271,56,Center,3997203277,141,73.0,3997203273,140,67.4,3997203281,213,5.2,,,,,,,,,,29s8wk0a2m66rebsfx1jfuuh,D. van den Berg,,,,,,,,,,,,,,,,,,,,,,,,,,,,,,,,
2501043853,681,4,2,54,22,2uuh2bir8ktof0uxfo06lb4ox,1,68.8,75.1,2023-01-27T20:10:58.663Z,2023-01-27T20:11:01Z,3997203291,56,Center,3997203287,13,,3997203293,152,,3997203395,233,383,3997203289,295,,3997203295,286,,,,,,,,a339o11ut8s1o9odm6ybc4pka,T. van den Belt,,,,,,,,,,,,,,,,,,,,,,,,,,,,,,,,
2501043865,383,4,2,54,22,dnzj0iv5qtaemm9kthh9pos8q,0,31.2,24.9,2023-01-27T20:10:58.664Z,2023-01-27T20:11:02Z,3997203365,56,Back,3997203371,152,,3997203375,285,,3997203415,233,681,3997203363,295,,3997203361,13,,,,,,,,8uw9w30592omb8acpnssgdlh,R. Dekker,,,,,,,,,,,,,,,,,,,,,,,,,,,,,,,,
2501044341,682,1,2,55,1,2uuh2bir8ktof0uxfo06lb4ox,0,73,75.1,2023-01-27T20:11:37.590Z,2023-01-27T20:11:40Z,3997205885,140,90.4,3997205889,212,23.8,3997205875,2,,3997205879,155,,3997205877,5,,3997205891,213,5.6,3997205883,56,Center,3997205887,141,52.7,dse1rndtog4qn2mwv966vp6mt,B. van Hintum,3997205881,152,,,,,,,,,,,,,,,,,,,,,,,,,,,,,,
2501044379,384,12,2,55,4,dnzj0iv5qtaemm9kthh9pos8q,1,11.6,48.8,2023-01-27T20:11:41.206Z,2023-01-27T20:11:43Z,3997206087,56,Back,3997206095,213,4.9,3997206093,212,26.1,3997206089,140,15.8,3997206091,141,10.9,,,,,,,,,,7cetznpb0tnu6kdz7bvm8gyxh,L. Piqué,,,,,,,,,,,,,,,,,,,,,,,,,,,,,,,,
2501044423,683,1,2,55,7,2uuh2bir8ktof0uxfo06lb4ox,1,89.7,87.5,2023-01-27T20:11:44.390Z,2023-01-27T20:11:47Z,3997206327,56,Left,3997206335,213,0.0,3997206333,212,8.6,3997206329,140,97.9,3997206331,141,88.0,,,,,,,,,,a339o11ut8s1o9odm6ybc4pka,T. van den Belt,,,,,,,,,,,,,,,,,,,,,,,,,,,,,,,,
2501044437,684,61,2,55,10,2uuh2bir8ktof0uxfo06lb4ox,0,97.9,88,2023-01-27T20:11:46.934Z,2023-01-27T20:11:50Z,3997206393,56,Left,,,,,,,,,,,,,,,,,,,,,,dse1rndtog4qn2mwv966vp6mt,B. van Hintum,,,,,,,,,,,,,,,,,,,,,,,,,,,,,,,,
2501044479,385,5,2,55,11,dnzj0iv5qtaemm9kthh9pos8q,1,-1.3,28.1,2023-01-27T20:11:47.611Z,2023-01-27T20:24:51Z,3997206623,56,Back,3997206625,346,,3997206643,233,685,,,,,,,,,,,,,,,,7cetznpb0tnu6kdz7bvm8gyxh,L. Piqué,,,,,,,,,,,,,,,,,,,,,,,,,,,,,,,,
2501044443,685,5,2,55,11,2uuh2bir8ktof0uxfo06lb4ox,0,101.3,71.9,2023-01-27T20:11:47.611Z,2023-01-27T20:11:51Z,3997206419,346,,3997206417,56,Center,3997206655,233,385,,,,,,,,,,,,,,,,dse1rndtog4qn2mwv966vp6mt,B. van Hintum,,,,,,,,,,,,,,,,,,,,,,,,,,,,,,,,
2501044779,386,1,2,55,37,dnzj0iv5qtaemm9kthh9pos8q,0,5.4,55.1,2023-01-27T20:12:14.343Z,2023-01-27T20:12:17Z,3997208285,74,,3997208275,140,62.5,3997208279,212,60.1,3997208271,124,,3997208277,141,50.0,3997208283,1,,3997208273,56,Center,3997208281,213,6.2,alzgg0nxnnex3nkzr6lgmt1ey,T. Jansen,,,,,,,,,,,,,,,,,,,,,,,,,,,,,,,,
2501044799,686,1,2,55,41,2uuh2bir8ktof0uxfo06lb4ox,0,47.9,48.5,2023-01-27T20:12:17.926Z,2023-01-27T20:12:18Z,3997208387,3,,3997208393,141,44.5,3997208397,213,5.3,3997208391,140,49.6,3997208395,212,3.3,3997208389,56,Back,,,,,,,1rd0zzpp3dn0y7qtxwc57g7h1,R. Thomas,,,,,,,,,,,,,,,,,,,,,,,,,,,,,,,,
2501044823,387,61,2,55,42,dnzj0iv5qtaemm9kthh9pos8q,1,55.3,49,2023-01-27T20:12:18.807Z,2023-01-27T20:12:22Z,3997208531,56,Center,,,,,,,,,,,,,,,,,,,,,,8uw9w30592omb8acpnssgdlh,R. Dekker,,,,,,,,,,,,,,,,,,,,,,,,,,,,,,,,
2501044809,687,49,2,55,43,2uuh2bir8ktof0uxfo06lb4ox,1,47.1,40.3,2023-01-27T20:12:19.605Z,2023-01-27T20:12:19Z,,,,,,,,,,,,,,,,,,,,,,,,,a339o11ut8s1o9odm6ybc4pka,T. van den Belt,,,,,,,,,,,,,,,,,,,,,,,,,,,,,,,,
2501044865,688,1,2,55,43,2uuh2bir8ktof0uxfo06lb4ox,1,47.1,40.3,2023-01-27T20:12:19.798Z,2023-01-27T20:12:23Z,3997208749,56,Right,3997208751,140,64.2,3997208759,212,27.0,3997208755,141,10.7,3997208761,213,5.4,,,,,,,,,,a339o11ut8s1o9odm6ybc4pka,T. van den Belt,,,,,,,,,,,,,,,,,,,,,,,,,,,,,,,,
2501044899,689,1,2,55,46,2uuh2bir8ktof0uxfo06lb4ox,1,66.6,9.5,2023-01-27T20:12:23.494Z,2023-01-27T20:12:27Z,3997208979,141,3.4,3997208981,212,12.5,3997208975,56,Right,3997208977,140,77.8,3997208983,213,5.9,,,,,,,,,,8fqnvz74z901a2h0kgk1zezje,L. Görlich,,,,,,,,,,,,,,,,,,,,,,,,,,,,,,,,
2501044925,690,1,2,55,50,2uuh2bir8ktof0uxfo06lb4ox,1,77.9,3.5,2023-01-27T20:12:26.870Z,2023-01-27T20:13:39Z,3997209123,56,Center,3997209127,140,85.3,3997213889,154,,3997209135,212,19.5,3997213887,210,15,3997209143,213,1.2,3997209131,141,29.8,,,,by85t8ssyumcjcks1jx3v96vo,Y. Taha,,,,,,1,,,,,,,,,,,,,,,,,,,,,,,,,,
2501044933,691,15,2,55,52,2uuh2bir8ktof0uxfo06lb4ox,1,86.8,33.6,2023-01-27T20:12:29.286Z,2023-01-27T20:13:39Z,3997213923,154,,3997209157,63,,3997213935,147,35.4,3997213559,82,,3997209155,22,,3997213937,230,99.3,3997213925,55,690,3997213933,146,88.0,a339o11ut8s1o9odm6ybc4pka,T. van den Belt,3997213939,231,3997213555,20,,,50,3997213921,29,3997213929,102,53.4,3997209159,56,3997213931,103,19,,Center,3997213919,76,,3997213569,233,388,,,,,,,
2501044951,388,10,2,55,52,dnzj0iv5qtaemm9kthh9pos8q,1,9.6,61.8,2023-01-27T20:12:29.386Z,2023-01-27T20:13:34Z,3997209237,94,,3997213613,233,691,3997209239,56,Back,,,,,,,,,,,,,,,,bquqyyfz4lj0xrerbhbtj1jze,Ö. Gündüz,,,,,,,,,,,,,,,,,,,,,,,,,,,,,,,,
2501045215,389,1,2,55,58,dnzj0iv5qtaemm9kthh9pos8q,0,2.1,93.8,2023-01-27T20:12:35.479Z,2023-01-27T20:12:51Z,3997210641,1,,3997210633,140,26.8,3997210637,212,26.5,3997210629,157,,3997210631,56,Back,3997210635,141,100.0,3997210639,213,0.2,,,,4zow18ykkg1gvw40r7jsrzkl,D. van der Sluys,,,,,,,,,,,,,,,,,,,,,,,,,,,,,,,,
2501045303,390,5,2,56,0,dnzj0iv5qtaemm9kthh9pos8q,0,27.2,101.6,2023-01-27T20:12:36.944Z,2023-01-27T20:24:52Z,3997211109,347,,3997255141,233,694,3997211107,56,Back,,,,,,,,,,,,,,,,4zow18ykkg1gvw40r7jsrzkl,D. van der Sluys,,,,,,,,,,,,,,,,,,,,,,,,,,,,,,,,
2501045139,694,5,2,56,0,2uuh2bir8ktof0uxfo06lb4ox,1,72.8,-1.6,2023-01-27T20:12:36.944Z,2023-01-27T20:24:51Z,3997210191,56,Right,3997210193,347,,3997255113,233,390,,,,,,,,,,,,,,,,1rd0zzpp3dn0y7qtxwc57g7h1,R. Thomas,,,,,,,,,,,,,,,,,,,,,,,,,,,,,,,,
2501045087,692,43,2,56,5,2uuh2bir8ktof0uxfo06lb4ox,1,0,0,2023-01-27T20:12:41.782Z,2023-01-27T20:12:57Z,3997211141,144,49,,,,,,,,,,,,,,,,,,,,,,1rd0zzpp3dn0y7qtxwc57g7h1,R. Thomas,,,,,,,,,,,,,,,,,,,,,,,,,,,,,,,,
2501045133,693,43,2,56,5,2uuh2bir8ktof0uxfo06lb4ox,1,0,0,2023-01-27T20:12:42.166Z,2023-01-27T20:12:48Z,3997210159,212,18.0,3997210155,140,71.9,3997210161,213,5.9,3997210153,56,Right,3997210379,144,1,3997210157,141,0.0,,,,,,,1rd0zzpp3dn0y7qtxwc57g7h1,R. Thomas,,,,,,,,,,,,,,,,,,,,,,,,,,,,,,,,
2501045261,695,1,2,56,14,2uuh2bir8ktof0uxfo06lb4ox,1,71.9,0,2023-01-27T20:12:51.109Z,2023-01-27T20:12:54Z,3997210873,213,2.0,3997210869,141,48.2,3997210865,56,Center,3997210871,212,38.0,3997210863,107,,3997210875,1,,3997210867,140,55.3,,,,8fqnvz74z901a2h0kgk1zezje,L. Görlich,,,,,,,,,,,,,,,,,,,,,,,,,,,,,,,,
2501045279,696,1,2,56,17,2uuh2bir8ktof0uxfo06lb4ox,0,58.5,56.4,2023-01-27T20:12:54.437Z,2023-01-27T20:12:55Z,3997210965,141,84.5,3997210953,56,Left,3997210969,212,24.8,3997210973,213,0.9,3997210959,140,73.6,,,,,,,,,,idvh0ac1f8wv39640pyl4esp,S. Kersten,,,,,,,,,,,,,,,,,,,,,,,,,,,,,,,,
2501045337,391,8,2,56,22,dnzj0iv5qtaemm9kthh9pos8q,1,17.8,12,2023-01-27T20:12:59.238Z,2023-01-27T20:12:59Z,3997211271,56,Back,,,,,,,,,,,,,,,,,,,,,,dcdvet7azx1a59xm2ke7qi2cq,I. Pata,,,,,,,,,,,,,,,,,,,,,,,,,,,,,,,,
2501045381,697,8,2,56,26,2uuh2bir8ktof0uxfo06lb4ox,1,42.1,81.7,2023-01-27T20:13:02.822Z,2023-01-27T20:13:02Z,3997211473,56,Back,,,,,,,,,,,,,,,,,,,,,,idvh0ac1f8wv39640pyl4esp,S. Kersten,,,,,,,,,,,,,,,,,,,,,,,,,,,,,,,,
2501045565,392,5,2,56,27,dnzj0iv5qtaemm9kthh9pos8q,1,64,-1.7,2023-01-27T20:13:04.421Z,2023-01-27T20:24:52Z,3997212433,347,,3997212457,233,698,3997212429,56,Right,,,,,,,,,,,,,,,,f1as17wqpj44gihtvw936lofd,B. van Hoeven,,,,,,,,,,,,,,,,,,,,,,,,,,,,,,,,
2501045413,698,5,2,56,27,2uuh2bir8ktof0uxfo06lb4ox,0,36,101.7,2023-01-27T20:13:04.421Z,2023-01-27T20:13:19Z,3997211627,56,Back,3997212475,233,392,3997211629,347,,,,,,,,,,,,,,,,,idvh0ac1f8wv39640pyl4esp,S. Kersten,,,,,,,,,,,,,,,,,,,,,,,,,,,,,,,,
2501045607,393,1,2,56,41,dnzj0iv5qtaemm9kthh9pos8q,0,56.6,0,2023-01-27T20:13:18.358Z,2023-01-27T20:13:20Z,3997212639,212,26.7,3997212635,140,76.8,3997212641,213,0.7,3997212633,56,Center,3997212637,141,22.4,3997212643,1,,3997212631,107,,,,,dcdvet7azx1a59xm2ke7qi2cq,I. Pata,,,,,,,,,,,,,,,,,,,,,,,,,,,,,,,,
2501046523,710,8,2,56,44,2uuh2bir8ktof0uxfo06lb4ox,1,27.2,83.9,2023-01-27T20:13:21.502Z,2023-01-27T20:14:38Z,3997217487,56,Back,,,,,,,,,,,,,,,,,,,,,,1rd0zzpp3dn0y7qtxwc57g7h1,R. Thomas,,,,,,,,,,,,,,,,,,,,,,,,,,,,,,,,
2501045641,699,49,2,56,46,2uuh2bir8ktof0uxfo06lb4ox,1,34.3,79,2023-01-27T20:13:23.205Z,2023-01-27T20:15:16Z,,,,,,,,,,,,,,,,,,,,,,,,,29s8wk0a2m66rebsfx1jfuuh,D. van den Berg,,,,,,,,,,,,,,,,,,,,,,,,,,,,,,,,
2501046747,711,1,2,56,46,2uuh2bir8ktof0uxfo06lb4ox,1,34,80.3,2023-01-27T20:13:23.380Z,2023-01-27T20:15:14Z,3997218597,140,31.2,3997218601,141,83.6,3997220361,156,,3997218593,56,Back,3997218605,212,3.7,3997218609,213,2.5,,,,,,,29s8wk0a2m66rebsfx1jfuuh,D. van den Berg,,,,,,,,,,,,,,,,,,,,,,,,,,,,,,,,
2501045661,700,3,2,56,46,2uuh2bir8ktof0uxfo06lb4ox,0,35.2,80.7,2023-01-27T20:13:23.464Z,2023-01-27T20:13:26Z,3997213003,233,394,3997212875,286,,3997212873,56,Back,,,,,,,,,,,,,,,,1rd0zzpp3dn0y7qtxwc57g7h1,R. Thomas,,,,,,,,,,,,,,,,,,,,,,,,,,,,,,,,
2501045677,394,7,2,56,46,dnzj0iv5qtaemm9kthh9pos8q,1,64.8,19.3,2023-01-27T20:13:23.465Z,2023-01-27T20:13:26Z,3997212959,233,700,3997212933,285,,3997212931,56,Right,,,,,,,,,,,,,,,,dcdvet7azx1a59xm2ke7qi2cq,I. Pata,,,,,,,,,,,,,,,,,,,,,,,,,,,,,,,,
2501045683,395,49,2,56,49,dnzj0iv5qtaemm9kthh9pos8q,1,70.4,16.5,2023-01-27T20:13:25.976Z,2023-01-27T20:13:26Z,,,,,,,,,,,,,,,,,,,,,,,,,bquqyyfz4lj0xrerbhbtj1jze,Ö. Gündüz,,,,,,,,,,,,,,,,,,,,,,,,,,,,,,,,
2501045697,701,43,2,56,50,2uuh2bir8ktof0uxfo06lb4ox,1,0,0,2023-01-27T20:13:27.157Z,2023-01-27T20:15:43Z,3997213025,56,Back,3997222087,144,8,,,,,,,,,,,,,,,,,,,by85t8ssyumcjcks1jx3v96vo,Y. Taha,,,,,,,,,,,,,,,,,,,,,,,,,,,,,,,,
2501045713,396,1,2,56,50,dnzj0iv5qtaemm9kthh9pos8q,0,69.1,14.9,2023-01-27T20:13:27.462Z,2023-01-27T20:13:28Z,3997213085,141,34.5,3997213089,212,13.4,3997213091,213,1.7,3997213077,56,Center,3997213081,140,67.8,,,,,,,,,,bquqyyfz4lj0xrerbhbtj1jze,Ö. Gündüz,,,,,,,,,,,,,,,,,,,,,,,,,,,,,,,,
2501045743,397,1,2,56,52,dnzj0iv5qtaemm9kthh9pos8q,1,71,23.9,2023-01-27T20:13:29.446Z,2023-01-27T20:13:30Z,3997213255,212,21.4,3997213261,213,2.3,3997213249,140,56.7,3997213245,56,Center,3997213251,141,46.4,,,,,,,,,,b950jt347chmq9whlkgl6fxpm,K. Leidsman,,,,,,,,,,,,,,,,,,,,,,,,,,,,,,,,
2501045789,398,1,2,56,53,dnzj0iv5qtaemm9kthh9pos8q,1,57.5,49.4,2023-01-27T20:13:30.486Z,2023-01-27T20:13:34Z,3997213515,212,31.8,3997213513,141,95.3,3997213517,213,1.4,3997213509,56,Left,3997213511,140,63.1,,,,,,,,,,dh3ksith5iat573zuhdhv91w5,R. Stuy van den Herik,,,,,,,,,,,,,,,,,,,,,,,,,,,,,,,,
2501045821,399,1,2,56,57,dnzj0iv5qtaemm9kthh9pos8q,1,61.7,95.7,2023-01-27T20:13:34.038Z,2023-01-27T20:13:35Z,3997213687,140,56.3,3997213693,213,4.2,3997213685,56,Left,3997213689,141,80.2,3997213691,212,12.0,,,,,,,,,,4zow18ykkg1gvw40r7jsrzkl,D. van der Sluys,,,,,,,,,,,,,,,,,,,,,,,,,,,,,,,,
2501045857,400,1,2,56,59,dnzj0iv5qtaemm9kthh9pos8q,1,56.2,80,2023-01-27T20:13:35.702Z,2023-01-27T20:13:38Z,3997213837,141,75.3,3997213831,56,Back,3997213841,212,17.2,3997213845,213,3.3,3997213835,140,40.1,,,,,,,,,,dh3ksith5iat573zuhdhv91w5,R. Stuy van den Herik,,,,,,,,,,,,,,,,,,,,,,,,,,,,,,,,
2501045893,401,1,2,57,1,dnzj0iv5qtaemm9kthh9pos8q,1,40.2,74.5,2023-01-27T20:13:38.470Z,2023-01-27T20:13:42Z,3997214027,212,24.2,3997214021,56,Back,3997214023,140,22.1,3997214029,213,3.8,3997214025,141,52.4,,,,,,,,,,1jn9jog8ou8uxnmypneksizxm,R. van Eijma,,,,,,,,,,,,,,,,,,,,,,,,,,,,,,,,
2501045901,402,1,2,57,5,dnzj0iv5qtaemm9kthh9pos8q,0,21.8,50.3,2023-01-27T20:13:42.007Z,2023-01-27T20:13:43Z,3997214075,141,67.2,3997214079,213,0.5,3997214071,56,Back,3997214077,212,23.2,3997214073,140,41.0,3997214069,157,,3997214081,1,,,,,alzgg0nxnnex3nkzr6lgmt1ey,T. Jansen,,,,,,,,,,,,,,,,,,,,,,,,,,,,,,,,
2501045897,702,49,2,57,5,2uuh2bir8ktof0uxfo06lb4ox,1,60.6,21.6,2023-01-27T20:13:42.182Z,2023-01-27T20:13:42Z,,,,,,,,,,,,,,,,,,,,,,,,,by85t8ssyumcjcks1jx3v96vo,Y. Taha,,,,,,,,,,,,,,,,,,,,,,,,,,,,,,,,
2501045957,703,1,2,57,9,2uuh2bir8ktof0uxfo06lb4ox,1,72.2,31.6,2023-01-27T20:13:45.557Z,2023-01-27T20:14:01Z,3997214349,212,28.8,3997214345,140,89.3,3997215213,210,15,3997214351,213,0.9,3997215215,154,,3997214343,56,Center,3997214347,141,64.8,,,,by85t8ssyumcjcks1jx3v96vo,Y. Taha,,,,,,1,,,,,,,,,,,,,,,,,,,,,,,,,,
2501045959,704,15,2,57,10,2uuh2bir8ktof0uxfo06lb4ox,1,90.6,57.7,2023-01-27T20:13:47.446Z,2023-01-27T20:14:01Z,3997215249,55,703,3997214663,20,,3997215257,328,,3997215253,102,47.2,3997214665,17,,3997215261,147,49.5,3997214375,56,Center,3997215255,103,3.2,29s8wk0a2m66rebsfx1jfuuh,D. van den Berg,3997214371,22,3997215245,29,,,,3997215243,80,3997215267,233,404,3997215247,154,3997215259,146,99.5,,,,,,,,,,,,,,,
2501046011,404,10,2,57,11,dnzj0iv5qtaemm9kthh9pos8q,1,2.2,51.6,2023-01-27T20:13:47.546Z,2023-01-27T20:13:54Z,3997214777,233,704,3997214723,56,Back,3997214719,179,,3997214721,182,,3997214717,177,,,,,,,,,,,alzgg0nxnnex3nkzr6lgmt1ey,T. Jansen,,,,,,,,,,,,,,,,,,,,,,,,,,,,,,,,
2501046007,403,52,2,57,14,dnzj0iv5qtaemm9kthh9pos8q,1,2.2,51.6,2023-01-27T20:13:50.656Z,2023-01-27T20:13:53Z,,,,,,,,,,,,,,,,,,,,,,,,,alzgg0nxnnex3nkzr6lgmt1ey,T. Jansen,,,,,,,,,,,,,,,,,,,,,,,,,,,,,,,,
2501046239,405,1,2,57,30,dnzj0iv5qtaemm9kthh9pos8q,0,14.2,48.8,2023-01-27T20:14:07.110Z,2023-01-27T20:14:10Z,3997215861,213,0.1,3997215945,1,,3997215859,212,53.7,3997215855,140,65.2,3997215851,199,,3997215857,141,55.5,3997215853,56,Center,,,,alzgg0nxnnex3nkzr6lgmt1ey,T. Jansen,,,,,,,,,,,,,,,,,,,,,,,,,,,,,,,,
2501046275,705,1,2,57,34,2uuh2bir8ktof0uxfo06lb4ox,0,25.6,48.2,2023-01-27T20:14:10.757Z,2023-01-27T20:14:11Z,3997216051,56,Back,3997216049,3,,3997216057,212,17.4,3997216053,140,42.1,3997216055,141,45.4,3997216059,213,6.2,,,,,,,dmrznrol8qp7yk53r6ajhnkt0,T. Beelen,,,,,,,,,,,,,,,,,,,,,,,,,,,,,,,,
2501046301,406,1,2,57,35,dnzj0iv5qtaemm9kthh9pos8q,0,58.1,54.9,2023-01-27T20:14:12.511Z,2023-01-27T20:16:04Z,3997216187,1,,3997216179,140,78.5,3997216181,141,38.0,3997216175,157,,3997216185,213,5.8,3997216177,56,Center,3997216183,212,24.3,,,,dh3ksith5iat573zuhdhv91w5,R. Stuy van den Herik,,,,,,,,,,,,,,,,,,,,,,,,,,,,,,,,
2501046315,706,1,2,57,36,2uuh2bir8ktof0uxfo06lb4ox,1,23.1,54.9,2023-01-27T20:14:13.508Z,2023-01-27T20:14:15Z,3997216281,140,31.7,3997216279,56,Back,3997216287,213,1.0,3997216277,3,,3997216283,141,75.1,3997216285,212,16.4,,,,,,,dse1rndtog4qn2mwv966vp6mt,B. van Hintum,,,,,,,,,,,,,,,,,,,,,,,,,,,,,,,,
2501046319,707,49,2,57,38,2uuh2bir8ktof0uxfo06lb4ox,1,31.7,75.6,2023-01-27T20:14:15.509Z,2023-01-27T20:14:15Z,,,,,,,,,,,,,,,,,,,,,,,,,csecbdlw3sxstnebpiw91ezxm,S. Lagsir,,,,,,,,,,,,,,,,,,,,,,,,,,,,,,,,
2501046395,708,3,2,57,40,2uuh2bir8ktof0uxfo06lb4ox,0,30.6,84.8,2023-01-27T20:14:16.725Z,2023-01-27T20:14:35Z,3997216693,56,Back,3997216695,285,,3997217707,233,407,,,,,,,,,,,,,,,,csecbdlw3sxstnebpiw91ezxm,S. Lagsir,,,,,,,,,,,,,,,,,,,,,,,,,,,,,,,,
2501046509,407,7,2,57,40,dnzj0iv5qtaemm9kthh9pos8q,1,69.4,15.2,2023-01-27T20:14:16.726Z,2023-01-27T20:14:35Z,3997217365,56,Right,3997217703,233,708,3997217367,286,,,,,,,,,,,,,,,,,dcdvet7azx1a59xm2ke7qi2cq,I. Pata,,,,,,,,,,,,,,,,,,,,,,,,,,,,,,,,
2501046515,408,4,2,57,47,dnzj0iv5qtaemm9kthh9pos8q,1,68.5,6.8,2023-01-27T20:14:24.259Z,2023-01-27T20:14:32Z,3997217397,56,Right,3997217453,233,709,3997217401,286,,3997217393,13,,3997217395,295,,3997217399,152,,,,,,,,dcdvet7azx1a59xm2ke7qi2cq,I. Pata,,,,,,,,,,,,,,,,,,,,,,,,,,,,,,,,
2501046437,709,4,2,57,47,2uuh2bir8ktof0uxfo06lb4ox,0,31.5,93.2,2023-01-27T20:14:24.260Z,2023-01-27T20:16:01Z,3997216939,56,Back,3997216945,285,,3997217485,233,408,3997223269,295,,3997216941,152,,3997216937,13,,,,,,,,csecbdlw3sxstnebpiw91ezxm,S. Lagsir,,,,,,,,,,,,,,,,,,,,,,,,,,,,,,,,
2501046785,409,1,2,58,12,dnzj0iv5qtaemm9kthh9pos8q,0,71,4.9,2023-01-27T20:14:49.367Z,2023-01-27T20:14:50Z,3997218801,155,,3997218813,213,1.2,3997218807,140,85.8,3997218811,212,41.8,3997218803,152,,3997218799,5,,3997218815,1,,3997218809,141,62.0,f1as17wqpj44gihtvw936lofd,B. van Hoeven,3997218805,56,,,,,Center,,,,,,,,,,,,,,,,,,,,,,,,,
2501046801,712,1,2,58,13,2uuh2bir8ktof0uxfo06lb4ox,1,15.6,32.5,2023-01-27T20:14:50.245Z,2023-01-27T20:14:51Z,3997218909,212,9.7,3997218905,140,14.5,3997218907,141,46.7,3997218901,3,,3997218903,56,Back,3997218911,213,1.7,,,,,,,dmrznrol8qp7yk53r6ajhnkt0,T. Beelen,,,,,,,,,,,,,,,,,,,,,,,,,,,,,,,,
2501046823,713,1,2,58,15,2uuh2bir8ktof0uxfo06lb4ox,1,14.5,46.7,2023-01-27T20:14:51.525Z,2023-01-27T20:14:53Z,3997219035,212,6.6,3997219039,213,4.6,3997219027,3,,3997219029,56,Back,3997219031,140,13.8,3997219033,141,37.1,,,,,,,dse1rndtog4qn2mwv966vp6mt,B. van Hintum,,,,,,,,,,,,,,,,,,,,,,,,,,,,,,,,
2501046835,714,1,2,58,16,2uuh2bir8ktof0uxfo06lb4ox,0,13.8,37.1,2023-01-27T20:14:53.316Z,2023-01-27T20:14:54Z,3997219131,213,0.8,3997219129,212,19.6,3997219125,140,26.9,3997219123,56,Back,3997219121,3,,3997219127,141,57.6,,,,,,,dmrznrol8qp7yk53r6ajhnkt0,T. Beelen,,,,,,,,,,,,,,,,,,,,,,,,,,,,,,,,
2501046865,410,15,2,58,20,dnzj0iv5qtaemm9kthh9pos8q,1,77.6,40.6,2023-01-27T20:14:57.157Z,2023-01-27T20:15:17Z,3997220191,230,97.8,3997219893,82,,3997220187,146,81.5,3997219285,56,Center,3997220185,458,,3997219889,20,,3997220179,215,,3997219283,18,,7cetznpb0tnu6kdz7bvm8gyxh,L. Piqué,3997219959,233,3997220177,103,19,,715,3997220173,78,3997220193,231,49.5,3997220189,147,3997219281,22,,,45.1,3997220175,102,48.5,,,,,,,,,,
2501046881,715,10,2,58,20,2uuh2bir8ktof0uxfo06lb4ox,1,22.9,57.9,2023-01-27T20:14:57.257Z,2023-01-27T20:15:09Z,3997219347,94,,3997219977,233,410,3997219349,56,Back,,,,,,,,,,,,,,,,1rd0zzpp3dn0y7qtxwc57g7h1,R. Thomas,,,,,,,,,,,,,,,,,,,,,,,,,,,,,,,,
2501046911,716,49,2,58,24,2uuh2bir8ktof0uxfo06lb4ox,1,2.2,82.6,2023-01-27T20:15:00.773Z,2023-01-27T20:15:08Z,,,,,,,,,,,,,,,,,,,,,,,,,cetavjue5femoxid9fmcd0zjd,J. Schendelaar,,,,,,,,,,,,,,,,,,,,,,,,,,,,,,,,
2501046967,717,1,2,58,25,2uuh2bir8ktof0uxfo06lb4ox,0,3,86.2,2023-01-27T20:15:02.134Z,2023-01-27T20:15:06Z,3997219789,1,,3997219785,212,44.0,3997219771,157,,3997219777,140,43.8,3997219787,213,0.2,3997219773,56,Back,3997219781,141,100.0,,,,cetavjue5femoxid9fmcd0zjd,J. Schendelaar,,,,,,,,,,,,,,,,,,,,,,,,,,,,,,,,
2501046997,411,5,2,58,28,dnzj0iv5qtaemm9kthh9pos8q,1,57.4,-1,2023-01-27T20:15:05.389Z,2023-01-27T20:24:52Z,3997219885,56,Right,3997219887,347,,3997219947,233,718,,,,,,,,,,,,,,,,7cetznpb0tnu6kdz7bvm8gyxh,L. Piqué,,,,,,,,,,,,,,,,,,,,,,,,,,,,,,,,
2501046975,718,5,2,58,28,2uuh2bir8ktof0uxfo06lb4ox,0,42.6,101,2023-01-27T20:15:05.389Z,2023-01-27T20:15:09Z,3997219803,347,,3997219975,233,411,3997219799,56,Back,,,,,,,,,,,,,,,,cetavjue5femoxid9fmcd0zjd,J. Schendelaar,,,,,,,,,,,,,,,,,,,,,,,,,,,,,,,,
2501047263,412,1,2,58,51,dnzj0iv5qtaemm9kthh9pos8q,1,69.2,0,2023-01-27T20:15:27.973Z,2023-01-27T20:15:32Z,3997221449,1,,3997221445,212,28.1,3997221443,141,24.3,3997221437,107,,3997221447,213,2.5,3997221439,56,Back,3997221441,140,48.1,,,,dcdvet7azx1a59xm2ke7qi2cq,I. Pata,,,,,,,,,,,,,,,,,,,,,,,,,,,,,,,,
2501047299,413,1,2,58,55,dnzj0iv5qtaemm9kthh9pos8q,1,47.5,26.7,2023-01-27T20:15:32.405Z,2023-01-27T20:15:35Z,3997221613,212,31.7,3997221607,56,Center,3997221611,141,72.7,3997221615,213,1.4,3997221609,140,52.2,,,,,,,,,,1jn9jog8ou8uxnmypneksizxm,R. van Eijma,,,,,,,,,,,,,,,,,,,,,,,,,,,,,,,,
2501047417,414,1,2,58,58,dnzj0iv5qtaemm9kthh9pos8q,1,52.3,69,2023-01-27T20:15:35.125Z,2023-01-27T20:15:46Z,3997222245,213,0.9,3997222243,212,22.5,3997222237,56,Left,3997222241,141,94.4,3997222239,140,66.1,,,,,,,,,,4zow18ykkg1gvw40r7jsrzkl,D. van der Sluys,,,,,,,,,,,,,,,,,,,,,,,,,,,,,,,,
2501047425,415,50,2,59,9,dnzj0iv5qtaemm9kthh9pos8q,1,95.8,71.2,2023-01-27T20:15:45.890Z,2023-01-27T20:15:48Z,3997222325,233,719,3997222281,286,,3997222279,56,Center,,,,,,,,,,,,,,,,1mroid71v9bwpx0iaospei9gq,R. Margaret,,,,,,,,,,,,,,,,,,,,,,,,,,,,,,,,
2501047429,719,7,2,59,9,2uuh2bir8ktof0uxfo06lb4ox,1,4.2,28.8,2023-01-27T20:15:45.891Z,2023-01-27T20:15:47Z,3997222317,233,415,3997222297,56,Back,3997222295,167,,3997222299,285,,,,,,,,,,,,,,by85t8ssyumcjcks1jx3v96vo,Y. Taha,,,,,,,,,,,,,,,,,,,,,,,,,,,,,,,,
2501047443,416,6,2,59,10,dnzj0iv5qtaemm9kthh9pos8q,1,98.4,72.6,2023-01-27T20:15:46.708Z,2023-01-27T20:55:08Z,3997222355,73,,3997222353,56,Center,3997222403,233,720,,,,,,,,,,,,,,,,1mroid71v9bwpx0iaospei9gq,R. Margaret,,,,,,,,,,,,,,,,,,,,,,,,,,,,,,,,
2501047433,720,6,2,59,10,2uuh2bir8ktof0uxfo06lb4ox,0,1.6,27.4,2023-01-27T20:15:46.708Z,2023-01-27T20:15:49Z,3997222415,233,416,3997222315,73,,3997222313,56,Back,,,,,,,,,,,,,,,,by85t8ssyumcjcks1jx3v96vo,Y. Taha,,,,,,,,,,,,,,,,,,,,,,,,,,,,,,,,
2501047811,417,1,2,59,35,dnzj0iv5qtaemm9kthh9pos8q,1,99.5,99.5,2023-01-27T20:16:11.525Z,2023-01-27T20:16:34Z,3997224235,1,,3997225381,210,13,3997224227,140,91.3,3997224217,2,,3997224223,225,,3997224233,213,4.5,3997224225,56,Center,3997224221,155,,4zow18ykkg1gvw40r7jsrzkl,D. van der Sluys,3997225383,154,3997224229,141,50.9,1,,3997224219,6,3997224231,212,34.2,,,,,,,,,,,,,,,,,,,,
2501047837,418,43,2,59,39,dnzj0iv5qtaemm9kthh9pos8q,1,0,0,2023-01-27T20:16:16.405Z,2023-01-27T20:16:36Z,3997224337,286,0,3997225491,144,44,3997224335,56,Center,,,,,,,,,,,,,,,,1jn9jog8ou8uxnmypneksizxm,R. van Eijma,,,,,,,,,,,,,,,,,,,,,,,,,,,,,,,,
2501047843,419,13,2,59,40,dnzj0iv5qtaemm9kthh9pos8q,1,91.3,51,2023-01-27T20:16:16.981Z,2023-01-27T20:16:35Z,3997225403,55,417,3997225411,230,98.5,3997224365,56,Center,3997225397,75,,3997224739,328,,3997225407,102,40,3997224363,17,,3997225401,154,,1jn9jog8ou8uxnmypneksizxm,R. van Eijma,3997225413,231,3997224735,15,,,50.9,3997225409,103,3997225399,29,,3997224733,25,,,,9.7,,,,,,,,,,,,,,
2501048071,420,5,2,59,41,dnzj0iv5qtaemm9kthh9pos8q,0,100.9,42,2023-01-27T20:16:18.053Z,2023-01-27T20:24:52Z,3997225611,56,Center,3997225937,233,721,3997225613,346,,,,,,,,,,,,,,,,,1jn9jog8ou8uxnmypneksizxm,R. van Eijma,,,,,,,,,,,,,,,,,,,,,,,,,,,,,,,,
2501047835,721,5,2,59,41,2uuh2bir8ktof0uxfo06lb4ox,1,-0.9,58,2023-01-27T20:16:18.053Z,2023-01-27T20:16:43Z,3997224321,56,Back,3997225897,233,420,3997224323,346,,,,,,,,,,,,,,,,,idvh0ac1f8wv39640pyl4esp,S. Kersten,,,,,,,,,,,,,,,,,,,,,,,,,,,,,,,,
2501048245,722,1,2,60,10,2uuh2bir8ktof0uxfo06lb4ox,1,4.3,45.5,2023-01-27T20:16:46.949Z,2023-01-27T20:16:58Z,3997226497,212,59.0,3997226491,56,Center,3997226493,140,60.5,3997226489,124,,3997226501,1,,3997226499,213,6.2,3997226495,141,42.5,3997226503,74,,cetavjue5femoxid9fmcd0zjd,J. Schendelaar,,,,,,,,,,,,,,,,,,,,,,,,,,,,,,,,
2501048287,723,4,2,60,17,2uuh2bir8ktof0uxfo06lb4ox,1,64.6,46,2023-01-27T20:16:54.389Z,2023-01-27T20:16:57Z,3997226757,13,,3997226765,286,,3997226761,56,Center,3997226763,152,,3997226759,294,,3997226799,233,421,,,,,,,2esbyi3i7rtsdkxe6a917rsnp,L. Thy,,,,,,,,,,,,,,,,,,,,,,,,,,,,,,,,
2501048293,421,4,2,60,17,dnzj0iv5qtaemm9kthh9pos8q,0,35.4,54,2023-01-27T20:16:54.390Z,2023-01-27T20:16:57Z,3997226783,285,,3997226777,294,,3997226821,233,723,3997226775,13,,3997226781,152,,3997226779,56,Back,,,,,,,1jn9jog8ou8uxnmypneksizxm,R. van Eijma,,,,,,,,,,,,,,,,,,,,,,,,,,,,,,,,
2501048329,724,1,2,60,23,2uuh2bir8ktof0uxfo06lb4ox,1,64.4,42.4,2023-01-27T20:17:00.067Z,2023-01-27T20:17:02Z,3997226989,141,25.5,3997226985,56,Center,3997226987,140,61.2,3997226993,213,4.4,3997226981,5,,3997226991,212,12.0,3997226983,152,,,,,a339o11ut8s1o9odm6ybc4pka,T. van den Belt,,,,,,,,,,,,,,,,,,,,,,,,,,,,,,,,
2501048341,725,1,2,60,26,2uuh2bir8ktof0uxfo06lb4ox,1,61.2,25.6,2023-01-27T20:17:02.628Z,2023-01-27T20:17:04Z,3997227069,213,1.0,3997227065,212,10.6,3997227053,56,Center,3997227061,141,38.8,3997227057,140,66.5,,,,,,,,,,idvh0ac1f8wv39640pyl4esp,S. Kersten,,,,,,,,,,,,,,,,,,,,,,,,,,,,,,,,
2501048361,726,1,2,60,27,2uuh2bir8ktof0uxfo06lb4ox,0,66.5,38.8,2023-01-27T20:17:04.003Z,2023-01-27T20:17:05Z,3997227161,213,5.1,3997227157,141,20.9,3997227155,140,71.9,3997227159,212,13.4,3997227153,56,Right,,,,,,,,,,a339o11ut8s1o9odm6ybc4pka,T. van den Belt,,,,,,,,,,,,,,,,,,,,,,,,,,,,,,,,
2501048403,422,1,2,60,29,dnzj0iv5qtaemm9kthh9pos8q,0,20.1,80.3,2023-01-27T20:17:05.653Z,2023-01-27T20:17:08Z,3997227359,141,85.1,3997227355,140,41.3,3997227363,213,0.1,3997227351,56,Back,3997227361,212,22.5,,,,,,,,,,4zow18ykkg1gvw40r7jsrzkl,D. van der Sluys,,,,,,,,,,,,,,,,,,,,,,,,,,,,,,,,
2501048413,727,1,2,60,32,2uuh2bir8ktof0uxfo06lb4ox,0,63.2,9.5,2023-01-27T20:17:09.123Z,2023-01-27T20:17:09Z,3997227457,213,4.3,3997227449,56,Right,3997227451,140,59.6,3997227459,1,,3997227455,212,8.7,3997227447,157,,3997227453,141,0.0,,,,idvh0ac1f8wv39640pyl4esp,S. Kersten,,,,,,,,,,,,,,,,,,,,,,,,,,,,,,,,
2501048507,423,5,2,60,32,dnzj0iv5qtaemm9kthh9pos8q,1,41.1,101.6,2023-01-27T20:17:09.470Z,2023-01-27T20:24:53Z,3997227951,233,728,3997227931,56,Back,3997227933,347,,,,,,,,,,,,,,,,,4zow18ykkg1gvw40r7jsrzkl,D. van der Sluys,,,,,,,,,,,,,,,,,,,,,,,,,,,,,,,,
2501048419,728,5,2,60,32,2uuh2bir8ktof0uxfo06lb4ox,0,58.9,-1.6,2023-01-27T20:17:09.470Z,2023-01-27T20:17:17Z,3997227485,56,Right,3997227965,233,423,3997227487,347,,,,,,,,,,,,,,,,,idvh0ac1f8wv39640pyl4esp,S. Kersten,,,,,,,,,,,,,,,,,,,,,,,,,,,,,,,,
2501048537,424,1,2,60,40,dnzj0iv5qtaemm9kthh9pos8q,1,41.8,100,2023-01-27T20:17:17.316Z,2023-01-27T20:17:30Z,3997228091,56,Back,3997228089,107,,3997228097,212,12.9,3997228093,140,34.9,3997228099,213,4.1,3997228095,141,85.4,,,,,,,4zow18ykkg1gvw40r7jsrzkl,D. van der Sluys,,,,,,,,,,,,,,,,,,,,,,,,,,,,,,,,
2501048551,425,1,2,60,42,dnzj0iv5qtaemm9kthh9pos8q,0,34.9,85.4,2023-01-27T20:17:19.510Z,2023-01-27T20:17:21Z,3997228189,140,62.6,3997228185,157,,3997228195,213,5.3,3997228197,1,,3997228191,141,20.3,3997228187,56,Right,3997228193,212,53.0,,,,1jn9jog8ou8uxnmypneksizxm,R. van Eijma,,,,,,,,,,,,,,,,,,,,,,,,,,,,,,,,
2501048553,729,8,2,60,44,2uuh2bir8ktof0uxfo06lb4ox,1,37.6,75.7,2023-01-27T20:17:21.252Z,2023-01-27T20:17:22Z,3997228217,15,,3997228199,56,Back,,,,,,,,,,,,,,,,,,,dse1rndtog4qn2mwv966vp6mt,B. van Hintum,,,,,,,,,,,,,,,,,,,,,,,,,,,,,,,,
2501048667,426,5,2,60,47,dnzj0iv5qtaemm9kthh9pos8q,1,70.4,-1.6,2023-01-27T20:17:24.419Z,2023-01-27T20:24:53Z,3997228753,347,,3997228751,56,Right,3997228767,233,730,,,,,,,,,,,,,,,,1jn9jog8ou8uxnmypneksizxm,R. van Eijma,,,,,,,,,,,,,,,,,,,,,,,,,,,,,,,,
2501048583,730,5,2,60,47,2uuh2bir8ktof0uxfo06lb4ox,0,29.6,101.6,2023-01-27T20:17:24.419Z,2023-01-27T20:17:30Z,3997228361,347,,3997228775,233,426,3997228359,56,Back,,,,,,,,,,,,,,,,dse1rndtog4qn2mwv966vp6mt,B. van Hintum,,,,,,,,,,,,,,,,,,,,,,,,,,,,,,,,
2501048779,427,1,2,61,4,dnzj0iv5qtaemm9kthh9pos8q,0,76.8,0,2023-01-27T20:17:40.516Z,2023-01-27T20:17:42Z,3997229369,56,Right,3997229375,212,10.5,3997229373,141,10.9,3997229377,213,0.9,3997229367,107,,3997229371,140,83.1,,,,,,,dcdvet7azx1a59xm2ke7qi2cq,I. Pata,,,,,,,,,,,,,,,,,,,,,,,,,,,,,,,,
2501048781,731,8,2,61,6,2uuh2bir8ktof0uxfo06lb4ox,1,15.8,90.8,2023-01-27T20:17:42.515Z,2023-01-27T20:17:42Z,3997229379,56,Back,,,,,,,,,,,,,,,,,,,,,,1rd0zzpp3dn0y7qtxwc57g7h1,R. Thomas,,,,,,,,,,,,,,,,,,,,,,,,,,,,,,,,
2501048785,732,49,2,61,6,2uuh2bir8ktof0uxfo06lb4ox,1,15.8,90.8,2023-01-27T20:17:43.250Z,2023-01-27T20:17:43Z,,,,,,,,,,,,,,,,,,,,,,,,,1rd0zzpp3dn0y7qtxwc57g7h1,R. Thomas,,,,,,,,,,,,,,,,,,,,,,,,,,,,,,,,
2501048861,733,1,2,61,7,2uuh2bir8ktof0uxfo06lb4ox,1,15.8,90.8,2023-01-27T20:17:43.843Z,2023-01-27T20:17:47Z,3997229771,213,6.1,3997229767,141,85.9,3997229763,56,Back,3997229769,212,18.9,3997229765,140,33.5,,,,,,,,,,1rd0zzpp3dn0y7qtxwc57g7h1,R. Thomas,,,,,,,,,,,,,,,,,,,,,,,,,,,,,,,,
2501048867,734,61,2,61,10,2uuh2bir8ktof0uxfo06lb4ox,0,33.5,85.9,2023-01-27T20:17:47.507Z,2023-01-27T20:17:47Z,3997229795,56,Back,,,,,,,,,,,,,,,,,,,,,,2esbyi3i7rtsdkxe6a917rsnp,L. Thy,,,,,,,,,,,,,,,,,,,,,,,,,,,,,,,,
2501048875,428,1,2,61,11,dnzj0iv5qtaemm9kthh9pos8q,0,59.8,25.6,2023-01-27T20:17:48.246Z,2023-01-27T20:17:49Z,3997229827,157,,3997229839,1,,3997229835,212,19.4,3997229833,141,24.9,3997229831,140,78.3,3997229837,213,6.3,3997229829,56,Center,,,,7cetznpb0tnu6kdz7bvm8gyxh,L. Piqué,,,,,,,,,,,,,,,,,,,,,,,,,,,,,,,,
2501048871,735,8,2,61,12,2uuh2bir8ktof0uxfo06lb4ox,1,27.6,83.8,2023-01-27T20:17:48.740Z,2023-01-27T20:17:48Z,3997229811,56,Back,,,,,,,,,,,,,,,,,,,,,,dse1rndtog4qn2mwv966vp6mt,B. van Hintum,,,,,,,,,,,,,,,,,,,,,,,,,,,,,,,,
2501048943,429,1,2,61,17,dnzj0iv5qtaemm9kthh9pos8q,1,73.6,31.3,2023-01-27T20:17:53.733Z,2023-01-27T20:17:55Z,3997230191,213,6.1,3997230183,56,Center,3997230181,3,,3997230187,141,27.6,3997230185,140,87.2,3997230189,212,14.5,,,,,,,8uw9w30592omb8acpnssgdlh,R. Dekker,,,,,,,,,,,,,,,,,,,,,,,,,,,,,,,,
2501048945,430,49,2,61,19,dnzj0iv5qtaemm9kthh9pos8q,1,90.7,25.9,2023-01-27T20:17:55.620Z,2023-01-27T20:17:56Z,,,,,,,,,,,,,,,,,,,,,,,,,f1as17wqpj44gihtvw936lofd,B. van Hoeven,,,,,,,,,,,,,,,,,,,,,,,,,,,,,,,,
2501048959,431,3,2,61,20,dnzj0iv5qtaemm9kthh9pos8q,0,92.2,30.4,2023-01-27T20:17:57.010Z,2023-01-27T20:17:59Z,3997230307,286,,3997230305,56,Center,3997230423,233,736,,,,,,,,,,,,,,,,f1as17wqpj44gihtvw936lofd,B. van Hoeven,,,,,,,,,,,,,,,,,,,,,,,,,,,,,,,,
2501048971,736,7,2,61,20,2uuh2bir8ktof0uxfo06lb4ox,1,7.8,69.6,2023-01-27T20:17:57.011Z,2023-01-27T20:17:59Z,3997230377,285,,3997230375,56,Back,3997230419,233,431,,,,,,,,,,,,,,,,by85t8ssyumcjcks1jx3v96vo,Y. Taha,,,,,,,,,,,,,,,,,,,,,,,,,,,,,,,,
2501048977,737,49,2,61,22,2uuh2bir8ktof0uxfo06lb4ox,1,11.4,67,2023-01-27T20:17:58.660Z,2023-01-27T20:17:59Z,,,,,,,,,,,,,,,,,,,,,,,,,1rd0zzpp3dn0y7qtxwc57g7h1,R. Thomas,,,,,,,,,,,,,,,,,,,,,,,,,,,,,,,,
2501048999,738,1,2,61,23,2uuh2bir8ktof0uxfo06lb4ox,0,11.4,67,2023-01-27T20:17:59.524Z,2023-01-27T20:18:01Z,3997230525,213,0.3,3997230515,157,,3997230523,212,35.2,3997230519,140,43.7,3997230527,1,,3997230521,141,80.9,3997230517,56,Back,,,,1rd0zzpp3dn0y7qtxwc57g7h1,R. Thomas,,,,,,,,,,,,,,,,,,,,,,,,,,,,,,,,
2501049041,432,61,2,61,28,dnzj0iv5qtaemm9kthh9pos8q,0,88.5,30.4,2023-01-27T20:18:04.629Z,2023-01-27T20:18:04Z,3997230729,56,Center,,,,,,,,,,,,,,,,,,,,,,f1as17wqpj44gihtvw936lofd,B. van Hoeven,,,,,,,,,,,,,,,,,,,,,,,,,,,,,,,,
2501049095,433,1,2,61,31,dnzj0iv5qtaemm9kthh9pos8q,1,63.7,9.2,2023-01-27T20:18:07.716Z,2023-01-27T20:18:09Z,3997230961,140,79.9,3997230967,213,6.2,3997230959,56,Right,3997230963,141,7.4,3997230965,212,17.1,,,,,,,,,,dcdvet7azx1a59xm2ke7qi2cq,I. Pata,,,,,,,,,,,,,,,,,,,,,,,,,,,,,,,,
2501049117,434,1,2,61,32,dnzj0iv5qtaemm9kthh9pos8q,1,80.4,8.5,2023-01-27T20:18:09.412Z,2023-01-27T20:18:10Z,3997231061,140,74.3,3997231067,213,3.5,3997231059,56,Right,3997231063,141,4.9,3997231065,212,6.9,,,,,,,,,,f1as17wqpj44gihtvw936lofd,B. van Hoeven,,,,,,,,,,,,,,,,,,,,,,,,,,,,,,,,
2501049131,435,1,2,61,33,dnzj0iv5qtaemm9kthh9pos8q,1,74.3,4.9,2023-01-27T20:18:10.276Z,2023-01-27T20:18:11Z,3997231157,56,Right,3997231161,141,19.4,3997231165,213,1.6,3997231159,140,73.6,3997231163,212,9.9,,,,,,,,,,dcdvet7azx1a59xm2ke7qi2cq,I. Pata,,,,,,,,,,,,,,,,,,,,,,,,,,,,,,,,
2501049147,436,1,2,61,34,dnzj0iv5qtaemm9kthh9pos8q,1,76.1,30.1,2023-01-27T20:18:11.364Z,2023-01-27T20:18:12Z,3997231267,213,1.3,3997231259,141,50.1,3997231255,140,79.9,3997231263,212,14.2,3997231251,56,Center,,,,,,,,,,bquqyyfz4lj0xrerbhbtj1jze,Ö. Gündüz,,,,,,,,,,,,,,,,,,,,,,,,,,,,,,,,
2501049165,437,1,2,61,35,dnzj0iv5qtaemm9kthh9pos8q,1,79.9,47.6,2023-01-27T20:18:12.212Z,2023-01-27T20:18:13Z,3997231345,213,2.8,3997231337,56,Center,3997231343,212,8.3,3997231341,141,52.2,3997231339,140,72.6,,,,,,,,,,dh3ksith5iat573zuhdhv91w5,R. Stuy van den Herik,,,,,,,,,,,,,,,,,,,,,,,,,,,,,,,,
2501049257,438,1,2,61,36,dnzj0iv5qtaemm9kthh9pos8q,1,72.6,52.2,2023-01-27T20:18:12.981Z,2023-01-27T20:18:20Z,3997231827,56,Center,3997231835,213,1.2,3997231831,141,78.8,3997231829,140,79.3,3997231833,212,19.4,,,,,,,,,,bquqyyfz4lj0xrerbhbtj1jze,Ö. Gündüz,,,,,,,,,,,,,,,,,,,,,,,,,,,,,,,,
2501049259,439,50,2,61,43,dnzj0iv5qtaemm9kthh9pos8q,1,75.4,43.6,2023-01-27T20:18:20.486Z,2023-01-27T20:18:23Z,3997231907,233,739,3997231841,286,,3997231839,56,Center,,,,,,,,,,,,,,,,1mroid71v9bwpx0iaospei9gq,R. Margaret,,,,,,,,,,,,,,,,,,,,,,,,,,,,,,,,
2501049269,739,7,2,61,43,2uuh2bir8ktof0uxfo06lb4ox,1,24.6,56.4,2023-01-27T20:18:20.487Z,2023-01-27T20:18:22Z,3997231885,56,Back,3997231901,233,439,3997231887,285,,,,,,,,,,,,,,,,,29s8wk0a2m66rebsfx1jfuuh,D. van den Berg,,,,,,,,,,,,,,,,,,,,,,,,,,,,,,,,
2501049271,740,49,2,61,45,2uuh2bir8ktof0uxfo06lb4ox,1,25.5,48.7,2023-01-27T20:18:21.828Z,2023-01-27T20:18:22Z,,,,,,,,,,,,,,,,,,,,,,,,,2esbyi3i7rtsdkxe6a917rsnp,L. Thy,,,,,,,,,,,,,,,,,,,,,,,,,,,,,,,,
2501049311,741,1,2,61,48,2uuh2bir8ktof0uxfo06lb4ox,1,24.5,31.6,2023-01-27T20:18:25.058Z,2023-01-27T20:18:28Z,3997232163,213,5.3,3997232161,212,16.4,3997232153,140,32.6,3997232149,56,Back,3997232157,141,10.9,,,,,,,,,,2esbyi3i7rtsdkxe6a917rsnp,L. Thy,,,,,,,,,,,,,,,,,,,,,,,,,,,,,,,,
2501049363,742,1,2,61,51,2uuh2bir8ktof0uxfo06lb4ox,1,33.5,10.3,2023-01-27T20:18:28.195Z,2023-01-27T20:18:32Z,3997232473,56,Back,3997232481,213,2.7,3997232477,141,25.2,3997232475,140,11.4,3997232479,212,25.3,,,,,,,,,,8fqnvz74z901a2h0kgk1zezje,L. Görlich,,,,,,,,,,,,,,,,,,,,,,,,,,,,,,,,
2501049385,743,1,2,61,55,2uuh2bir8ktof0uxfo06lb4ox,0,11.4,25.2,2023-01-27T20:18:31.970Z,2023-01-27T20:18:33Z,3997232597,213,0.2,3997232591,140,56.1,3997232593,141,40.1,3997232589,56,Center,3997232585,157,,3997232599,1,,3997232595,212,48.0,,,,cetavjue5femoxid9fmcd0zjd,J. Schendelaar,,,,,,,,,,,,,,,,,,,,,,,,,,,,,,,,
2501049411,744,1,2,61,57,2uuh2bir8ktof0uxfo06lb4ox,0,31.1,31.2,2023-01-27T20:18:34.459Z,2023-01-27T20:58:33Z,3997235447,141,35.3,3997235453,1,,3997235449,212,12.1,3997235445,140,42.3,3997235443,157,,3997232749,56,Back,3997235451,213,0.2,,,,idvh0ac1f8wv39640pyl4esp,S. Kersten,,,,,,,,,,,,,,,,,,,,,,,,,,,,,,,,
2501049419,440,1,2,61,57,dnzj0iv5qtaemm9kthh9pos8q,1,44.8,64.9,2023-01-27T20:18:34.500Z,2023-01-27T20:18:36Z,3997232781,213,6.1,3997232773,56,Center,3997232777,141,60.6,3997232771,3,,3997232775,140,64.6,3997232779,212,21.0,,,,,,,1jn9jog8ou8uxnmypneksizxm,R. van Eijma,,,,,,,,,,,,,,,,,,,,,,,,,,,,,,,,
2501049457,441,1,2,61,59,dnzj0iv5qtaemm9kthh9pos8q,1,66.2,62.9,2023-01-27T20:18:36.229Z,2023-01-27T20:25:48Z,3997232969,213,3.0,3997232959,140,63.5,3997232963,141,63.3,3997232955,56,Center,3997232967,212,2.8,,,,,,,,,,b950jt347chmq9whlkgl6fxpm,K. Leidsman,,,,,,,,,,,,,,,,,,,,,,,,,,,,,,,,
2501049467,442,1,2,62,1,dnzj0iv5qtaemm9kthh9pos8q,0,54.9,50.9,2023-01-27T20:18:38.251Z,2023-01-27T20:58:40Z,3997233005,3,,3997233009,140,74.4,3997233021,213,0.3,3997233017,212,21.3,3997233007,56,Center,3997233013,141,59.7,,,,,,,bquqyyfz4lj0xrerbhbtj1jze,Ö. Gündüz,,,,,,,,,,,,,,,,,,,,,,,,,,,,,,,,
2501049475,745,1,2,62,2,2uuh2bir8ktof0uxfo06lb4ox,1,28.8,46.6,2023-01-27T20:18:39.234Z,2023-01-27T20:18:41Z,3997233071,140,40.2,3997233077,213,0.6,3997233067,3,,3997233073,141,57.5,3997233075,212,14.1,3997233069,56,Back,,,,,,,dmrznrol8qp7yk53r6ajhnkt0,T. Beelen,,,,,,,,,,,,,,,,,,,,,,,,,,,,,,,,
2501049487,746,1,2,62,4,2uuh2bir8ktof0uxfo06lb4ox,1,40.2,57.5,2023-01-27T20:18:40.946Z,2023-01-27T20:18:42Z,3997233155,56,Back,3997233159,141,56.3,3997233175,156,,3997233161,212,7.3,3997233167,213,3.3,3997233157,140,33.3,,,,,,,29s8wk0a2m66rebsfx1jfuuh,D. van den Berg,,,,,,,,,,,,,,,,,,,,,,,,,,,,,,,,
2501049505,443,43,2,62,6,dnzj0iv5qtaemm9kthh9pos8q,1,0,0,2023-01-27T20:18:43.205Z,2023-01-27T20:57:58Z,3997233255,56,Center,3997233257,286,0,3997363717,144,50,,,,,,,,,,,,,,,,bquqyyfz4lj0xrerbhbtj1jze,Ö. Gündüz,,,,,,,,,,,,,,,,,,,,,,,,,,,,,,,,
2501049511,747,43,2,62,6,2uuh2bir8ktof0uxfo06lb4ox,1,0,0,2023-01-27T20:18:43.236Z,2023-01-27T20:57:44Z,3997233275,56,Back,3997363277,144,50,3997233277,285,0,,,,,,,,,,,,,,,,1rd0zzpp3dn0y7qtxwc57g7h1,R. Thomas,,,,,,,,,,,,,,,,,,,,,,,,,,,,,,,,
2501049513,748,49,2,62,7,2uuh2bir8ktof0uxfo06lb4ox,1,35.3,56.4,2023-01-27T20:18:43.939Z,2023-01-27T20:18:44Z,,,,,,,,,,,,,,,,,,,,,,,,,1rd0zzpp3dn0y7qtxwc57g7h1,R. Thomas,,,,,,,,,,,,,,,,,,,,,,,,,,,,,,,,
2501049565,749,1,2,62,7,2uuh2bir8ktof0uxfo06lb4ox,1,35.4,56.4,2023-01-27T20:18:44.418Z,2023-01-27T20:18:48Z,3997233561,212,19.5,3997233557,141,63.3,3997233549,56,Center,3997233553,140,53.4,3997233565,213,0.2,,,,,,,,,,1rd0zzpp3dn0y7qtxwc57g7h1,R. Thomas,,,,,,,,,,,,,,,,,,,,,,,,,,,,,,,,
2501049617,750,1,2,62,12,2uuh2bir8ktof0uxfo06lb4ox,1,66,68.1,2023-01-27T20:18:48.514Z,2023-01-27T20:18:52Z,3997233787,141,49.0,3997233789,212,14.7,3997233785,140,72.5,3997233783,56,Center,3997233791,213,5.2,,,,,,,,,,a339o11ut8s1o9odm6ybc4pka,T. van den Belt,,,,,,,,,,,,,,,,,,,,,,,,,,,,,,,,
2501049625,751,61,2,62,15,2uuh2bir8ktof0uxfo06lb4ox,0,74.3,48.7,2023-01-27T20:18:52.178Z,2023-01-27T20:18:59Z,3997233835,56,Center,,,,,,,,,,,,,,,,,,,,,,29s8wk0a2m66rebsfx1jfuuh,D. van den Berg,,,,,,,,,,,,,,,,,,,,,,,,,,,,,,,,
2501049745,444,1,2,62,23,dnzj0iv5qtaemm9kthh9pos8q,1,28.1,50.1,2023-01-27T20:19:00.068Z,2023-01-27T20:19:07Z,3997234471,140,61.3,3997234477,213,0.4,3997234473,141,73.8,3997234847,189,,3997234469,56,Center,3997234467,157,,3997234479,1,,3997234475,212,38.4,7cetznpb0tnu6kdz7bvm8gyxh,L. Piqué,,,,,,,,,,,,,,,,,,,,,,,,,,,,,,,,
2501049751,445,49,2,62,25,dnzj0iv5qtaemm9kthh9pos8q,1,59.5,74.5,2023-01-27T20:19:02.037Z,2023-01-27T20:19:02Z,3997234515,189,,,,,,,,,,,,,,,,,,,,,,,b950jt347chmq9whlkgl6fxpm,K. Leidsman,,,,,,,,,,,,,,,,,,,,,,,,,,,,,,,,
2501049921,446,1,2,62,31,dnzj0iv5qtaemm9kthh9pos8q,1,78.3,81.5,2023-01-27T20:19:08.340Z,2023-01-27T20:19:15Z,3997235287,141,88.9,3997235289,212,7.6,3997235285,140,72.9,3997235291,213,2.4,3997235283,56,Left,,,,,,,,,,b950jt347chmq9whlkgl6fxpm,K. Leidsman,,,,,,,,,,,,,,,,,,,,,,,,,,,,,,,,
2501049949,447,1,2,62,38,dnzj0iv5qtaemm9kthh9pos8q,1,73.3,82.7,2023-01-27T20:19:15.220Z,2023-01-27T20:19:18Z,3997235467,212,13.6,3997235471,213,3.0,3997235459,140,60.5,3997235463,141,85.4,3997235455,56,Left,,,,,,,,,,1mroid71v9bwpx0iaospei9gq,R. Margaret,,,,,,,,,,,,,,,,,,,,,,,,,,,,,,,,
2501049961,448,1,2,62,41,dnzj0iv5qtaemm9kthh9pos8q,1,63.2,89.4,2023-01-27T20:19:17.940Z,2023-01-27T20:19:19Z,3997235497,140,52.3,3997235501,212,14.5,3997235495,56,Center,3997235499,141,76.4,3997235503,213,3.8,,,,,,,,,,4zow18ykkg1gvw40r7jsrzkl,D. van der Sluys,,,,,,,,,,,,,,,,,,,,,,,,,,,,,,,,
2501050025,449,1,2,62,42,dnzj0iv5qtaemm9kthh9pos8q,1,52.3,76.4,2023-01-27T20:19:18.916Z,2023-01-27T20:19:24Z,3997235907,141,93.5,3997235911,213,0.9,3997235903,56,Left,3997235909,212,15.3,3997235905,140,61.8,,,,,,,,,,1jn9jog8ou8uxnmypneksizxm,R. van Eijma,,,,,,,,,,,,,,,,,,,,,,,,,,,,,,,,
2501050037,450,1,2,62,47,dnzj0iv5qtaemm9kthh9pos8q,0,67.6,93,2023-01-27T20:19:24.468Z,2023-01-27T20:19:25Z,3997235985,213,5.4,3997235977,141,70.2,3997235973,140,79.6,3997235981,212,20.0,3997235965,155,,3997235969,56,Center,,,,,,,4zow18ykkg1gvw40r7jsrzkl,D. van der Sluys,,,,,,,,,,,,,,,,,,,,,,,,,,,,,,,,
2501050047,752,1,2,62,49,2uuh2bir8ktof0uxfo06lb4ox,0,22,31.9,2023-01-27T20:19:26.051Z,2023-01-27T20:19:27Z,3997236023,56,Back,3997236021,3,,3997236027,141,41.2,3997236031,213,0.5,3997236025,140,33.5,3997236029,212,13.6,,,,,,,idvh0ac1f8wv39640pyl4esp,S. Kersten,,,,,,,,,,,,,,,,,,,,,,,,,,,,,,,,
2501050073,451,50,2,62,51,dnzj0iv5qtaemm9kthh9pos8q,1,67.7,62.6,2023-01-27T20:19:28.465Z,2023-01-27T20:19:30Z,3997236275,233,753,3997236177,56,Center,3997236179,286,,,,,,,,,,,,,,,,,1mroid71v9bwpx0iaospei9gq,R. Margaret,,,,,,,,,,,,,,,,,,,,,,,,,,,,,,,,
2501050085,753,7,2,62,51,2uuh2bir8ktof0uxfo06lb4ox,1,32.3,37.4,2023-01-27T20:19:28.466Z,2023-01-27T20:19:30Z,3997236233,56,Back,3997236235,285,,3997236241,233,451,,,,,,,,,,,,,,,,by85t8ssyumcjcks1jx3v96vo,Y. Taha,,,,,,,,,,,,,,,,,,,,,,,,,,,,,,,,
2501050097,754,1,2,62,53,2uuh2bir8ktof0uxfo06lb4ox,0,25.2,33.1,2023-01-27T20:19:30.051Z,2023-01-27T20:19:31Z,3997236305,56,Back,3997236309,141,16.1,3997236303,157,,3997236311,212,23.4,3997236315,1,,3997236307,140,44.6,3997236313,213,5.8,,,,idvh0ac1f8wv39640pyl4esp,S. Kersten,,,,,,,,,,,,,,,,,,,,,,,,,,,,,,,,
2501050129,452,1,2,62,56,dnzj0iv5qtaemm9kthh9pos8q,0,57.1,88.6,2023-01-27T20:19:32.916Z,2023-01-27T20:19:33Z,3997236445,212,20.4,3997236437,3,,3997236443,141,68.8,3997236447,213,5.6,3997236441,140,71.7,3997236439,56,Center,,,,,,,1jn9jog8ou8uxnmypneksizxm,R. van Eijma,,,,,,,,,,,,,,,,,,,,,,,,,,,,,,,,
2501050163,755,44,2,62,57,2uuh2bir8ktof0uxfo06lb4ox,1,30.3,29.4,2023-01-27T20:19:34.130Z,2023-01-27T20:19:36Z,3997236647,233,453,3997236629,56,Back,3997236631,285,,,,,,,,,,,,,,,,,1rd0zzpp3dn0y7qtxwc57g7h1,R. Thomas,,,,,,,,,,,,,,,,,,,,,,,,,,,,,,,,
2501050145,453,44,2,62,57,dnzj0iv5qtaemm9kthh9pos8q,0,69.7,70.6,2023-01-27T20:19:34.131Z,2023-01-27T20:19:37Z,3997236531,56,Center,3997236653,233,755,3997236533,286,,,,,,,,,,,,,,,,,bquqyyfz4lj0xrerbhbtj1jze,Ö. Gündüz,,,,,,,,,,,,,,,,,,,,,,,,,,,,,,,,
2501050173,756,1,2,62,59,2uuh2bir8ktof0uxfo06lb4ox,0,32.3,24.3,2023-01-27T20:19:36.226Z,2023-01-27T20:19:37Z,3997236691,56,Back,3997236697,212,19.8,3997236689,3,,3997236693,140,48.7,3997236699,213,0.5,3997236695,141,38.6,,,,,,,1rd0zzpp3dn0y7qtxwc57g7h1,R. Thomas,,,,,,,,,,,,,,,,,,,,,,,,,,,,,,,,
2501050245,454,2,2,63,2,dnzj0iv5qtaemm9kthh9pos8q,1,50.1,52.2,2023-01-27T20:19:38.884Z,2023-01-27T20:19:57Z,3997237043,141,57.2,3997238037,7,b950jt347chmq9whlkgl6fxpm,3997237041,140,73.2,3997237039,56,Center,,,,,,,,,,,,,1jn9jog8ou8uxnmypneksizxm,R. van Eijma,,,,,,,,,,,,,,,,,,,,,,,,,,,,,,,,
2501050279,757,55,2,63,2,2uuh2bir8ktof0uxfo06lb4ox,1,26,32.8,2023-01-27T20:19:38.885Z,2023-01-27T20:57:22Z,,,,,,,,,,,,,,,,,,,,,,,,,dmrznrol8qp7yk53r6ajhnkt0,T. Beelen,,,,,,,,,,,,,,,,,,,,,,,,,,,,,,,,
2501051717,770,18,2,63,46,2uuh2bir8ktof0uxfo06lb4ox,1,0,0,2023-01-27T20:20:23.073Z,2023-01-27T20:23:19Z,3997244623,42,,3997244625,44,Defender,3997244709,55,771,3997244627,59,3,,,,,,,,,,,,,8fqnvz74z901a2h0kgk1zezje,L. Görlich,,,,,,,,,,,,,,,,,,,,,,,,,,,,,,,,
2501051725,771,19,2,63,46,2uuh2bir8ktof0uxfo06lb4ox,1,0,0,2023-01-27T20:20:23.074Z,2023-01-27T20:23:19Z,3997244661,59,22,3997244667,44,Defender,3997244663,292,3,3997244655,42,,3997244659,145,2,3997244669,55,770,3997244665,293,2,,,,2f3j5qchxzh11u4bi2mb8dslw,D. Chirino,,,,,,,,,,,,,,,,,,,,,,,,,,,,,,,,
2501052405,783,18,2,63,47,2uuh2bir8ktof0uxfo06lb4ox,1,0,0,2023-01-27T20:20:24.257Z,2023-01-27T20:23:11Z,3997248363,42,,3997248365,44,Midfielder,3997248429,55,784,3997248367,59,30,,,,,,,,,,,,,1rd0zzpp3dn0y7qtxwc57g7h1,R. Thomas,,,,,,,,,,,,,,,,,,,,,,,,,,,,,,,,
2501052409,784,19,2,63,47,2uuh2bir8ktof0uxfo06lb4ox,1,0,0,2023-01-27T20:20:24.258Z,2023-01-27T20:23:12Z,3997248395,145,10,3997248399,292,6,3997248405,55,783,3997248401,293,5,3997248397,59,8,3997248403,44,Midfielder,3997248391,42,,,,,b77p0um20y057708bx6on4d4a,D. Huiberts,,,,,,,,,,,,,,,,,,,,,,,,,,,,,,,,
2501050751,758,18,2,63,48,2uuh2bir8ktof0uxfo06lb4ox,1,0,0,2023-01-27T20:20:24.787Z,2023-01-27T20:20:25Z,3997239493,44,Midfielder,3997239555,55,759,3997239495,59,11,3997239491,42,,,,,,,,,,,,,,29s8wk0a2m66rebsfx1jfuuh,D. van den Berg,,,,,,,,,,,,,,,,,,,,,,,,,,,,,,,,
2501050757,759,19,2,63,48,2uuh2bir8ktof0uxfo06lb4ox,1,0,0,2023-01-27T20:20:24.788Z,2023-01-27T20:20:25Z,3997239523,145,8,3997239527,292,7,3997239525,59,31,3997239529,293,4,3997239519,42,,3997239531,44,Midfielder,3997239533,55,758,,,,ebr52ne9bo6xyh2vhr6nhfhbe,S. Zitman,,,,,,,,,,,,,,,,,,,,,,,,,,,,,,,,
2501051273,760,1,2,64,28,2uuh2bir8ktof0uxfo06lb4ox,1,33.7,46.3,2023-01-27T20:21:04.769Z,2023-01-27T20:21:08Z,3997242219,140,37.8,3997242215,241,,3997242225,213,1.3,3997242223,212,13.7,3997242213,5,,3997242217,56,Back,3997242221,141,65.5,,,,idvh0ac1f8wv39640pyl4esp,S. Kersten,,,,,,,,,,,,,,,,,,,,,,,,,,,,,,,,
2501051303,761,1,2,64,31,2uuh2bir8ktof0uxfo06lb4ox,1,37.8,62.7,2023-01-27T20:21:08.432Z,2023-01-27T20:21:10Z,3997242377,141,18.2,3997242373,56,Back,3997242381,213,4.9,3997242375,140,44.6,3997242379,212,31.1,,,,,,,,,,dse1rndtog4qn2mwv966vp6mt,B. van Hintum,,,,,,,,,,,,,,,,,,,,,,,,,,,,,,,,
2501051373,762,1,2,64,33,2uuh2bir8ktof0uxfo06lb4ox,1,44.6,18.2,2023-01-27T20:21:10.464Z,2023-01-27T20:21:15Z,3997242741,140,72.8,3997242739,56,Right,3997242747,213,6.0,3997242743,141,6.7,3997242745,212,30.6,,,,,,,,,,idvh0ac1f8wv39640pyl4esp,S. Kersten,,,,,,,,,,,,,,,,,,,,,,,,,,,,,,,,
2501051407,763,1,2,64,38,2uuh2bir8ktof0uxfo06lb4ox,1,87,8.8,2023-01-27T20:21:15.222Z,2023-01-27T20:25:03Z,3997242917,56,Center,3997242921,141,28.0,3997242919,140,87.3,3997242923,212,13.1,3997242925,213,1.5,,,,,,,,,,2f3j5qchxzh11u4bi2mb8dslw,D. Chirino,,,,,,,,,,,,,,,,,,,,,,,,,,,,,,,,
2501051411,764,50,2,64,40,2uuh2bir8ktof0uxfo06lb4ox,1,86.4,28.6,2023-01-27T20:21:17.394Z,2023-01-27T20:21:20Z,3997242931,286,,3997242929,56,Center,3997243105,233,455,,,,,,,,,,,,,,,,by85t8ssyumcjcks1jx3v96vo,Y. Taha,,,,,,,,,,,,,,,,,,,,,,,,,,,,,,,,
2501051439,455,7,2,64,40,dnzj0iv5qtaemm9kthh9pos8q,1,13.6,71.4,2023-01-27T20:21:17.395Z,2023-01-27T20:21:20Z,3997243093,233,764,3997243063,285,,3997243061,56,Back,,,,,,,,,,,,,,,,dh3ksith5iat573zuhdhv91w5,R. Stuy van den Herik,,,,,,,,,,,,,,,,,,,,,,,,,,,,,,,,
2501051443,456,49,2,64,43,dnzj0iv5qtaemm9kthh9pos8q,1,14.7,93,2023-01-27T20:21:19.683Z,2023-01-27T20:21:20Z,,,,,,,,,,,,,,,,,,,,,,,,,1mroid71v9bwpx0iaospei9gq,R. Margaret,,,,,,,,,,,,,,,,,,,,,,,,,,,,,,,,
2501051465,765,49,2,64,45,2uuh2bir8ktof0uxfo06lb4ox,1,66.7,7.1,2023-01-27T20:21:22.176Z,2023-01-27T20:21:22Z,,,,,,,,,,,,,,,,,,,,,,,,,idvh0ac1f8wv39640pyl4esp,S. Kersten,,,,,,,,,,,,,,,,,,,,,,,,,,,,,,,,
2501051567,766,1,2,64,46,2uuh2bir8ktof0uxfo06lb4ox,1,66.7,7.1,2023-01-27T20:21:22.753Z,2023-01-27T20:21:29Z,3997243727,56,Right,3997243735,213,0.7,3997243733,212,6.4,3997243731,141,13.2,3997243729,140,71.3,,,,,,,,,,idvh0ac1f8wv39640pyl4esp,S. Kersten,,,,,,,,,,,,,,,,,,,,,,,,,,,,,,,,
2501051605,767,1,2,64,53,2uuh2bir8ktof0uxfo06lb4ox,1,75.8,45.5,2023-01-27T20:21:29.729Z,2023-01-27T20:25:00Z,3997243951,141,75.6,3997243949,140,77.7,3997243953,212,20.6,3997243947,56,Center,3997243955,213,1.5,,,,,,,,,,2f3j5qchxzh11u4bi2mb8dslw,D. Chirino,,,,,,,,,,,,,,,,,,,,,,,,,,,,,,,,
2501051629,768,1,2,64,57,2uuh2bir8ktof0uxfo06lb4ox,1,79.6,80.3,2023-01-27T20:21:33.569Z,2023-01-27T20:21:36Z,3997244133,213,6.0,3997244127,140,93.0,3997244131,212,14.5,3997244125,56,Center,3997244129,141,75.1,,,,,,,,,,csecbdlw3sxstnebpiw91ezxm,S. Lagsir,,,,,,,,,,,,,,,,,,,,,,,,,,,,,,,,
2501051641,769,1,2,65,0,2uuh2bir8ktof0uxfo06lb4ox,0,94.9,73.2,2023-01-27T20:21:36.529Z,2023-01-27T20:21:37Z,3997244173,140,98.6,3997244179,213,5.0,3997244169,155,,3997244175,141,55.7,3997244171,56,Center,3997244177,212,12.5,3997244167,2,,,,,ebr52ne9bo6xyh2vhr6nhfhbe,S. Zitman,,,,,,,,,,,,,,,,,,,,,,,,,,,,,,,,
2501051683,457,52,2,65,6,dnzj0iv5qtaemm9kthh9pos8q,1,0.8,46,2023-01-27T20:21:42.611Z,2023-01-27T20:21:42Z,,,,,,,,,,,,,,,,,,,,,,,,,alzgg0nxnnex3nkzr6lgmt1ey,T. Jansen,,,,,,,,,,,,,,,,,,,,,,,,,,,,,,,,
2501051839,458,1,2,65,20,dnzj0iv5qtaemm9kthh9pos8q,0,5.5,45.2,2023-01-27T20:21:56.900Z,2023-01-27T20:21:58Z,3997245319,213,0.1,3997245315,212,70.5,3997245325,1,,3997245309,140,72.1,3997245305,199,,3997245307,56,Center,3997245311,141,58.7,,,,alzgg0nxnnex3nkzr6lgmt1ey,T. Jansen,,,,,,,,,,,,,,,,,,,,,,,,,,,,,,,,
2501051853,772,1,2,65,21,2uuh2bir8ktof0uxfo06lb4ox,0,26.2,40.1,2023-01-27T20:21:57.873Z,2023-01-27T20:21:58Z,3997245385,213,6.1,3997245383,212,22.5,3997245377,56,Back,3997245381,141,33.3,3997245379,140,47.2,3997245375,3,,,,,,,,idvh0ac1f8wv39640pyl4esp,S. Kersten,,,,,,,,,,,,,,,,,,,,,,,,,,,,,,,,
2501051891,773,43,2,65,25,2uuh2bir8ktof0uxfo06lb4ox,1,0,0,2023-01-27T20:22:02.416Z,2023-01-27T20:22:05Z,3997245663,144,49,,,,,,,,,,,,,,,,,,,,,,2f3j5qchxzh11u4bi2mb8dslw,D. Chirino,,,,,,,,,,,,,,,,,,,,,,,,,,,,,,,,
2501051901,459,1,2,65,26,dnzj0iv5qtaemm9kthh9pos8q,0,55.2,75.9,2023-01-27T20:22:02.916Z,2023-01-27T20:22:03Z,3997245603,3,,3997245611,212,19.2,3997245605,56,Left,3997245609,141,100.0,3997245613,213,1.2,3997245607,140,62.3,,,,,,,dh3ksith5iat573zuhdhv91w5,R. Stuy van den Herik,,,,,,,,,,,,,,,,,,,,,,,,,,,,,,,,
2501051903,460,5,2,65,27,dnzj0iv5qtaemm9kthh9pos8q,0,59.6,101.6,2023-01-27T20:22:03.659Z,2023-01-27T20:22:10Z,3997245617,347,,3997245615,56,Left,3997245915,233,774,,,,,,,,,,,,,,,,dh3ksith5iat573zuhdhv91w5,R. Stuy van den Herik,,,,,,,,,,,,,,,,,,,,,,,,,,,,,,,,
2501051945,774,5,2,65,27,2uuh2bir8ktof0uxfo06lb4ox,1,40.4,-1.6,2023-01-27T20:22:03.659Z,2023-01-27T20:24:53Z,3997245891,56,Back,3997245893,347,,3997245899,233,460,,,,,,,,,,,,,,,,2f3j5qchxzh11u4bi2mb8dslw,D. Chirino,,,,,,,,,,,,,,,,,,,,,,,,,,,,,,,,
2501051963,775,1,2,65,33,2uuh2bir8ktof0uxfo06lb4ox,1,43.1,0,2023-01-27T20:22:10.160Z,2023-01-27T20:22:11Z,3997245971,212,16.6,3997245965,56,Back,3997245969,141,15.8,3997245973,213,2.4,3997245967,140,31.9,3997245961,107,,,,,,,,2f3j5qchxzh11u4bi2mb8dslw,D. Chirino,,,,,,,,,,,,,,,,,,,,,,,,,,,,,,,,
2501052039,776,1,2,65,35,2uuh2bir8ktof0uxfo06lb4ox,1,31.9,15.9,2023-01-27T20:22:11.760Z,2023-01-27T20:22:18Z,3997246403,140,31.1,3997246401,56,Back,3997246407,212,22.2,3997246409,213,1.6,3997246405,141,48.5,,,,,,,,,,idvh0ac1f8wv39640pyl4esp,S. Kersten,,,,,,,,,,,,,,,,,,,,,,,,,,,,,,,,
2501052077,777,1,2,65,41,2uuh2bir8ktof0uxfo06lb4ox,1,33.4,52.1,2023-01-27T20:22:18.128Z,2023-01-27T20:22:20Z,3997246515,212,21.1,3997246513,141,23.0,3997246509,56,Back,3997246517,213,5.1,3997246511,140,40.4,,,,,,,,,,dmrznrol8qp7yk53r6ajhnkt0,T. Beelen,,,,,,,,,,,,,,,,,,,,,,,,,,,,,,,,
2501052121,778,1,2,65,44,2uuh2bir8ktof0uxfo06lb4ox,1,40.4,23,2023-01-27T20:22:20.688Z,2023-01-27T20:22:24Z,3997246771,140,65.1,3997246777,213,5.9,3997246773,141,6.5,3997246769,56,Right,3997246775,212,28.3,,,,,,,,,,idvh0ac1f8wv39640pyl4esp,S. Kersten,,,,,,,,,,,,,,,,,,,,,,,,,,,,,,,,
2501052159,779,1,2,65,48,2uuh2bir8ktof0uxfo06lb4ox,1,66.6,4.6,2023-01-27T20:22:24.543Z,2023-01-27T20:22:27Z,3997246989,213,0.9,3997246985,141,18.3,3997246981,56,Right,3997246987,212,11.6,3997246983,140,73.2,,,,,,,,,,2f3j5qchxzh11u4bi2mb8dslw,D. Chirino,,,,,,,,,,,,,,,,,,,,,,,,,,,,,,,,
2501052163,780,1,2,65,51,2uuh2bir8ktof0uxfo06lb4ox,1,73.2,18.3,2023-01-27T20:22:27.872Z,2023-01-27T20:22:28Z,3997247017,56,Right,3997247021,141,20.0,3997247025,213,3.0,3997247029,156,,3997247019,140,65.6,3997247023,212,8.1,,,,,,,by85t8ssyumcjcks1jx3v96vo,Y. Taha,,,,,,,,,,,,,,,,,,,,,,,,,,,,,,,,
2501052179,781,1,2,65,52,2uuh2bir8ktof0uxfo06lb4ox,1,65.6,20,2023-01-27T20:22:29.312Z,2023-01-27T20:22:30Z,3997247103,140,59.5,3997247107,212,8.0,3997247101,56,Center,3997247105,141,27.1,3997247109,213,2.5,,,,,,,,,,2f3j5qchxzh11u4bi2mb8dslw,D. Chirino,,,,,,,,,,,,,,,,,,,,,,,,,,,,,,,,
2501052211,782,1,2,65,53,2uuh2bir8ktof0uxfo06lb4ox,0,59.5,27.1,2023-01-27T20:22:30.128Z,2023-01-27T20:22:33Z,3997247321,140,78.0,3997247327,213,0.6,3997247319,56,Center,3997247323,141,46.3,3997247325,212,23.4,,,,,,,,,,a339o11ut8s1o9odm6ybc4pka,T. van den Belt,,,,,,,,,,,,,,,,,,,,,,,,,,,,,,,,
2501052275,461,1,2,65,57,dnzj0iv5qtaemm9kthh9pos8q,1,27.2,50.1,2023-01-27T20:22:34.354Z,2023-01-27T20:22:39Z,3997247657,56,Back,3997247661,141,66.9,3997247667,1,,3997247659,140,5.7,3997247663,212,25.3,3997247655,157,,3997247665,213,2.7,,,,bquqyyfz4lj0xrerbhbtj1jze,Ö. Gündüz,,,,,,,,,,,,,,,,,,,,,,,,,,,,,,,,
2501052277,462,52,2,66,3,dnzj0iv5qtaemm9kthh9pos8q,1,7.8,57.3,2023-01-27T20:22:39.603Z,2023-01-27T20:22:40Z,,,,,,,,,,,,,,,,,,,,,,,,,alzgg0nxnnex3nkzr6lgmt1ey,T. Jansen,,,,,,,,,,,,,,,,,,,,,,,,,,,,,,,,
2501052365,463,1,2,66,8,dnzj0iv5qtaemm9kthh9pos8q,1,7.8,54.6,2023-01-27T20:22:45.186Z,2023-01-27T20:22:48Z,3997248139,56,Back,3997248141,140,23.3,3997248147,213,0.9,3997248137,123,,3997248143,141,86.9,3997248145,212,27.3,,,,,,,alzgg0nxnnex3nkzr6lgmt1ey,T. Jansen,,,,,,,,,,,,,,,,,,,,,,,,,,,,,,,,
2501052389,464,1,2,66,12,dnzj0iv5qtaemm9kthh9pos8q,1,17.6,88.1,2023-01-27T20:22:48.788Z,2023-01-27T20:22:51Z,3997248275,213,6.1,3997248267,56,Center,3997248273,212,48.7,3997248265,157,,3997248269,140,63.2,3997248271,141,75.4,3997248277,1,,,,,4zow18ykkg1gvw40r7jsrzkl,D. van der Sluys,,,,,,,,,,,,,,,,,,,,,,,,,,,,,,,,
2501052491,465,1,2,66,14,dnzj0iv5qtaemm9kthh9pos8q,1,67.5,73.2,2023-01-27T20:22:51.011Z,2023-01-27T20:22:58Z,3997248853,213,1.8,3997248845,56,Left,3997248849,141,95.0,3997248851,212,15.1,3997248847,140,64.6,3997248843,3,,,,,,,,b950jt347chmq9whlkgl6fxpm,K. Leidsman,,,,,,,,,,,,,,,,,,,,,,,,,,,,,,,,
2501052535,466,1,2,66,20,dnzj0iv5qtaemm9kthh9pos8q,0,89.2,96,2023-01-27T20:22:57.211Z,2023-01-27T20:58:46Z,3997249169,56,Center,3997249175,212,22.0,3997249173,141,63.7,3997249177,213,4.7,3997249171,140,88.8,,,,,,,,,,1mroid71v9bwpx0iaospei9gq,R. Margaret,,,,,,,,,,,,,,,,,,,,,,,,,,,,,,,,
2501052487,785,8,2,66,21,2uuh2bir8ktof0uxfo06lb4ox,1,13.2,36,2023-01-27T20:22:57.969Z,2023-01-27T20:58:51Z,3997248807,56,Back,,,,,,,,,,,,,,,,,,,,,,dmrznrol8qp7yk53r6ajhnkt0,T. Beelen,,,,,,,,,,,,,,,,,,,,,,,,,,,,,,,,
2501052777,467,16,2,66,45,dnzj0iv5qtaemm9kthh9pos8q,1,89.1,55.7,2023-01-27T20:23:21.604Z,2023-01-27T20:29:37Z,3997251653,80,,3997251655,102,45.7,3997251661,458,,3997270853,280,PASS_LOST,3997250577,374,2023-01-27 20:23:20.879,3997250411,17,,3997270855,281,1mroid71v9bwpx0iaospei9gq,3997250409,22,,8uw9w30592omb8acpnssgdlh,R. Dekker,3997251657,103,3997270859,282,733,,8.2,3997250413,56,3997250581,375,66:44.365,3997250573,20,3997251665,231,52.2,Center,,3997251659,328,,3997251663,230,97.6,,,,,,,
2501053151,786,1,2,67,22,2uuh2bir8ktof0uxfo06lb4ox,1,50.2,49.4,2023-01-27T20:23:58.703Z,2023-01-27T20:24:04Z,3997252529,212,17.7,3997252525,140,33.9,3997252531,213,2.9,3997252523,56,Back,3997252527,141,56.0,3997252533,279,G,,,,,,,2esbyi3i7rtsdkxe6a917rsnp,L. Thy,,,,,,,,,,,,,,,,,,,,,,,,,,,,,,,,
2501053169,787,1,2,67,28,2uuh2bir8ktof0uxfo06lb4ox,0,35.8,56.1,2023-01-27T20:24:04.559Z,2023-01-27T20:24:08Z,3997252635,213,5.8,3997252629,141,19.8,3997252637,1,,3997252625,140,76.8,3997252615,157,,3997252619,56,Right,3997252633,212,49.6,,,,dse1rndtog4qn2mwv966vp6mt,B. van Hintum,,,,,,,,,,,,,,,,,,,,,,,,,,,,,,,,
2501053167,468,44,2,67,29,dnzj0iv5qtaemm9kthh9pos8q,1,18,82.8,2023-01-27T20:24:06.099Z,2023-01-27T20:24:08Z,3997252609,56,Back,3997252611,285,,3997252651,233,788,,,,,,,,,,,,,,,,4zow18ykkg1gvw40r7jsrzkl,D. van der Sluys,,,,,,,,,,,,,,,,,,,,,,,,,,,,,,,,
2501053175,788,44,2,67,29,2uuh2bir8ktof0uxfo06lb4ox,0,82,17.2,2023-01-27T20:24:06.100Z,2023-01-27T20:24:08Z,3997252647,286,,3997252655,233,468,3997252645,56,Right,,,,,,,,,,,,,,,,2f3j5qchxzh11u4bi2mb8dslw,D. Chirino,,,,,,,,,,,,,,,,,,,,,,,,,,,,,,,,
2501053189,469,1,2,67,30,dnzj0iv5qtaemm9kthh9pos8q,0,12.6,85.4,2023-01-27T20:24:07.027Z,2023-01-27T20:24:10Z,3997252707,212,18.6,3997252701,56,Back,3997252709,213,0.1,3997252699,3,,3997252705,141,88.9,3997252703,140,30.2,,,,,,,4zow18ykkg1gvw40r7jsrzkl,D. van der Sluys,,,,,,,,,,,,,,,,,,,,,,,,,,,,,,,,
2501053221,789,1,2,67,34,2uuh2bir8ktof0uxfo06lb4ox,1,68.7,22.8,2023-01-27T20:24:10.815Z,2023-01-27T20:24:12Z,3997252829,212,7.2,3997252825,140,64.6,3997252831,213,4.1,3997252823,56,Right,3997252827,141,14.3,,,,,,,,,,idvh0ac1f8wv39640pyl4esp,S. Kersten,,,,,,,,,,,,,,,,,,,,,,,,,,,,,,,,
2501053267,790,1,2,67,35,2uuh2bir8ktof0uxfo06lb4ox,1,64.6,14.3,2023-01-27T20:24:12.335Z,2023-01-27T20:24:16Z,3997253113,213,5.9,3997253107,140,77.7,3997253111,212,14.9,3997253109,141,5.8,3997253105,56,Right,,,,,,,,,,a339o11ut8s1o9odm6ybc4pka,T. van den Belt,,,,,,,,,,,,,,,,,,,,,,,,,,,,,,,,
2501053289,791,1,2,67,39,2uuh2bir8ktof0uxfo06lb4ox,1,83.3,11,2023-01-27T20:24:16.351Z,2023-01-27T20:24:18Z,3997253229,212,14.0,3997253225,140,77.5,3997253231,213,2.0,3997253223,56,Center,3997253227,141,29.5,,,,,,,,,,2f3j5qchxzh11u4bi2mb8dslw,D. Chirino,,,,,,,,,,,,,,,,,,,,,,,,,,,,,,,,
2501053303,792,1,2,67,41,2uuh2bir8ktof0uxfo06lb4ox,0,77.5,29.5,2023-01-27T20:24:18.303Z,2023-01-27T20:24:19Z,3997253313,141,38.8,3997253317,212,9.7,3997253309,140,84.5,3997253305,56,Center,3997253321,213,0.7,,,,,,,,,,by85t8ssyumcjcks1jx3v96vo,Y. Taha,,,,,,,,,,,,,,,,,,,,,,,,,,,,,,,,
2501053329,470,61,2,67,43,dnzj0iv5qtaemm9kthh9pos8q,1,17.7,54,2023-01-27T20:24:20.495Z,2023-01-27T20:24:20Z,3997253417,56,Back,,,,,,,,,,,,,,,,,,,,,,bquqyyfz4lj0xrerbhbtj1jze,Ö. Gündüz,,,,,,,,,,,,,,,,,,,,,,,,,,,,,,,,
2501053353,793,1,2,67,45,2uuh2bir8ktof0uxfo06lb4ox,1,69.6,36.4,2023-01-27T20:24:21.520Z,2023-01-27T20:24:23Z,3997253527,56,Center,3997253535,213,4.9,3997253533,212,8.4,3997253529,140,71.2,3997253525,3,,3997253531,141,24.3,,,,,,,ebr52ne9bo6xyh2vhr6nhfhbe,S. Zitman,,,,,,,,,,,,,,,,,,,,,,,,,,,,,,,,
2501053385,794,1,2,67,46,2uuh2bir8ktof0uxfo06lb4ox,1,69,22.7,2023-01-27T20:24:22.991Z,2023-01-27T20:24:28Z,3997253735,141,5.0,3997253739,213,4.7,3997253731,56,Right,3997253737,212,12.0,3997253733,140,68.6,,,,,,,,,,idvh0ac1f8wv39640pyl4esp,S. Kersten,,,,,,,,,,,,,,,,,,,,,,,,,,,,,,,,
2501053405,795,1,2,67,51,2uuh2bir8ktof0uxfo06lb4ox,1,67.9,21.9,2023-01-27T20:24:27.855Z,2023-01-27T20:24:29Z,3997253827,141,23.1,3997253831,213,3.1,3997253823,56,Center,3997253829,212,9.3,3997253825,140,59.1,,,,,,,,,,a339o11ut8s1o9odm6ybc4pka,T. van den Belt,,,,,,,,,,,,,,,,,,,,,,,,,,,,,,,,
2501053429,796,1,2,67,53,2uuh2bir8ktof0uxfo06lb4ox,1,59.1,23.3,2023-01-27T20:24:29.759Z,2023-01-27T20:24:32Z,3997253923,212,10.8,3997253919,140,62.5,3997253925,213,5.0,3997253921,141,8.3,3997253917,56,Right,,,,,,,,,,ebr52ne9bo6xyh2vhr6nhfhbe,S. Zitman,,,,,,,,,,,,,,,,,,,,,,,,,,,,,,,,
2501053491,797,1,2,67,55,2uuh2bir8ktof0uxfo06lb4ox,1,62.5,8.3,2023-01-27T20:24:31.870Z,2023-01-27T20:24:37Z,3997254289,140,56.3,3997254295,213,2.3,3997254291,141,19.1,3997254293,212,9.8,3997254287,56,Right,,,,,,,,,,idvh0ac1f8wv39640pyl4esp,S. Kersten,,,,,,,,,,,,,,,,,,,,,,,,,,,,,,,,
2501053509,798,1,2,68,1,2uuh2bir8ktof0uxfo06lb4ox,0,63.1,41.2,2023-01-27T20:24:37.631Z,2023-01-27T20:24:38Z,3997254393,56,Center,3997254401,213,1.0,3997254399,212,22.4,3997254395,140,75.1,3997254397,141,68.4,,,,,,,,,,ebr52ne9bo6xyh2vhr6nhfhbe,S. Zitman,,,,,,,,,,,,,,,,,,,,,,,,,,,,,,,,
2501053519,471,8,2,68,3,dnzj0iv5qtaemm9kthh9pos8q,1,23.5,25.6,2023-01-27T20:24:39.971Z,2023-01-27T20:24:40Z,3997254465,56,Back,,,,,,,,,,,,,,,,,,,,,,7cetznpb0tnu6kdz7bvm8gyxh,L. Piqué,,,,,,,,,,,,,,,,,,,,,,,,,,,,,,,,
2501053525,472,49,2,68,4,dnzj0iv5qtaemm9kthh9pos8q,1,23.8,25.6,2023-01-27T20:24:40.516Z,2023-01-27T20:24:40Z,,,,,,,,,,,,,,,,,,,,,,,,,7cetznpb0tnu6kdz7bvm8gyxh,L. Piqué,,,,,,,,,,,,,,,,,,,,,,,,,,,,,,,,
2501053615,473,1,2,68,6,dnzj0iv5qtaemm9kthh9pos8q,0,35.7,23.3,2023-01-27T20:24:42.611Z,2023-01-27T20:59:06Z,3997254899,212,47.6,3997254895,140,63.5,3997254893,56,Center,3997254903,1,,3997254897,141,78.5,3997254891,157,,3997254901,213,0.9,,,,7cetznpb0tnu6kdz7bvm8gyxh,L. Piqué,,,,,,,,,,,,,,,,,,,,,,,,,,,,,,,,
2501053587,799,49,2,68,10,2uuh2bir8ktof0uxfo06lb4ox,1,32.3,9.1,2023-01-27T20:24:46.607Z,2023-01-27T20:24:46Z,,,,,,,,,,,,,,,,,,,,,,,,,idvh0ac1f8wv39640pyl4esp,S. Kersten,,,,,,,,,,,,,,,,,,,,,,,,,,,,,,,,
2501053607,800,1,2,68,10,2uuh2bir8ktof0uxfo06lb4ox,0,32.3,9.1,2023-01-27T20:24:46.879Z,2023-01-27T20:59:01Z,3997254853,56,Back,3997254859,212,15.4,3997254855,140,45.4,3997254857,141,0.0,3997254861,213,5.8,,,,,,,,,,idvh0ac1f8wv39640pyl4esp,S. Kersten,,,,,,,,,,,,,,,,,,,,,,,,,,,,,,,,
2501053667,474,5,2,68,11,dnzj0iv5qtaemm9kthh9pos8q,1,53.3,101.5,2023-01-27T20:24:47.874Z,2023-01-27T20:24:53Z,3997255241,56,Left,3997255247,347,,3997255243,233,801,,,,,,,,,,,,,,,,7cetznpb0tnu6kdz7bvm8gyxh,L. Piqué,,,,,,,,,,,,,,,,,,,,,,,,,,,,,,,,
2501053611,801,5,2,68,11,2uuh2bir8ktof0uxfo06lb4ox,0,46.7,-1.5,2023-01-27T20:24:47.874Z,2023-01-27T20:24:54Z,3997254867,56,Back,3997255251,233,474,3997254869,347,,,,,,,,,,,,,,,,,idvh0ac1f8wv39640pyl4esp,S. Kersten,,,,,,,,,,,,,,,,,,,,,,,,,,,,,,,,
2501053771,475,1,2,68,26,dnzj0iv5qtaemm9kthh9pos8q,1,34.7,100,2023-01-27T20:25:03.346Z,2023-01-27T20:25:04Z,3997255761,56,Back,3997255767,212,11.3,3997255763,140,27.7,3997255759,107,,3997255769,213,4.0,3997255765,141,89.1,,,,,,,4zow18ykkg1gvw40r7jsrzkl,D. van der Sluys,,,,,,,,,,,,,,,,,,,,,,,,,,,,,,,,
2501053787,476,1,2,68,28,dnzj0iv5qtaemm9kthh9pos8q,1,28.1,90.5,2023-01-27T20:25:04.818Z,2023-01-27T20:25:06Z,3997255851,56,Back,3997255857,212,6.9,3997255853,140,32.7,3997255855,141,97.7,3997255859,213,0.8,,,,,,,,,,1jn9jog8ou8uxnmypneksizxm,R. van Eijma,,,,,,,,,,,,,,,,,,,,,,,,,,,,,,,,
2501053807,477,1,2,68,29,dnzj0iv5qtaemm9kthh9pos8q,1,35,98.7,2023-01-27T20:25:06.098Z,2023-01-27T20:25:08Z,3997255973,140,38.2,3997255971,56,Back,3997255977,212,10.3,3997255975,141,84.4,3997255979,213,5.0,,,,,,,,,,4zow18ykkg1gvw40r7jsrzkl,D. van der Sluys,,,,,,,,,,,,,,,,,,,,,,,,,,,,,,,,
2501053839,478,1,2,68,32,dnzj0iv5qtaemm9kthh9pos8q,0,38.1,84.8,2023-01-27T20:25:08.756Z,2023-01-27T20:25:12Z,3997256151,213,0.1,3997256143,56,Left,3997256145,140,83.2,3997256149,212,47.7,3997256153,1,,3997256141,157,,3997256147,141,93.5,,,,dh3ksith5iat573zuhdhv91w5,R. Stuy van den Herik,,,,,,,,,,,,,,,,,,,,,,,,,,,,,,,,
2501053827,802,49,2,68,35,2uuh2bir8ktof0uxfo06lb4ox,1,23.9,5.9,2023-01-27T20:25:11.535Z,2023-01-27T20:25:11Z,,,,,,,,,,,,,,,,,,,,,,,,,idvh0ac1f8wv39640pyl4esp,S. Kersten,,,,,,,,,,,,,,,,,,,,,,,,,,,,,,,,
2501053865,803,1,2,68,35,2uuh2bir8ktof0uxfo06lb4ox,1,22.9,5.8,2023-01-27T20:25:12.127Z,2023-01-27T20:25:14Z,3997256277,140,6.3,3997256283,213,2.3,3997256275,56,Back,3997256279,141,34.0,3997256281,212,25.9,,,,,,,,,,idvh0ac1f8wv39640pyl4esp,S. Kersten,,,,,,,,,,,,,,,,,,,,,,,,,,,,,,,,
2501053907,804,1,2,68,38,2uuh2bir8ktof0uxfo06lb4ox,0,3.6,37.1,2023-01-27T20:25:14.656Z,2023-01-27T20:25:19Z,3997256497,56,Back,3997256493,157,,3997256505,212,47.1,3997256509,1,,3997256501,140,48.4,3997256507,213,6.2,3997256503,141,34.0,,,,cetavjue5femoxid9fmcd0zjd,J. Schendelaar,,,,,,,,,,,,,,,,,,,,,,,,,,,,,,,,
2501053925,479,44,2,68,41,dnzj0iv5qtaemm9kthh9pos8q,1,50.2,64.5,2023-01-27T20:25:18.222Z,2023-01-27T20:25:20Z,3997256629,233,805,3997256633,286,,3997256621,56,Center,,,,,,,,,,,,,,,,1jn9jog8ou8uxnmypneksizxm,R. van Eijma,,,,,,,,,,,,,,,,,,,,,,,,,,,,,,,,
2501053915,805,44,2,68,41,2uuh2bir8ktof0uxfo06lb4ox,0,49.8,35.5,2023-01-27T20:25:18.223Z,2023-01-27T20:25:20Z,3997256541,56,Back,3997256655,233,479,3997256543,285,,,,,,,,,,,,,,,,,by85t8ssyumcjcks1jx3v96vo,Y. Taha,,,,,,,,,,,,,,,,,,,,,,,,,,,,,,,,
2501053951,480,1,2,68,43,dnzj0iv5qtaemm9kthh9pos8q,0,48.8,63,2023-01-27T20:25:20.130Z,2023-01-27T20:25:21Z,3997256759,212,14.5,3997256755,140,62.6,3997256751,56,Center,3997256745,3,,3997256757,141,63.9,3997256761,213,0.0,,,,,,,1jn9jog8ou8uxnmypneksizxm,R. van Eijma,,,,,,,,,,,,,,,,,,,,,,,,,,,,,,,,
2501053933,806,8,2,68,44,2uuh2bir8ktof0uxfo06lb4ox,1,35.1,33.1,2023-01-27T20:25:20.591Z,2023-01-27T20:25:20Z,3997256651,56,Back,,,,,,,,,,,,,,,,,,,,,,dmrznrol8qp7yk53r6ajhnkt0,T. Beelen,,,,,,,,,,,,,,,,,,,,,,,,,,,,,,,,
2501053969,481,8,2,68,47,dnzj0iv5qtaemm9kthh9pos8q,1,60,78.7,2023-01-27T20:25:24.098Z,2023-01-27T20:25:24Z,3997256865,56,Center,,,,,,,,,,,,,,,,,,,,,,4zow18ykkg1gvw40r7jsrzkl,D. van der Sluys,,,,,,,,,,,,,,,,,,,,,,,,,,,,,,,,
2501053981,482,61,2,68,48,dnzj0iv5qtaemm9kthh9pos8q,0,60.1,80.9,2023-01-27T20:25:24.818Z,2023-01-27T20:25:24Z,3997256907,56,Left,,,,,,,,,,,,,,,,,,,,,,4zow18ykkg1gvw40r7jsrzkl,D. van der Sluys,,,,,,,,,,,,,,,,,,,,,,,,,,,,,,,,
2501054073,807,1,2,68,50,2uuh2bir8ktof0uxfo06lb4ox,0,33.3,14.7,2023-01-27T20:25:26.545Z,2023-01-27T20:25:32Z,3997257425,212,44.6,3997257429,1,,3997257419,56,Right,3997257423,141,15.5,3997257427,213,0.0,3997257417,155,,3997257421,140,75.8,,,,dse1rndtog4qn2mwv966vp6mt,B. van Hintum,,,,,,,,,,,,,,,,,,,,,,,,,,,,,,,,
2501054077,483,8,2,68,56,dnzj0iv5qtaemm9kthh9pos8q,1,19.5,79,2023-01-27T20:25:33.330Z,2023-01-27T20:25:33Z,3997257443,56,Back,,,,,,,,,,,,,,,,,,,,,,7cetznpb0tnu6kdz7bvm8gyxh,L. Piqué,,,,,,,,,,,,,,,,,,,,,,,,,,,,,,,,
2501054135,808,1,2,68,59,2uuh2bir8ktof0uxfo06lb4ox,1,76.4,15.8,2023-01-27T20:25:36.111Z,2023-01-27T20:25:38Z,3997257737,140,89.8,3997257743,213,6.1,3997257741,212,14.3,3997257739,141,11.9,3997257735,56,Right,,,,,,,,,,2esbyi3i7rtsdkxe6a917rsnp,L. Thy,,,,,,,,,,,,,,,,,,,,,,,,,,,,,,,,
2501054159,809,1,2,69,2,2uuh2bir8ktof0uxfo06lb4ox,0,94,13.5,2023-01-27T20:25:38.543Z,2023-01-27T20:25:40Z,3997257897,212,23.2,3997257891,56,Center,3997257887,2,,3997257893,140,97.3,3997257889,155,,3997257899,213,1.4,3997257895,141,47.3,,,,2f3j5qchxzh11u4bi2mb8dslw,D. Chirino,,,,,,,,,,,,,,,,,,,,,,,,,,,,,,,,
2501054165,484,52,2,69,4,dnzj0iv5qtaemm9kthh9pos8q,1,1.3,55.1,2023-01-27T20:25:41.139Z,2023-01-27T20:25:41Z,,,,,,,,,,,,,,,,,,,,,,,,,alzgg0nxnnex3nkzr6lgmt1ey,T. Jansen,,,,,,,,,,,,,,,,,,,,,,,,,,,,,,,,
2501054395,485,1,2,69,21,dnzj0iv5qtaemm9kthh9pos8q,0,16.3,52.5,2023-01-27T20:25:57.843Z,2023-01-27T20:26:04Z,3997259397,199,,3997259179,1,,3997259175,212,52.5,3997259177,213,0.1,3997259171,140,66.1,3997259169,56,Center,3997259173,141,58.7,,,,alzgg0nxnnex3nkzr6lgmt1ey,T. Jansen,,,,,,,,,,,,,,,,,,,,,,,,,,,,,,,,
2501054407,810,49,2,69,25,2uuh2bir8ktof0uxfo06lb4ox,1,28.5,24.9,2023-01-27T20:26:02.078Z,2023-01-27T20:26:02Z,,,,,,,,,,,,,,,,,,,,,,,,,dmrznrol8qp7yk53r6ajhnkt0,T. Beelen,,,,,,,,,,,,,,,,,,,,,,,,,,,,,,,,
2501054439,811,1,2,69,27,2uuh2bir8ktof0uxfo06lb4ox,1,19.3,14.9,2023-01-27T20:26:04.478Z,2023-01-27T20:26:06Z,3997259479,141,35.2,3997259481,212,20.0,3997259475,56,Back,3997259483,213,2.4,3997259477,140,5.5,,,,,,,,,,dmrznrol8qp7yk53r6ajhnkt0,T. Beelen,,,,,,,,,,,,,,,,,,,,,,,,,,,,,,,,
2501054483,812,1,2,69,29,2uuh2bir8ktof0uxfo06lb4ox,1,5.7,33.3,2023-01-27T20:26:06.478Z,2023-01-27T20:26:10Z,3997259697,56,Back,3997259705,213,0.0,3997259707,1,,3997259701,141,35.2,3997259699,140,46.8,3997259695,157,,3997259703,212,43.2,,,,cetavjue5femoxid9fmcd0zjd,J. Schendelaar,,,,,,,,,,,,,,,,,,,,,,,,,,,,,,,,
2501054487,813,44,2,69,34,2uuh2bir8ktof0uxfo06lb4ox,1,46.4,39.8,2023-01-27T20:26:10.830Z,2023-01-27T20:26:11Z,3997259715,56,Back,3997259737,233,486,3997259717,285,,,,,,,,,,,,,,,,,2esbyi3i7rtsdkxe6a917rsnp,L. Thy,,,,,,,,,,,,,,,,,,,,,,,,,,,,,,,,
2501054485,486,44,2,69,34,dnzj0iv5qtaemm9kthh9pos8q,0,53.6,60.2,2023-01-27T20:26:10.831Z,2023-01-27T20:26:12Z,3997259747,233,813,3997259711,56,Center,3997259713,286,,,,,,,,,,,,,,,,,1jn9jog8ou8uxnmypneksizxm,R. van Eijma,,,,,,,,,,,,,,,,,,,,,,,,,,,,,,,,
2501054501,814,1,2,69,34,2uuh2bir8ktof0uxfo06lb4ox,1,46.8,35.2,2023-01-27T20:26:11.118Z,2023-01-27T20:26:13Z,3997259801,140,61.1,3997259807,213,0.1,3997259803,141,38.3,3997259795,3,,3997259799,56,Center,3997259797,168,,3997259805,212,15.2,,,,2esbyi3i7rtsdkxe6a917rsnp,L. Thy,,,,,,,,,,,,,,,,,,,,,,,,,,,,,,,,
2501054505,815,61,2,69,36,2uuh2bir8ktof0uxfo06lb4ox,0,63.3,38,2023-01-27T20:26:13.246Z,2023-01-27T20:26:13Z,3997259825,56,Center,,,,,,,,,,,,,,,,,,,,,,by85t8ssyumcjcks1jx3v96vo,Y. Taha,,,,,,,,,,,,,,,,,,,,,,,,,,,,,,,,
2501054539,487,1,2,69,38,dnzj0iv5qtaemm9kthh9pos8q,0,27.1,49.9,2023-01-27T20:26:14.772Z,2023-01-27T20:26:19Z,3997260033,56,Left,3997260041,213,0.7,3997260031,157,,3997260043,1,,3997260037,141,81.4,3997260039,212,33.4,3997260035,140,51.5,,,,7cetznpb0tnu6kdz7bvm8gyxh,L. Piqué,,,,,,,,,,,,,,,,,,,,,,,,,,,,,,,,
2501054587,816,1,2,69,40,2uuh2bir8ktof0uxfo06lb4ox,1,52,15.6,2023-01-27T20:26:17.438Z,2023-01-27T20:26:22Z,3997260271,212,6.6,3997260265,56,Back,3997260269,141,8.8,3997260273,213,3.9,3997260267,140,47.5,,,,,,,,,,idvh0ac1f8wv39640pyl4esp,S. Kersten,,,,,,,,,,,,,,,,,,,,,,,,,,,,,,,,
2501054623,817,1,2,69,46,2uuh2bir8ktof0uxfo06lb4ox,1,45.7,11,2023-01-27T20:26:22.846Z,2023-01-27T20:26:28Z,3997260483,189,,3997260491,212,12.5,3997260485,56,Center,3997260489,141,24.0,3997260493,213,0.8,3997260487,140,54.1,,,,,,,2f3j5qchxzh11u4bi2mb8dslw,D. Chirino,,,,,,,,,,,,,,,,,,,,,,,,,,,,,,,,
2501054661,818,1,2,69,53,2uuh2bir8ktof0uxfo06lb4ox,1,55.7,28.8,2023-01-27T20:26:30.318Z,2023-01-27T20:26:34Z,3997260697,213,1.9,3997260689,56,Center,3997260691,140,51.4,3997260695,212,14.9,3997260693,141,49.7,,,,,,,,,,a339o11ut8s1o9odm6ybc4pka,T. van den Belt,,,,,,,,,,,,,,,,,,,,,,,,,,,,,,,,
2501054685,819,1,2,69,57,2uuh2bir8ktof0uxfo06lb4ox,1,53.2,49.1,2023-01-27T20:26:33.981Z,2023-01-27T20:26:36Z,3997260821,141,25.9,3997260817,56,Center,3997260823,212,15.8,3997260819,140,52.8,3997260825,213,4.7,,,,,,,,,,dmrznrol8qp7yk53r6ajhnkt0,T. Beelen,,,,,,,,,,,,,,,,,,,,,,,,,,,,,,,,
2501054751,820,1,2,69,59,2uuh2bir8ktof0uxfo06lb4ox,1,52.9,24.3,2023-01-27T20:26:36.109Z,2023-01-27T20:26:41Z,3997261151,140,68.3,3997261157,213,5.6,3997261149,56,Right,3997261153,141,4.7,3997261155,212,21.0,,,,,,,,,,idvh0ac1f8wv39640pyl4esp,S. Kersten,,,,,,,,,,,,,,,,,,,,,,,,,,,,,,,,
2501054773,821,1,2,70,4,2uuh2bir8ktof0uxfo06lb4ox,1,69.2,3.8,2023-01-27T20:26:41.454Z,2023-01-27T20:26:43Z,3997261247,140,60.3,3997261253,213,2.2,3997261245,56,Center,3997261249,141,23.7,3997261251,212,16.4,,,,,,,,,,2f3j5qchxzh11u4bi2mb8dslw,D. Chirino,,,,,,,,,,,,,,,,,,,,,,,,,,,,,,,,
2501054793,822,1,2,70,6,2uuh2bir8ktof0uxfo06lb4ox,1,60.3,23.7,2023-01-27T20:26:43.485Z,2023-01-27T20:26:45Z,3997261355,212,14.2,3997261353,141,44.2,3997261349,56,Center,3997261357,213,1.4,3997261351,140,62.7,,,,,,,,,,a339o11ut8s1o9odm6ybc4pka,T. van den Belt,,,,,,,,,,,,,,,,,,,,,,,,,,,,,,,,
2501054809,488,45,2,70,9,dnzj0iv5qtaemm9kthh9pos8q,0,33.7,52.4,2023-01-27T20:26:45.726Z,2023-01-27T20:26:49Z,3997261441,56,Back,3997261445,285,,3997261567,233,823,,,,,,,,,,,,,,,,f1as17wqpj44gihtvw936lofd,B. van Hoeven,,,,,,,,,,,,,,,,,,,,,,,,,,,,,,,,
2501054819,823,3,2,70,9,2uuh2bir8ktof0uxfo06lb4ox,1,66.3,47.6,2023-01-27T20:26:45.726Z,2023-01-27T20:26:48Z,3997261545,233,488,3997261497,286,,3997261495,56,Center,,,,,,,,,,,,,,,,dmrznrol8qp7yk53r6ajhnkt0,T. Beelen,,,,,,,,,,,,,,,,,,,,,,,,,,,,,,,,
2501054823,824,61,2,70,11,2uuh2bir8ktof0uxfo06lb4ox,0,72.6,49.6,2023-01-27T20:26:48.126Z,2023-01-27T20:26:48Z,3997261507,56,Center,,,,,,,,,,,,,,,,,,,,,,dmrznrol8qp7yk53r6ajhnkt0,T. Beelen,,,,,,,,,,,,,,,,,,,,,,,,,,,,,,,,
2501054847,489,61,2,70,13,dnzj0iv5qtaemm9kthh9pos8q,1,22,45.7,2023-01-27T20:26:49.890Z,2023-01-27T20:26:50Z,3997261661,56,Back,,,,,,,,,,,,,,,,,,,,,,bquqyyfz4lj0xrerbhbtj1jze,Ö. Gündüz,,,,,,,,,,,,,,,,,,,,,,,,,,,,,,,,
2501054889,825,1,2,70,16,2uuh2bir8ktof0uxfo06lb4ox,1,77.8,64.5,2023-01-27T20:26:53.454Z,2023-01-27T20:26:55Z,3997261957,140,77.1,3997261961,212,7.0,3997261959,141,74.8,3997261955,56,Center,3997261963,213,1.7,,,,,,,,,,dmrznrol8qp7yk53r6ajhnkt0,T. Beelen,,,,,,,,,,,,,,,,,,,,,,,,,,,,,,,,
2501054907,826,1,2,70,18,2uuh2bir8ktof0uxfo06lb4ox,1,77.1,74.7,2023-01-27T20:26:54.989Z,2023-01-27T20:26:57Z,3997262075,140,90.2,3997262079,212,15.1,3997262073,56,Left,3997262081,213,0.4,3997262077,141,83.9,,,,,,,,,,ebr52ne9bo6xyh2vhr6nhfhbe,S. Zitman,,,,,,,,,,,,,,,,,,,,,,,,,,,,,,,,
2501054935,827,1,2,70,20,2uuh2bir8ktof0uxfo06lb4ox,0,85,85,2023-01-27T20:26:57.486Z,2023-01-27T20:26:59Z,3997262253,155,,3997262257,140,90.9,3997262251,2,,3997262263,213,5.0,3997262255,56,Center,3997262259,141,53.7,3997262261,212,22.2,,,,csecbdlw3sxstnebpiw91ezxm,S. Lagsir,,,,,,,,,,,,,,,,,,,,,,,,,,,,,,,,
2501054959,490,12,2,70,25,dnzj0iv5qtaemm9kthh9pos8q,1,8.2,49.9,2023-01-27T20:27:01.842Z,2023-01-27T20:27:26Z,3997262457,140,23.3,3997262461,212,17.1,3997262459,141,59.3,3997262455,56,Back,3997262463,213,0.4,3997262481,15,,,,,,,,1jn9jog8ou8uxnmypneksizxm,R. van Eijma,,,,,,,,,,,,,,,,,,,,,,,,,,,,,,,,
2501054963,828,15,2,70,26,2uuh2bir8ktof0uxfo06lb4ox,1,69.9,43,2023-01-27T20:27:02.686Z,2023-01-27T20:27:35Z,3997263257,20,,3997264295,78,,3997262489,22,,3997264305,328,,3997262491,18,,3997264303,108,,3997264311,147,43.9,3997264309,146,73.4,a339o11ut8s1o9odm6ybc4pka,T. van den Belt,3997262493,56,3997264315,231,50.7,,Center,3997264297,102,3997264313,230,97.7,3997264301,215,3997263261,82,,50.3,,3997263273,233,491,3997264299,103,19,3997264307,458,,,,,
2501055001,491,10,2,70,26,dnzj0iv5qtaemm9kthh9pos8q,1,21.7,49.9,2023-01-27T20:27:02.786Z,2023-01-27T20:27:14Z,3997262735,56,Back,3997263353,233,828,3997262731,94,,,,,,,,,,,,,,,,,8uw9w30592omb8acpnssgdlh,R. Dekker,,,,,,,,,,,,,,,,,,,,,,,,,,,,,,,,
2501055091,492,4,2,70,33,dnzj0iv5qtaemm9kthh9pos8q,1,44,80.2,2023-01-27T20:27:10.220Z,2023-01-27T20:27:12Z,3997263217,286,,3997263221,233,829,3997263211,152,,3997263207,56,Back,3997263213,265,,3997263205,13,,,,,,,,b950jt347chmq9whlkgl6fxpm,K. Leidsman,,,,,,,,,,,,,,,,,,,,,,,,,,,,,,,,
2501055075,829,4,2,70,33,2uuh2bir8ktof0uxfo06lb4ox,0,56,19.8,2023-01-27T20:27:10.221Z,2023-01-27T20:27:12Z,3997263113,265,,3997263107,13,,3997263115,285,,3997263111,152,,3997263229,233,492,3997263109,56,Right,,,,,,,idvh0ac1f8wv39640pyl4esp,S. Kersten,,,,,,,,,,,,,,,,,,,,,,,,,,,,,,,,
2501055351,493,1,2,70,58,dnzj0iv5qtaemm9kthh9pos8q,1,39.9,77.8,2023-01-27T20:27:34.579Z,2023-01-27T20:27:42Z,3997264661,1,,3997264659,213,5.7,3997264647,157,,3997264655,141,26.5,3997264651,56,Center,3997264657,212,67.6,3997264645,5,,3997264649,152,,1jn9jog8ou8uxnmypneksizxm,R. van Eijma,3997264653,140,,,,,95.1,,,,,,,,,,,,,,,,,,,,,,,,,
2501055385,494,1,2,71,6,dnzj0iv5qtaemm9kthh9pos8q,0,86.9,8.8,2023-01-27T20:27:42.657Z,2023-01-27T20:27:47Z,3997264905,1,,3997264893,155,,3997264897,140,87.4,3997264891,2,,3997264895,56,Center,3997264899,141,64.8,3997264903,213,1.6,3997264901,212,38.1,f1as17wqpj44gihtvw936lofd,B. van Hoeven,,,,,,,,,,,,,,,,,,,,,,,,,,,,,,,,
2501055387,830,12,2,71,8,2uuh2bir8ktof0uxfo06lb4ox,1,12.4,36.7,2023-01-27T20:27:45.406Z,2023-01-27T20:27:47Z,3997264913,141,41.5,3997264915,212,15.3,3997264919,15,,3997264911,140,26.6,3997264917,213,0.2,3997264909,56,Back,,,,,,,2f3j5qchxzh11u4bi2mb8dslw,D. Chirino,,,,,,,,,,,,,,,,,,,,,,,,,,,,,,,,
2501055389,495,44,2,71,11,dnzj0iv5qtaemm9kthh9pos8q,1,73.8,62.6,2023-01-27T20:27:48.060Z,2023-01-27T20:27:49Z,3997264927,286,,3997264925,56,Center,3997264991,233,831,,,,,,,,,,,,,,,,4zow18ykkg1gvw40r7jsrzkl,D. van der Sluys,,,,,,,,,,,,,,,,,,,,,,,,,,,,,,,,
2501055399,831,44,2,71,11,2uuh2bir8ktof0uxfo06lb4ox,0,26.2,37.4,2023-01-27T20:27:48.061Z,2023-01-27T20:27:50Z,3997265013,233,495,3997264961,285,,3997264959,56,Back,,,,,,,,,,,,,,,,by85t8ssyumcjcks1jx3v96vo,Y. Taha,,,,,,,,,,,,,,,,,,,,,,,,,,,,,,,,
2501055409,496,1,2,71,11,dnzj0iv5qtaemm9kthh9pos8q,1,74.1,66.7,2023-01-27T20:27:48.402Z,2023-01-27T20:27:50Z,3997265031,213,2.3,3997265025,140,68.2,3997265029,212,9.5,3997265023,56,Center,3997265021,3,,3997265027,141,77.2,,,,,,,4zow18ykkg1gvw40r7jsrzkl,D. van der Sluys,,,,,,,,,,,,,,,,,,,,,,,,,,,,,,,,
2501055427,497,1,2,71,13,dnzj0iv5qtaemm9kthh9pos8q,1,68.6,77.9,2023-01-27T20:27:49.969Z,2023-01-27T20:27:52Z,3997265127,141,68.5,3997265125,140,64.8,3997265129,212,7.5,3997265131,213,4.2,3997265123,56,Center,,,,,,,,,,1jn9jog8ou8uxnmypneksizxm,R. van Eijma,,,,,,,,,,,,,,,,,,,,,,,,,,,,,,,,
2501055501,498,1,2,71,15,dnzj0iv5qtaemm9kthh9pos8q,1,60.3,75.6,2023-01-27T20:27:52.465Z,2023-01-27T20:28:11Z,3997265527,140,65.3,3997265917,210,15,3997265533,213,1.2,3997265521,56,Left,3997265529,141,98.0,3997265531,212,16.1,,,,,,,4zow18ykkg1gvw40r7jsrzkl,D. van der Sluys,,,,,,1,,,,,,,,,,,,,,,,,,,,,,,,,,
2501055503,499,15,2,71,22,dnzj0iv5qtaemm9kthh9pos8q,1,70,75.6,2023-01-27T20:27:59.121Z,2023-01-27T20:28:11Z,3997265959,78,,3997265963,55,498,3997265975,147,51.8,3997265967,102,51.3,3997265973,146,97.7,3997265541,18,,3997265539,22,,3997266153,233,832,1mroid71v9bwpx0iaospei9gq,R. Margaret,3997265961,29,3997265969,103,16.5,,,3997265971,215,3997265643,20,,3997265543,56,,,,,Center,,,,,,,,,,,,,
2501055497,832,10,2,71,22,2uuh2bir8ktof0uxfo06lb4ox,1,2.8,49.4,2023-01-27T20:27:59.221Z,2023-01-27T20:28:11Z,3997266165,233,499,3997265485,56,Back,3997265481,178,,3997265483,182,,3997266085,177,,,,,,,,,,,cetavjue5femoxid9fmcd0zjd,J. Schendelaar,,,,,,,,,,,,,,,,,,,,,,,,,,,,,,,,
2501055559,833,1,2,71,27,2uuh2bir8ktof0uxfo06lb4ox,1,11.7,50.1,2023-01-27T20:28:03.566Z,2023-01-27T20:28:06Z,3997265891,141,73.2,3997265897,1,,3997265893,212,60.5,3997265887,56,Center,3997265889,140,67.3,3997265885,199,,3997265895,213,0.3,,,,cetavjue5femoxid9fmcd0zjd,J. Schendelaar,,,,,,,,,,,,,,,,,,,,,,,,,,,,,,,,
2501055561,834,61,2,71,29,2uuh2bir8ktof0uxfo06lb4ox,0,67.3,73.2,2023-01-27T20:28:06.333Z,2023-01-27T20:28:06Z,3997265901,56,Center,,,,,,,,,,,,,,,,,,,,,,2esbyi3i7rtsdkxe6a917rsnp,L. Thy,,,,,,,,,,,,,,,,,,,,,,,,,,,,,,,,
2501055591,500,49,2,71,34,dnzj0iv5qtaemm9kthh9pos8q,1,29.5,34,2023-01-27T20:28:10.787Z,2023-01-27T20:28:10Z,,,,,,,,,,,,,,,,,,,,,,,,,4zow18ykkg1gvw40r7jsrzkl,D. van der Sluys,,,,,,,,,,,,,,,,,,,,,,,,,,,,,,,,
2501055621,501,1,2,71,35,dnzj0iv5qtaemm9kthh9pos8q,1,21.8,14.6,2023-01-27T20:28:11.745Z,2023-01-27T20:28:13Z,3997266281,212,4.6,3997266279,141,18.3,3997266275,56,Back,3997266277,140,18.1,3997266283,213,2.6,,,,,,,,,,4zow18ykkg1gvw40r7jsrzkl,D. van der Sluys,,,,,,,,,,,,,,,,,,,,,,,,,,,,,,,,
2501055627,502,1,2,71,36,dnzj0iv5qtaemm9kthh9pos8q,0,16.9,19.2,2023-01-27T20:28:13.169Z,2023-01-27T20:28:13Z,3997266309,212,27.0,3997266305,140,42.6,3997266303,56,Back,3997266311,213,6.3,3997266307,141,18.2,3997266313,1,,3997266301,157,,,,,7cetznpb0tnu6kdz7bvm8gyxh,L. Piqué,,,,,,,,,,,,,,,,,,,,,,,,,,,,,,,,
2501055625,835,49,2,71,36,2uuh2bir8ktof0uxfo06lb4ox,1,67.4,77.9,2023-01-27T20:28:13.311Z,2023-01-27T20:28:13Z,,,,,,,,,,,,,,,,,,,,,,,,,ebr52ne9bo6xyh2vhr6nhfhbe,S. Zitman,,,,,,,,,,,,,,,,,,,,,,,,,,,,,,,,
2501055683,836,1,2,71,38,2uuh2bir8ktof0uxfo06lb4ox,1,66.3,76.1,2023-01-27T20:28:14.973Z,2023-01-27T20:28:19Z,3997266611,56,Left,3997266617,212,17.7,3997266613,140,79.3,3997266615,141,92.6,3997266619,213,0.7,,,,,,,,,,ebr52ne9bo6xyh2vhr6nhfhbe,S. Zitman,,,,,,,,,,,,,,,,,,,,,,,,,,,,,,,,
2501055689,837,61,2,71,42,2uuh2bir8ktof0uxfo06lb4ox,0,81.7,92.4,2023-01-27T20:28:19.102Z,2023-01-27T20:28:19Z,3997266627,56,Left,,,,,,,,,,,,,,,,,,,,,,csecbdlw3sxstnebpiw91ezxm,S. Lagsir,,,,,,,,,,,,,,,,,,,,,,,,,,,,,,,,
2501055763,838,1,2,71,47,2uuh2bir8ktof0uxfo06lb4ox,0,63.5,91.1,2023-01-27T20:28:23.948Z,2023-01-27T20:28:26Z,3997267045,213,0.3,3997267037,56,Left,3997267043,212,11.4,3997267041,141,95.4,3997267039,140,74.0,,,,,,,,,,dse1rndtog4qn2mwv966vp6mt,B. van Hintum,,,,,,,,,,,,,,,,,,,,,,,,,,,,,,,,
2501055755,503,1,2,71,47,dnzj0iv5qtaemm9kthh9pos8q,0,13.1,24.1,2023-01-27T20:28:24.291Z,2023-01-27T20:28:25Z,3997266989,56,Back,3997266999,1,,3997266995,212,32.8,3997266997,213,5.7,3997266991,140,39.6,3997266987,157,,3997266993,141,0.0,,,,7cetznpb0tnu6kdz7bvm8gyxh,L. Piqué,,,,,,,,,,,,,,,,,,,,,,,,,,,,,,,,
2501055757,504,5,2,71,49,dnzj0iv5qtaemm9kthh9pos8q,0,36,-1.5,2023-01-27T20:28:25.888Z,2023-01-27T20:28:32Z,3997267003,347,,3997267453,233,839,3997267001,56,Back,,,,,,,,,,,,,,,,7cetznpb0tnu6kdz7bvm8gyxh,L. Piqué,,,,,,,,,,,,,,,,,,,,,,,,,,,,,,,,
2501055831,839,5,2,71,49,2uuh2bir8ktof0uxfo06lb4ox,1,64,101.5,2023-01-27T20:28:25.888Z,2023-01-27T20:58:16Z,3997267419,56,Left,3997267421,347,,3997267433,233,504,,,,,,,,,,,,,,,,dse1rndtog4qn2mwv966vp6mt,B. van Hintum,,,,,,,,,,,,,,,,,,,,,,,,,,,,,,,,
2501055847,840,1,2,71,55,2uuh2bir8ktof0uxfo06lb4ox,1,67.7,100,2023-01-27T20:28:32.269Z,2023-01-27T20:28:33Z,3997267493,141,68.4,3997267487,107,,3997267491,140,85.5,3997267497,213,5.4,3997267499,1,,3997267495,212,29.4,3997267489,56,Center,,,,dse1rndtog4qn2mwv966vp6mt,B. van Hintum,,,,,,,,,,,,,,,,,,,,,,,,,,,,,,,,
2501055857,841,1,2,71,56,2uuh2bir8ktof0uxfo06lb4ox,1,85.5,68.4,2023-01-27T20:28:33.277Z,2023-01-27T20:28:34Z,3997267551,156,,3997267535,141,64.8,3997267539,213,3.3,3997267537,212,13.1,3997267531,56,Center,3997267533,140,73.2,,,,,,,2esbyi3i7rtsdkxe6a917rsnp,L. Thy,,,,,,,,,,,,,,,,,,,,,,,,,,,,,,,,
2501055881,842,61,2,71,58,2uuh2bir8ktof0uxfo06lb4ox,0,73.2,64.8,2023-01-27T20:28:35.437Z,2023-01-27T20:28:35Z,3997267651,56,Center,,,,,,,,,,,,,,,,,,,,,,ebr52ne9bo6xyh2vhr6nhfhbe,S. Zitman,,,,,,,,,,,,,,,,,,,,,,,,,,,,,,,,
2501055887,505,49,2,71,59,dnzj0iv5qtaemm9kthh9pos8q,1,32.2,31.5,2023-01-27T20:28:36.018Z,2023-01-27T20:28:36Z,,,,,,,,,,,,,,,,,,,,,,,,,8uw9w30592omb8acpnssgdlh,R. Dekker,,,,,,,,,,,,,,,,,,,,,,,,,,,,,,,,
2501055945,506,1,2,72,0,dnzj0iv5qtaemm9kthh9pos8q,1,30,30.7,2023-01-27T20:28:36.881Z,2023-01-27T20:28:41Z,3997268015,213,5.5,3997268009,140,43.7,3997268007,56,Back,3997268013,212,19.5,3997268011,141,11.3,,,,,,,,,,8uw9w30592omb8acpnssgdlh,R. Dekker,,,,,,,,,,,,,,,,,,,,,,,,,,,,,,,,
2501055949,507,61,2,72,4,dnzj0iv5qtaemm9kthh9pos8q,0,52.1,44.2,2023-01-27T20:28:40.929Z,2023-01-27T20:28:41Z,3997268021,56,Center,,,,,,,,,,,,,,,,,,,,,,f1as17wqpj44gihtvw936lofd,B. van Hoeven,,,,,,,,,,,,,,,,,,,,,,,,,,,,,,,,
2501055965,843,49,2,72,6,2uuh2bir8ktof0uxfo06lb4ox,1,40.7,46.3,2023-01-27T20:28:42.637Z,2023-01-27T20:28:42Z,,,,,,,,,,,,,,,,,,,,,,,,,idvh0ac1f8wv39640pyl4esp,S. Kersten,,,,,,,,,,,,,,,,,,,,,,,,,,,,,,,,
2501055985,844,1,2,72,6,2uuh2bir8ktof0uxfo06lb4ox,1,40.7,46.3,2023-01-27T20:28:42.845Z,2023-01-27T20:28:44Z,3997268173,140,18.2,3997268177,212,27.2,3997268171,56,Back,3997268179,213,2.6,3997268175,141,66.0,,,,,,,,,,idvh0ac1f8wv39640pyl4esp,S. Kersten,,,,,,,,,,,,,,,,,,,,,,,,,,,,,,,,
2501056035,845,1,2,72,7,2uuh2bir8ktof0uxfo06lb4ox,1,18.1,66,2023-01-27T20:28:44.188Z,2023-01-27T20:28:51Z,3997268427,140,33.0,3997268433,212,24.6,3997268437,213,0.9,3997268425,56,Back,3997268431,141,93.9,,,,,,,,,,cetavjue5femoxid9fmcd0zjd,J. Schendelaar,,,,,,,,,,,,,,,,,,,,,,,,,,,,,,,,
2501056067,846,1,2,72,11,2uuh2bir8ktof0uxfo06lb4ox,1,33,93.9,2023-01-27T20:28:48.237Z,2023-01-27T20:28:51Z,3997268623,212,23.1,3997268619,140,34.1,3997268625,213,4.8,3997268621,141,59.9,3997268617,56,Back,,,,,,,,,,csecbdlw3sxstnebpiw91ezxm,S. Lagsir,,,,,,,,,,,,,,,,,,,,,,,,,,,,,,,,
2501056133,847,1,2,72,19,2uuh2bir8ktof0uxfo06lb4ox,1,51.2,60.2,2023-01-27T20:28:55.981Z,2023-01-27T20:28:59Z,3997268975,141,67.6,3997268979,213,0.2,3997268973,140,71.9,3997268971,56,Center,3997268977,212,22.3,,,,,,,,,,a339o11ut8s1o9odm6ybc4pka,T. van den Belt,,,,,,,,,,,,,,,,,,,,,,,,,,,,,,,,
2501056147,848,1,2,72,23,2uuh2bir8ktof0uxfo06lb4ox,1,71.9,67.6,2023-01-27T20:28:59.788Z,2023-01-27T20:29:01Z,3997269063,212,15.9,3997269059,140,61.5,3997269069,156,,3997269065,213,2.3,3997269061,141,84.5,3997269057,56,Left,,,,,,,b77p0um20y057708bx6on4d4a,D. Huiberts,,,,,,,,,,,,,,,,,,,,,,,,,,,,,,,,
2501056223,849,1,2,72,27,2uuh2bir8ktof0uxfo06lb4ox,1,64.2,88.7,2023-01-27T20:29:04.269Z,2023-01-27T20:29:08Z,3997269413,56,Left,3997269417,141,80.8,3997269421,213,5.8,3997269419,212,11.7,3997269415,140,74.1,,,,,,,,,,ebr52ne9bo6xyh2vhr6nhfhbe,S. Zitman,,,,,,,,,,,,,,,,,,,,,,,,,,,,,,,,
2501056241,850,1,2,72,31,2uuh2bir8ktof0uxfo06lb4ox,1,74,83.3,2023-01-27T20:29:07.868Z,2023-01-27T20:29:09Z,3997269527,212,7.6,3997269521,56,Left,3997269523,140,77.4,3997269525,141,93.2,3997269529,213,1.1,,,,,,,,,,b77p0um20y057708bx6on4d4a,D. Huiberts,,,,,,,,,,,,,,,,,,,,,,,,,,,,,,,,
2501056269,851,1,2,72,32,2uuh2bir8ktof0uxfo06lb4ox,1,77.4,93.2,2023-01-27T20:29:09.132Z,2023-01-27T20:29:14Z,3997269695,56,Center,3997269699,141,76.4,3997269703,213,4.5,3997269701,212,11.6,3997269697,140,75.5,,,,,,,,,,csecbdlw3sxstnebpiw91ezxm,S. Lagsir,,,,,,,,,,,,,,,,,,,,,,,,,,,,,,,,
2501056305,852,1,2,72,37,2uuh2bir8ktof0uxfo06lb4ox,1,89.9,80.9,2023-01-27T20:29:14.221Z,2023-01-27T20:29:16Z,3997269911,141,59.6,3997269903,2,,3997269913,212,15.0,3997269907,56,Center,3997269909,140,86.2,3997269905,155,,3997269915,213,4.5,,,,dse1rndtog4qn2mwv966vp6mt,B. van Hintum,,,,,,,,,,,,,,,,,,,,,,,,,,,,,,,,
2501056331,853,43,2,72,39,2uuh2bir8ktof0uxfo06lb4ox,1,0,0,2023-01-27T20:29:15.636Z,2023-01-27T20:38:28Z,3997302243,144,1,3997270021,141,61.8,3997270017,56,Center,3997270023,212,2.3,3997270025,213,2.4,3997270019,140,84.5,,,,,,,2f3j5qchxzh11u4bi2mb8dslw,D. Chirino,,,,,,,,,,,,,,,,,,,,,,,,,,,,,,,,
2501056335,854,50,2,72,39,2uuh2bir8ktof0uxfo06lb4ox,1,88.4,53.8,2023-01-27T20:29:16.502Z,2023-01-27T20:40:08Z,3997270049,56,Center,3997277837,286,,3997301139,233,553,,,,,,,,,,,,,,,,2f3j5qchxzh11u4bi2mb8dslw,D. Chirino,,,,,,,,,,,,,,,,,,,,,,,,,,,,,,,,
2501062153,553,7,2,72,39,dnzj0iv5qtaemm9kthh9pos8q,0,11.6,46.2,2023-01-27T20:29:16.503Z,2023-01-27T20:38:11Z,3997301103,285,,3997301117,233,854,3997301101,56,Back,,,,,,,,,,,,,,,,1jn9jog8ou8uxnmypneksizxm,R. van Eijma,,,,,,,,,,,,,,,,,,,,,,,,,,,,,,,,
2501056377,855,15,2,72,45,2uuh2bir8ktof0uxfo06lb4ox,1,86.8,57,2023-01-27T20:29:21.582Z,2023-01-27T20:50:10Z,3997293019,328,,3997293029,231,50.2,3997292103,17,,3997293021,458,,3997293011,76,,3997292107,82,,3997292109,233,508,3997293015,103,19,2esbyi3i7rtsdkxe6a917rsnp,L. Thy,3997293025,147,3997293017,215,,,56.7,3997270341,56,3997293027,230,98.8,3997292101,20,3997293023,146,88.4,Center,,3997270337,22,,3997293013,102,54.3,,,,,,,
2501056365,508,10,2,72,45,dnzj0iv5qtaemm9kthh9pos8q,1,12.1,49.3,2023-01-27T20:29:21.682Z,2023-01-27T20:39:43Z,3997270279,94,,3997292113,233,855,3997270281,56,Back,,,,,,,,,,,,,,,,1jn9jog8ou8uxnmypneksizxm,R. van Eijma,,,,,,,,,,,,,,,,,,,,,,,,,,,,,,,,
2501063177,938,15,2,72,46,2uuh2bir8ktof0uxfo06lb4ox,1,79.2,60.2,2023-01-27T20:29:22.582Z,2023-01-27T20:50:11Z,3997306971,20,,3997308555,458,,3997308561,230,98.6,3997308553,215,,3997308557,146,80.7,3997308549,102,54.0,3997308559,147,59.8,3997308563,231,49.1,csecbdlw3sxstnebpiw91ezxm,S. Lagsir,3997308547,76,3997306625,18,,,,3997306989,233,3997306623,22,,3997308551,103,3997306627,56,Center,554,19,3997306975,82,,,,,,,,,,,
2501062397,554,10,2,72,46,dnzj0iv5qtaemm9kthh9pos8q,1,17,48.1,2023-01-27T20:29:22.682Z,2023-01-27T20:50:11Z,3997302583,94,,3997302837,233,938,3997302585,56,Back,,,,,,,,,,,,,,,,1jn9jog8ou8uxnmypneksizxm,R. van Eijma,,,,,,,,,,,,,,,,,,,,,,,,,,,,,,,,
2501056447,509,1,2,72,47,dnzj0iv5qtaemm9kthh9pos8q,1,38.9,49.3,2023-01-27T20:29:24.211Z,2023-01-27T20:29:37Z,3997270815,1,,3997270805,56,Right,3997270809,141,16.7,3997270807,140,78.0,3997270813,213,5.8,3997270803,157,,3997270811,212,46.7,,,,1jn9jog8ou8uxnmypneksizxm,R. van Eijma,,,,,,,,,,,,,,,,,,,,,,,,,,,,,,,,
2501056401,856,59,2,72,49,2uuh2bir8ktof0uxfo06lb4ox,1,0,0,2023-01-27T20:29:25.852Z,2023-01-27T20:59:15Z,3997270495,56,Back,,,,,,,,,,,,,,,,,,,,,,cetavjue5femoxid9fmcd0zjd,J. Schendelaar,,,,,,,,,,,,,,,,,,,,,,,,,,,,,,,,
2501056403,857,12,2,72,50,2uuh2bir8ktof0uxfo06lb4ox,1,22.1,77.8,2023-01-27T20:29:26.764Z,2023-01-27T20:59:20Z,3997270509,213,1.3,3997270505,141,100.0,3997270507,212,16.2,3997270557,167,,3997270501,56,Back,3997270503,140,26.2,,,,,,,cetavjue5femoxid9fmcd0zjd,J. Schendelaar,,,,,,,,,,,,,,,,,,,,,,,,,,,,,,,,
2501056697,510,5,2,72,50,dnzj0iv5qtaemm9kthh9pos8q,1,77.2,-1.4,2023-01-27T20:29:27.169Z,2023-01-27T20:59:17Z,3997272111,347,,3997272109,56,Right,3997364053,233,858,,,,,,,,,,,,,,,,1jn9jog8ou8uxnmypneksizxm,R. van Eijma,,,,,,,,,,,,,,,,,,,,,,,,,,,,,,,,
2501056411,858,5,2,72,50,2uuh2bir8ktof0uxfo06lb4ox,0,22.8,101.4,2023-01-27T20:29:27.169Z,2023-01-27T20:59:18Z,3997270545,56,Back,3997270547,347,,3997364057,233,510,,,,,,,,,,,,,,,,cetavjue5femoxid9fmcd0zjd,J. Schendelaar,,,,,,,,,,,,,,,,,,,,,,,,,,,,,,,,
2501056813,511,1,2,73,29,dnzj0iv5qtaemm9kthh9pos8q,1,85.4,0,2023-01-27T20:30:05.792Z,2023-01-27T20:30:11Z,3997272733,141,16.7,3997272729,56,Right,3997272737,213,1.4,3997272731,140,87.3,3997272727,107,,3997272735,212,12.8,,,,,,,dcdvet7azx1a59xm2ke7qi2cq,I. Pata,,,,,,,,,,,,,,,,,,,,,,,,,,,,,,,,
2501056821,512,1,2,73,34,dnzj0iv5qtaemm9kthh9pos8q,0,88.8,17.9,2023-01-27T20:30:10.929Z,2023-01-27T20:30:11Z,3997272787,141,0.0,3997272783,56,Right,3997272791,213,4.7,3997272785,140,89.2,3997272789,212,12.9,,,,,,,,,,b950jt347chmq9whlkgl6fxpm,K. Leidsman,,,,,,,,,,,,,,,,,,,,,,,,,,,,,,,,
2501056825,513,5,2,73,34,dnzj0iv5qtaemm9kthh9pos8q,0,85.1,-1.2,2023-01-27T20:30:11.355Z,2023-01-27T20:58:17Z,3997364081,233,861,3997272803,56,Right,3997272807,347,,,,,,,,,,,,,,,,,b950jt347chmq9whlkgl6fxpm,K. Leidsman,,,,,,,,,,,,,,,,,,,,,,,,,,,,,,,,
2501056939,861,5,2,73,34,2uuh2bir8ktof0uxfo06lb4ox,1,14.9,101.2,2023-01-27T20:30:11.355Z,2023-01-27T20:58:17Z,3997273423,347,,3997364061,233,513,3997273421,56,Back,,,,,,,,,,,,,,,,cetavjue5femoxid9fmcd0zjd,J. Schendelaar,,,,,,,,,,,,,,,,,,,,,,,,,,,,,,,,
2501056881,859,18,2,73,40,2uuh2bir8ktof0uxfo06lb4ox,1,0,0,2023-01-27T20:30:16.693Z,2023-01-27T20:30:17Z,3997273121,44,Midfielder,3997273123,59,20,3997273119,41,,3997273177,55,860,,,,,,,,,,,,,by85t8ssyumcjcks1jx3v96vo,Y. Taha,,,,,,,,,,,,,,,,,,,,,,,,,,,,,,,,
2501056885,860,19,2,73,40,2uuh2bir8ktof0uxfo06lb4ox,1,0,0,2023-01-27T20:30:16.694Z,2023-01-27T20:30:17Z,3997273143,55,859,3997273129,41,,3997273137,292,6,3997273133,145,11,3997273141,44,Midfielder,3997273135,59,14,3997273139,293,4,,,,asn8og4yn5gj4it0qe6vulhat,A. Vellios,,,,,,,,,,,,,,,,,,,,,,,,,,,,,,,,
2501056957,862,1,2,73,47,2uuh2bir8ktof0uxfo06lb4ox,1,19,100,2023-01-27T20:30:23.756Z,2023-01-27T20:30:26Z,3997273505,212,20.6,3997273497,107,,3997273499,56,Back,3997273503,141,94.7,3997273507,213,6.1,3997273501,140,38.1,,,,,,,dse1rndtog4qn2mwv966vp6mt,B. van Hintum,,,,,,,,,,,,,,,,,,,,,,,,,,,,,,,,
2501056961,863,61,2,73,49,2uuh2bir8ktof0uxfo06lb4ox,0,38.1,94.7,2023-01-27T20:30:26.475Z,2023-01-27T20:30:26Z,3997273523,56,Back,,,,,,,,,,,,,,,,,,,,,,asn8og4yn5gj4it0qe6vulhat,A. Vellios,,,,,,,,,,,,,,,,,,,,,,,,,,,,,,,,
2501057049,514,1,2,73,53,dnzj0iv5qtaemm9kthh9pos8q,0,44.3,5.3,2023-01-27T20:30:29.922Z,2023-01-27T20:59:27Z,3997273979,212,16.7,3997273975,141,6.1,3997273969,157,,3997273987,1,,3997273973,140,60.2,3997273983,213,0.0,3997273971,56,Right,,,,bquqyyfz4lj0xrerbhbtj1jze,Ö. Gündüz,,,,,,,,,,,,,,,,,,,,,,,,,,,,,,,,
2501057005,864,49,2,73,54,2uuh2bir8ktof0uxfo06lb4ox,1,38.6,95.6,2023-01-27T20:30:31.420Z,2023-01-27T20:30:31Z,,,,,,,,,,,,,,,,,,,,,,,,,ebr52ne9bo6xyh2vhr6nhfhbe,S. Zitman,,,,,,,,,,,,,,,,,,,,,,,,,,,,,,,,
2501057021,865,1,2,73,55,2uuh2bir8ktof0uxfo06lb4ox,0,38.6,95.6,2023-01-27T20:30:31.963Z,2023-01-27T20:59:25Z,3997273835,141,95.9,3997273839,213,3.0,3997274019,233,515,3997274017,236,,3997273833,140,36.6,3997273837,212,2.1,3997274023,286,,3997273831,56,Back,ebr52ne9bo6xyh2vhr6nhfhbe,S. Zitman,,,,,,,,,,,,,,,,,,,,,,,,,,,,,,,,
2501057053,515,74,2,73,55,dnzj0iv5qtaemm9kthh9pos8q,1,64.2,4,2023-01-27T20:30:31.964Z,2023-01-27T20:58:14Z,3997273993,285,,3997273991,56,Right,3997274057,233,865,,,,,,,,,,,,,,,,f1as17wqpj44gihtvw936lofd,B. van Hoeven,,,,,,,,,,,,,,,,,,,,,,,,,,,,,,,,
2501057063,516,5,2,73,57,dnzj0iv5qtaemm9kthh9pos8q,0,66.2,-2,2023-01-27T20:30:33.565Z,2023-01-27T20:58:18Z,3997274049,56,Right,3997274119,233,866,3997274051,347,,,,,,,,,,,,,,,,,f1as17wqpj44gihtvw936lofd,B. van Hoeven,,,,,,,,,,,,,,,,,,,,,,,,,,,,,,,,
2501057071,866,5,2,73,57,2uuh2bir8ktof0uxfo06lb4ox,1,33.8,102,2023-01-27T20:30:33.565Z,2023-01-27T20:30:37Z,3997274097,233,516,3997274079,56,Back,3997274081,347,,,,,,,,,,,,,,,,,ebr52ne9bo6xyh2vhr6nhfhbe,S. Zitman,,,,,,,,,,,,,,,,,,,,,,,,,,,,,,,,
2501057137,867,1,2,74,0,2uuh2bir8ktof0uxfo06lb4ox,1,32.5,100,2023-01-27T20:30:36.860Z,2023-01-27T20:30:43Z,3997274433,56,Back,3997274441,212,30.0,3997274431,107,,3997274443,213,5.0,3997274437,141,59.4,3997274435,140,39.9,3997274445,1,,,,,dse1rndtog4qn2mwv966vp6mt,B. van Hintum,,,,,,,,,,,,,,,,,,,,,,,,,,,,,,,,
2501057237,868,1,2,74,6,2uuh2bir8ktof0uxfo06lb4ox,1,51.8,52.1,2023-01-27T20:30:43.291Z,2023-01-27T20:30:53Z,3997275039,141,11.4,3997275041,212,29.9,3997275035,56,Right,3997275043,213,5.1,3997275037,140,62.7,,,,,,,,,,a339o11ut8s1o9odm6ybc4pka,T. van den Belt,,,,,,,,,,,,,,,,,,,,,,,,,,,,,,,,
2501057239,869,3,2,74,16,2uuh2bir8ktof0uxfo06lb4ox,0,94.6,26.2,2023-01-27T20:30:53.228Z,2023-01-27T20:30:57Z,3997275267,233,517,3997275053,56,Center,3997275055,286,,,,,,,,,,,,,,,,,2f3j5qchxzh11u4bi2mb8dslw,D. Chirino,,,,,,,,,,,,,,,,,,,,,,,,,,,,,,,,
2501057273,517,7,2,74,16,dnzj0iv5qtaemm9kthh9pos8q,1,5.4,73.8,2023-01-27T20:30:53.229Z,2023-01-27T20:30:57Z,3997275229,56,Back,3997275245,233,869,3997275231,285,,,,,,,,,,,,,,,,,4zow18ykkg1gvw40r7jsrzkl,D. van der Sluys,,,,,,,,,,,,,,,,,,,,,,,,,,,,,,,,
2501057293,518,43,2,74,20,dnzj0iv5qtaemm9kthh9pos8q,1,0,0,2023-01-27T20:30:56.704Z,2023-01-27T20:31:00Z,3997275309,285,0,3997275305,56,Back,3997275491,144,7,,,,,,,,,,,,,,,,alzgg0nxnnex3nkzr6lgmt1ey,T. Jansen,,,,,,,,,,,,,,,,,,,,,,,,,,,,,,,,
2501057379,519,1,2,74,25,dnzj0iv5qtaemm9kthh9pos8q,1,13.9,62.3,2023-01-27T20:31:01.890Z,2023-01-27T20:31:05Z,3997275767,56,Back,3997275775,213,0.4,3997275777,1,,3997275771,141,87.5,3997275765,157,,3997275769,140,48.6,3997275773,212,40.3,,,,8uw9w30592omb8acpnssgdlh,R. Dekker,,,,,,,,,,,,,,,,,,,,,,,,,,,,,,,,
2501057381,520,49,2,74,26,dnzj0iv5qtaemm9kthh9pos8q,1,60.7,96,2023-01-27T20:31:03.026Z,2023-01-27T20:31:15Z,,,,,,,,,,,,,,,,,,,,,,,,,b950jt347chmq9whlkgl6fxpm,K. Leidsman,,,,,,,,,,,,,,,,,,,,,,,,,,,,,,,,
2501057411,521,1,2,74,26,dnzj0iv5qtaemm9kthh9pos8q,1,60.7,96,2023-01-27T20:31:03.233Z,2023-01-27T20:31:10Z,3997275909,212,5.9,3997275905,140,55.1,3997275903,56,Left,3997275911,213,3.0,3997275907,141,97.1,,,,,,,,,,b950jt347chmq9whlkgl6fxpm,K. Leidsman,,,,,,,,,,,,,,,,,,,,,,,,,,,,,,,,
2501057415,522,50,2,74,29,dnzj0iv5qtaemm9kthh9pos8q,1,58.8,96.1,2023-01-27T20:31:05.787Z,2023-01-27T20:31:08Z,3997275983,233,870,3997275929,56,Left,3997275931,286,,,,,,,,,,,,,,,,,1mroid71v9bwpx0iaospei9gq,R. Margaret,,,,,,,,,,,,,,,,,,,,,,,,,,,,,,,,
2501057399,870,7,2,74,29,2uuh2bir8ktof0uxfo06lb4ox,1,41.2,3.9,2023-01-27T20:31:05.788Z,2023-01-27T20:31:08Z,3997275853,56,Back,3997275855,285,,3997275955,233,522,,,,,,,,,,,,,,,,idvh0ac1f8wv39640pyl4esp,S. Kersten,,,,,,,,,,,,,,,,,,,,,,,,,,,,,,,,
2501057403,871,49,2,74,30,2uuh2bir8ktof0uxfo06lb4ox,1,40.9,4.9,2023-01-27T20:31:06.844Z,2023-01-27T20:31:07Z,,,,,,,,,,,,,,,,,,,,,,,,,idvh0ac1f8wv39640pyl4esp,S. Kersten,,,,,,,,,,,,,,,,,,,,,,,,,,,,,,,,
2501057441,872,1,2,74,30,2uuh2bir8ktof0uxfo06lb4ox,1,40.9,4.9,2023-01-27T20:31:07.275Z,2023-01-27T20:31:09Z,3997276111,141,12.3,3997276107,56,Right,3997276113,212,11.2,3997276109,140,50.4,3997276115,213,0.5,,,,,,,,,,idvh0ac1f8wv39640pyl4esp,S. Kersten,,,,,,,,,,,,,,,,,,,,,,,,,,,,,,,,
2501057515,873,1,2,74,33,2uuh2bir8ktof0uxfo06lb4ox,1,56,14.7,2023-01-27T20:31:09.563Z,2023-01-27T20:31:17Z,3997276507,212,24.0,3997276509,213,1.4,3997276499,140,60.3,3997276503,141,49.4,3997276493,56,Center,,,,,,,,,,2f3j5qchxzh11u4bi2mb8dslw,D. Chirino,,,,,,,,,,,,,,,,,,,,,,,,,,,,,,,,
2501057531,874,1,2,74,40,2uuh2bir8ktof0uxfo06lb4ox,1,61.1,53.9,2023-01-27T20:31:17.307Z,2023-01-27T20:31:18Z,3997276567,212,18.2,3997276561,140,67.2,3997276565,141,79.0,3997276569,213,1.2,3997276559,56,Left,,,,,,,,,,2esbyi3i7rtsdkxe6a917rsnp,L. Thy,,,,,,,,,,,,,,,,,,,,,,,,,,,,,,,,
2501057541,875,1,2,74,41,2uuh2bir8ktof0uxfo06lb4ox,1,67.2,79.7,2023-01-27T20:31:18.475Z,2023-01-27T20:31:19Z,3997276609,141,80.2,3997276605,56,Left,3997276611,212,25.3,3997276607,140,91.3,3997276613,213,0.0,,,,,,,,,,csecbdlw3sxstnebpiw91ezxm,S. Lagsir,,,,,,,,,,,,,,,,,,,,,,,,,,,,,,,,
2501057549,876,1,2,74,42,2uuh2bir8ktof0uxfo06lb4ox,1,91.3,80.2,2023-01-27T20:31:19.179Z,2023-01-27T20:35:02Z,3997276641,212,7.4,3997287095,154,,3997276643,213,4.3,3997276637,140,88.4,3997287093,210,13,3997276639,141,70.3,3997276635,56,Center,,,,2esbyi3i7rtsdkxe6a917rsnp,L. Thy,,,,,,1,,,,,,,,,,,,,,,,,,,,,,,,,,
2501057553,877,43,2,74,43,2uuh2bir8ktof0uxfo06lb4ox,1,0,0,2023-01-27T20:31:20.171Z,2023-01-27T20:32:32Z,3997280635,144,61,3997276647,56,Center,,,,,,,,,,,,,,,,,,,csecbdlw3sxstnebpiw91ezxm,S. Lagsir,,,,,,,,,,,,,,,,,,,,,,,,,,,,,,,,
2501057569,878,13,2,74,45,2uuh2bir8ktof0uxfo06lb4ox,1,86.1,61.7,2023-01-27T20:31:21.803Z,2023-01-27T20:35:02Z,3997276715,17,,3997290085,114,,3997287149,231,49.8,3997287135,55,876,3997287127,75,,3997290083,72,,3997276713,22,,3997276717,56,Center,csecbdlw3sxstnebpiw91ezxm,S. Lagsir,3997287141,103,3997290087,391,,,6.9,3997287133,154,3997279665,153,,3997287145,147,3997287139,102,40.2,,49.3,3997287143,146,92.8,3997287131,29,,3997287147,230,99.5,,,,1
2501057603,879,16,2,74,47,2uuh2bir8ktof0uxfo06lb4ox,1,89.9,51.4,2023-01-27T20:31:23.884Z,2023-01-27T20:32:14Z,3997279555,103,0.6,3997279561,231,50.5,3997279553,102,46.8,3997276891,17,,3997278645,20,,3997279549,55,878,3997279557,328,,3997276889,22,,asn8og4yn5gj4it0qe6vulhat,A. Vellios,3997279547,29,3997279559,230,99.4,,,3997278653,375,3997278649,374,2023-01-27 20:31:23.245,3997279545,80,3997276893,56,Center,74:46.731,,,,,,,,,,,,,,
2501058207,523,1,2,75,40,dnzj0iv5qtaemm9kthh9pos8q,1,49.8,50,2023-01-27T20:32:17.408Z,2023-01-27T20:32:23Z,3997280069,213,3.2,3997280065,141,49.3,3997280063,140,31.5,3997280067,212,19.2,3997280061,56,Back,3997280071,279,G,,,,,,,8uw9w30592omb8acpnssgdlh,R. Dekker,,,,,,,,,,,,,,,,,,,,,,,,,,,,,,,,
2501058219,524,1,2,75,46,dnzj0iv5qtaemm9kthh9pos8q,0,30.8,51.6,2023-01-27T20:32:23.330Z,2023-01-27T20:32:24Z,3997280129,141,100.0,3997280125,56,Left,3997280131,212,53.2,3997280123,157,,3997280127,140,69.9,3997280135,1,,3997280133,213,0.7,,,,7cetznpb0tnu6kdz7bvm8gyxh,L. Piqué,,,,,,,,,,,,,,,,,,,,,,,,,,,,,,,,
2501058221,525,5,2,75,47,dnzj0iv5qtaemm9kthh9pos8q,0,70.9,101.4,2023-01-27T20:32:24.507Z,2023-01-27T20:32:38Z,3997280139,347,,3997281013,233,880,3997280137,56,Left,,,,,,,,,,,,,,,,7cetznpb0tnu6kdz7bvm8gyxh,L. Piqué,,,,,,,,,,,,,,,,,,,,,,,,,,,,,,,,
2501058395,880,5,2,75,47,2uuh2bir8ktof0uxfo06lb4ox,1,29.1,-1.4,2023-01-27T20:32:24.507Z,2023-01-27T20:58:18Z,3997281005,233,525,3997281003,347,,3997281001,56,Back,,,,,,,,,,,,,,,,2esbyi3i7rtsdkxe6a917rsnp,L. Thy,,,,,,,,,,,,,,,,,,,,,,,,,,,,,,,,
2501058405,881,1,2,76,1,2uuh2bir8ktof0uxfo06lb4ox,1,31.5,0,2023-01-27T20:32:38.155Z,2023-01-27T20:32:40Z,3997281041,56,Right,3997281047,212,27.0,3997281043,140,55.7,3997281039,107,,3997281051,1,,3997281045,141,12.3,3997281049,213,0.3,,,,2f3j5qchxzh11u4bi2mb8dslw,D. Chirino,,,,,,,,,,,,,,,,,,,,,,,,,,,,,,,,
2501058449,882,1,2,76,3,2uuh2bir8ktof0uxfo06lb4ox,0,55.7,12.3,2023-01-27T20:32:39.869Z,2023-01-27T20:32:44Z,3997281367,213,2.2,3997281357,157,,3997281361,140,35.2,3997281365,212,37.4,3997281369,1,,3997281359,56,Back,3997281363,141,57.2,,,,asn8og4yn5gj4it0qe6vulhat,A. Vellios,,,,,,,,,,,,,,,,,,,,,,,,,,,,,,,,
2501058445,526,1,2,76,7,dnzj0iv5qtaemm9kthh9pos8q,0,55,43.9,2023-01-27T20:32:43.616Z,2023-01-27T20:32:44Z,3997281331,140,61.6,3997281337,213,0.9,3997281329,56,Center,3997281333,141,57.8,3997281327,3,,3997281335,212,11.7,,,,,,,f1as17wqpj44gihtvw936lofd,B. van Hoeven,,,,,,,,,,,,,,,,,,,,,,,,,,,,,,,,
2501058501,883,1,2,76,9,2uuh2bir8ktof0uxfo06lb4ox,1,36.3,47.2,2023-01-27T20:32:46.426Z,2023-01-27T20:32:48Z,3997281649,140,30.1,3997281651,141,37.3,3997281655,213,3.9,3997281647,56,Back,3997281653,212,9.4,,,,,,,,,,dmrznrol8qp7yk53r6ajhnkt0,T. Beelen,,,,,,,,,,,,,,,,,,,,,,,,,,,,,,,,
2501058557,884,1,2,76,12,2uuh2bir8ktof0uxfo06lb4ox,0,34.6,27.4,2023-01-27T20:32:48.700Z,2023-01-27T20:33:08Z,3997281909,213,5.9,3997281905,141,7.6,3997281903,140,66.1,3997281895,155,,3997281899,56,Right,3997281913,1,,3997281907,212,35.7,,,,a339o11ut8s1o9odm6ybc4pka,T. van den Belt,,,,,,,,,,,,,,,,,,,,,,,,,,,,,,,,
2501058563,527,43,2,76,16,dnzj0iv5qtaemm9kthh9pos8q,1,0,0,2023-01-27T20:32:53.345Z,2023-01-27T20:33:03Z,3997281967,15,0,3997282445,144,8,3997281947,56,Back,,,,,,,,,,,,,,,,1jn9jog8ou8uxnmypneksizxm,R. van Eijma,,,,,,,,,,,,,,,,,,,,,,,,,,,,,,,,
2501058587,528,5,2,76,17,dnzj0iv5qtaemm9kthh9pos8q,1,32.8,102,2023-01-27T20:32:54.076Z,2023-01-27T20:58:18Z,3997282059,347,,3997282057,56,Back,3997282679,233,885,,,,,,,,,,,,,,,,1jn9jog8ou8uxnmypneksizxm,R. van Eijma,,,,,,,,,,,,,,,,,,,,,,,,,,,,,,,,
2501058705,885,5,2,76,17,2uuh2bir8ktof0uxfo06lb4ox,0,67.2,-2,2023-01-27T20:32:54.076Z,2023-01-27T20:33:06Z,3997282699,233,528,3997282643,56,Right,3997282645,347,,,,,,,,,,,,,,,,,a339o11ut8s1o9odm6ybc4pka,T. van den Belt,,,,,,,,,,,,,,,,,,,,,,,,,,,,,,,,
2501058739,529,1,2,76,29,dnzj0iv5qtaemm9kthh9pos8q,1,29.3,100,2023-01-27T20:33:06.416Z,2023-01-27T20:33:09Z,3997282827,140,24.4,3997282833,213,4.1,3997282829,141,91.4,3997282825,56,Back,3997282831,212,8.9,3997282823,107,,,,,,,,4zow18ykkg1gvw40r7jsrzkl,D. van der Sluys,,,,,,,,,,,,,,,,,,,,,,,,,,,,,,,,
2501058789,530,1,2,76,32,dnzj0iv5qtaemm9kthh9pos8q,0,24.6,90.5,2023-01-27T20:33:08.850Z,2023-01-27T20:33:11Z,3997283067,212,40.4,3997283071,1,,3997283061,56,Left,3997283065,141,86.3,3997283069,213,6.2,3997283059,157,,3997283063,140,63.0,,,,1jn9jog8ou8uxnmypneksizxm,R. van Eijma,,,,,,,,,,,,,,,,,,,,,,,,,,,,,,,,
2501058783,886,44,2,76,34,2uuh2bir8ktof0uxfo06lb4ox,1,33.7,21.2,2023-01-27T20:33:10.827Z,2023-01-27T20:33:13Z,3997283023,285,,3997283237,233,531,3997283021,56,Back,,,,,,,,,,,,,,,,dmrznrol8qp7yk53r6ajhnkt0,T. Beelen,,,,,,,,,,,,,,,,,,,,,,,,,,,,,,,,
2501058809,531,44,2,76,34,dnzj0iv5qtaemm9kthh9pos8q,0,66.3,78.8,2023-01-27T20:33:10.828Z,2023-01-27T20:33:14Z,3997283197,286,,3997283241,233,886,3997283195,56,Center,,,,,,,,,,,,,,,,b950jt347chmq9whlkgl6fxpm,K. Leidsman,,,,,,,,,,,,,,,,,,,,,,,,,,,,,,,,
2501058805,887,1,2,76,34,2uuh2bir8ktof0uxfo06lb4ox,1,30.3,28.8,2023-01-27T20:33:11.051Z,2023-01-27T20:33:12Z,3997283171,213,0.4,3997283161,3,,3997283167,141,38.2,3997283163,56,Back,3997283165,140,44.2,3997283169,212,15.9,,,,,,,dmrznrol8qp7yk53r6ajhnkt0,T. Beelen,,,,,,,,,,,,,,,,,,,,,,,,,,,,,,,,
2501058811,888,1,2,76,36,2uuh2bir8ktof0uxfo06lb4ox,1,44.2,38.2,2023-01-27T20:33:12.618Z,2023-01-27T20:33:21Z,3997283209,212,6.2,3997283205,140,38.3,3997283207,141,37.9,3997283217,156,,3997283203,56,Back,3997283211,213,3.2,,,,,,,ebr52ne9bo6xyh2vhr6nhfhbe,S. Zitman,,,,,,,,,,,,,,,,,,,,,,,,,,,,,,,,
2501058817,889,49,2,76,37,2uuh2bir8ktof0uxfo06lb4ox,1,40.1,39.8,2023-01-27T20:33:14.220Z,2023-01-27T20:33:14Z,,,,,,,,,,,,,,,,,,,,,,,,,a339o11ut8s1o9odm6ybc4pka,T. van den Belt,,,,,,,,,,,,,,,,,,,,,,,,,,,,,,,,
2501058833,890,1,2,76,37,2uuh2bir8ktof0uxfo06lb4ox,0,40.1,39.8,2023-01-27T20:33:14.460Z,2023-01-27T20:33:15Z,3997283353,213,5.8,3997283349,141,12.3,3997283345,56,Right,3997283351,212,37.2,3997283355,1,,3997283347,140,70.7,3997283343,155,,,,,a339o11ut8s1o9odm6ybc4pka,T. van den Belt,,,,,,,,,,,,,,,,,,,,,,,,,,,,,,,,
2501058863,532,49,2,76,40,dnzj0iv5qtaemm9kthh9pos8q,1,35.2,92.1,2023-01-27T20:33:16.528Z,2023-01-27T20:33:16Z,,,,,,,,,,,,,,,,,,,,,,,,,1jn9jog8ou8uxnmypneksizxm,R. van Eijma,,,,,,,,,,,,,,,,,,,,,,,,,,,,,,,,
2501058913,533,1,2,76,42,dnzj0iv5qtaemm9kthh9pos8q,0,32.8,95.1,2023-01-27T20:33:19.250Z,2023-01-27T20:33:20Z,3997283755,1,,3997283747,140,48.2,3997283743,157,,3997283753,213,5.7,3997283751,212,19.0,3997283745,56,Back,3997283749,141,80.5,,,,1jn9jog8ou8uxnmypneksizxm,R. van Eijma,,,,,,,,,,,,,,,,,,,,,,,,,,,,,,,,
2501058931,891,1,2,76,46,2uuh2bir8ktof0uxfo06lb4ox,1,53.9,23.6,2023-01-27T20:33:22.891Z,2023-01-27T20:33:24Z,3997283911,212,13.4,3997283903,3,,3997283909,141,10.9,3997283905,56,Right,3997283913,213,5.6,3997283907,140,63.7,,,,,,,a339o11ut8s1o9odm6ybc4pka,T. van den Belt,,,,,,,,,,,,,,,,,,,,,,,,,,,,,,,,
2501058933,892,49,2,76,47,2uuh2bir8ktof0uxfo06lb4ox,1,63.7,10.9,2023-01-27T20:33:24.316Z,2023-01-27T20:33:24Z,,,,,,,,,,,,,,,,,,,,,,,,,2f3j5qchxzh11u4bi2mb8dslw,D. Chirino,,,,,,,,,,,,,,,,,,,,,,,,,,,,,,,,
2501058951,893,1,2,76,48,2uuh2bir8ktof0uxfo06lb4ox,0,64.8,11.1,2023-01-27T20:33:25.034Z,2023-01-27T20:33:27Z,3997284065,141,67.0,3997284069,213,1.6,3997284063,140,62.8,3997284067,212,38.1,3997284071,1,,3997284061,56,Center,,,,,,,2f3j5qchxzh11u4bi2mb8dslw,D. Chirino,,,,,,,,,,,,,,,,,,,,,,,,,,,,,,,,
2501058963,534,49,2,76,51,dnzj0iv5qtaemm9kthh9pos8q,1,42.6,40.1,2023-01-27T20:33:27.953Z,2023-01-27T20:33:28Z,,,,,,,,,,,,,,,,,,,,,,,,,f1as17wqpj44gihtvw936lofd,B. van Hoeven,,,,,,,,,,,,,,,,,,,,,,,,,,,,,,,,
2501059067,535,4,2,76,58,dnzj0iv5qtaemm9kthh9pos8q,1,42,48.5,2023-01-27T20:33:34.809Z,2023-01-27T20:33:40Z,3997284655,265,,3997284663,233,894,3997284657,286,,3997284649,13,,3997284651,56,Back,3997284755,189,,3997284653,152,,,,,f1as17wqpj44gihtvw936lofd,B. van Hoeven,,,,,,,,,,,,,,,,,,,,,,,,,,,,,,,,
2501059031,894,4,2,76,58,2uuh2bir8ktof0uxfo06lb4ox,0,58,51.5,2023-01-27T20:33:34.810Z,2023-01-27T20:56:29Z,3997284489,265,,3997284485,56,Center,3997284711,233,535,3997361487,189,,3997284487,152,,3997284483,13,,3997284491,285,,,,,2esbyi3i7rtsdkxe6a917rsnp,L. Thy,,,,,,,,,,,,,,,,,,,,,,,,,,,,,,,,
2501059073,895,17,2,76,59,2uuh2bir8ktof0uxfo06lb4ox,1,0,0,2023-01-27T20:33:36.218Z,2023-01-27T20:56:27Z,3997284693,392,,3997284695,13,243,3997284691,31,,,,,,,,,,,,,,,,,2esbyi3i7rtsdkxe6a917rsnp,L. Thy,,,,,,,,,,,,,,,,,,,,,,,,,,,,,,,,
2501059553,536,18,2,77,35,dnzj0iv5qtaemm9kthh9pos8q,1,0,0,2023-01-27T20:34:12.225Z,2023-01-27T21:02:00Z,3997287181,42,,3997287267,55,537,3997287185,59,28,3997287183,44,Forward,,,,,,,,,,,,,1mroid71v9bwpx0iaospei9gq,R. Margaret,,,,,,,,,,,,,,,,,,,,,,,,,,,,,,,,
2501059557,537,19,2,77,35,dnzj0iv5qtaemm9kthh9pos8q,1,0,0,2023-01-27T20:34:12.226Z,2023-01-27T21:02:00Z,3997287217,44,Forward,3997287209,42,,3997290189,292,8,3997290191,293,1,3997287219,55,536,3997287215,59,6,3997287213,145,11,,,,au91rqig6uyyi1zdmlxydk38q,A. Allemeersch,,,,,,,,,,,,,,,,,,,,,,,,,,,,,,,,
2501075273,626,1,2,77,36,dnzj0iv5qtaemm9kthh9pos8q,0,53.3,42.8,2023-01-27T20:34:12.514Z,2023-01-27T21:01:53Z,3997368465,56,Center,3997368469,141,68.2,3997368473,213,0.5,3997368783,5,,3997368471,212,34.7,3997368475,1,,3997368463,157,,3997368467,140,82.0,7cetznpb0tnu6kdz7bvm8gyxh,L. Piqué,3997368785,152,,,,,,,,,,,,,,,,,,,,,,,,,,,,,,
2501059615,896,44,2,77,41,2uuh2bir8ktof0uxfo06lb4ox,1,21.8,30.2,2023-01-27T20:34:18.062Z,2023-01-27T20:34:19Z,3997287549,56,Back,3997287579,233,538,3997287553,285,,,,,,,,,,,,,,,,,dmrznrol8qp7yk53r6ajhnkt0,T. Beelen,,,,,,,,,,,,,,,,,,,,,,,,,,,,,,,,
2501059607,538,44,2,77,41,dnzj0iv5qtaemm9kthh9pos8q,0,78.2,69.8,2023-01-27T20:34:18.063Z,2023-01-27T20:34:19Z,3997287591,233,896,3997287491,56,Center,3997287493,286,,,,,,,,,,,,,,,,,7cetznpb0tnu6kdz7bvm8gyxh,L. Piqué,,,,,,,,,,,,,,,,,,,,,,,,,,,,,,,,
2501059623,897,1,2,77,42,2uuh2bir8ktof0uxfo06lb4ox,1,23.2,31.2,2023-01-27T20:34:18.825Z,2023-01-27T20:34:20Z,3997287633,213,3.6,3997287627,140,17.1,3997287623,3,,3997287631,212,7.1,3997287625,56,Back,3997287629,141,26.8,,,,,,,dmrznrol8qp7yk53r6ajhnkt0,T. Beelen,,,,,,,,,,,,,,,,,,,,,,,,,,,,,,,,
2501059627,898,43,2,77,43,2uuh2bir8ktof0uxfo06lb4ox,1,0,0,2023-01-27T20:34:19.994Z,2023-01-27T20:55:28Z,3997287655,56,Back,3997359655,144,44,3997287657,285,0,,,,,,,,,,,,,,,,idvh0ac1f8wv39640pyl4esp,S. Kersten,,,,,,,,,,,,,,,,,,,,,,,,,,,,,,,,
2501059677,899,1,2,77,43,2uuh2bir8ktof0uxfo06lb4ox,1,17.1,26.8,2023-01-27T20:34:20.202Z,2023-01-27T20:55:47Z,3997287905,3,,3997287909,140,26.6,3997287915,213,0.6,3997287911,141,36.0,3997287907,56,Back,3997287913,212,11.8,,,,,,,idvh0ac1f8wv39640pyl4esp,S. Kersten,,,,,,,,,,,,,,,,,,,,,,,,,,,,,,,,
2501073559,1027,1,2,77,44,2uuh2bir8ktof0uxfo06lb4ox,0,22.6,38.8,2023-01-27T20:34:20.514Z,2023-01-27T20:55:45Z,3997360211,140,42.4,3997360217,213,0.4,3997360213,141,51.0,3997360207,157,,3997360209,56,Back,3997360219,1,,3997360215,212,22.4,,,,a339o11ut8s1o9odm6ybc4pka,T. van den Belt,,,,,,,,,,,,,,,,,,,,,,,,,,,,,,,,
2501059645,539,1,2,77,45,dnzj0iv5qtaemm9kthh9pos8q,0,52.2,54.6,2023-01-27T20:34:22.335Z,2023-01-27T20:34:23Z,3997287761,213,6.0,3997287757,141,48.2,3997287751,3,,3997287755,140,69.0,3997287759,212,18.2,3997287753,56,Center,,,,,,,1jn9jog8ou8uxnmypneksizxm,R. van Eijma,,,,,,,,,,,,,,,,,,,,,,,,,,,,,,,,
2501059681,900,49,2,77,48,2uuh2bir8ktof0uxfo06lb4ox,1,34.2,55.4,2023-01-27T20:34:24.697Z,2023-01-27T20:55:54Z,,,,,,,,,,,,,,,,,,,,,,,,,ebr52ne9bo6xyh2vhr6nhfhbe,S. Zitman,,,,,,,,,,,,,,,,,,,,,,,,,,,,,,,,
2501059691,901,4,2,77,49,2uuh2bir8ktof0uxfo06lb4ox,1,34.4,54.7,2023-01-27T20:34:26.442Z,2023-01-27T20:34:30Z,3997287989,56,Back,3997287995,286,,3997288329,233,540,3997287991,152,,3997287987,13,,3997287993,265,,,,,,,,ebr52ne9bo6xyh2vhr6nhfhbe,S. Zitman,,,,,,,,,,,,,,,,,,,,,,,,,,,,,,,,
2501059743,540,4,2,77,49,dnzj0iv5qtaemm9kthh9pos8q,0,65.6,45.3,2023-01-27T20:34:26.443Z,2023-01-27T20:34:31Z,3997288261,13,,3997288267,265,,3997288371,233,901,3997288263,56,Center,3997288265,152,,3997288269,285,,,,,,,,dh3ksith5iat573zuhdhv91w5,R. Stuy van den Herik,,,,,,,,,,,,,,,,,,,,,,,,,,,,,,,,
2501059819,902,1,2,77,58,2uuh2bir8ktof0uxfo06lb4ox,1,33.2,45.8,2023-01-27T20:34:35.114Z,2023-01-27T20:34:37Z,3997288675,212,15.0,3997288667,152,,3997288673,141,67.3,3997288669,56,Back,3997288665,5,,3997288671,140,30.1,3997288677,213,1.8,,,,dmrznrol8qp7yk53r6ajhnkt0,T. Beelen,,,,,,,,,,,,,,,,,,,,,,,,,,,,,,,,
2501059851,903,1,2,78,0,2uuh2bir8ktof0uxfo06lb4ox,1,30.1,67.3,2023-01-27T20:34:37.257Z,2023-01-27T20:34:41Z,3997288879,141,50.0,3997288875,56,Back,3997288877,140,8.3,3997288883,212,25.7,3997288887,213,3.6,,,,,,,,,,dse1rndtog4qn2mwv966vp6mt,B. van Hintum,,,,,,,,,,,,,,,,,,,,,,,,,,,,,,,,
2501059867,904,1,2,78,4,2uuh2bir8ktof0uxfo06lb4ox,1,8.3,50,2023-01-27T20:34:41.433Z,2023-01-27T20:34:43Z,3997288995,212,23.1,3997288993,141,72.9,3997288989,56,Back,3997288997,213,0.7,3997288991,140,24.5,,,,,,,,,,cetavjue5femoxid9fmcd0zjd,J. Schendelaar,,,,,,,,,,,,,,,,,,,,,,,,,,,,,,,,
2501059881,905,1,2,78,7,2uuh2bir8ktof0uxfo06lb4ox,0,25.1,79.9,2023-01-27T20:34:43.769Z,2023-01-27T20:34:45Z,3997289091,140,63.8,3997289089,56,Left,3997289097,213,0.1,3997289093,141,85.0,3997289099,1,,3997289095,212,40.8,,,,,,,dse1rndtog4qn2mwv966vp6mt,B. van Hintum,,,,,,,,,,,,,,,,,,,,,,,,,,,,,,,,
2501059925,541,1,2,78,10,dnzj0iv5qtaemm9kthh9pos8q,0,36.8,13.7,2023-01-27T20:34:46.656Z,2023-01-27T20:34:48Z,3997289311,212,23.7,3997289303,157,,3997289305,56,Right,3997289309,141,0.0,3997289313,213,5.8,3997289315,1,,3997289307,140,57.1,,,,dcdvet7azx1a59xm2ke7qi2cq,I. Pata,,,,,,,,,,,,,,,,,,,,,,,,,,,,,,,,
2501059927,542,5,2,78,10,dnzj0iv5qtaemm9kthh9pos8q,0,55.6,-1.2,2023-01-27T20:34:47.098Z,2023-01-27T20:58:18Z,3997289319,347,,3997289449,233,906,3997289317,56,Right,,,,,,,,,,,,,,,,dcdvet7azx1a59xm2ke7qi2cq,I. Pata,,,,,,,,,,,,,,,,,,,,,,,,,,,,,,,,
2501059947,906,5,2,78,10,2uuh2bir8ktof0uxfo06lb4ox,1,44.4,101.2,2023-01-27T20:34:47.098Z,2023-01-27T20:34:49Z,3997289385,56,Back,3997289387,347,,3997289419,233,542,,,,,,,,,,,,,,,,dse1rndtog4qn2mwv966vp6mt,B. van Hintum,,,,,,,,,,,,,,,,,,,,,,,,,,,,,,,,
2501060127,907,1,2,78,27,2uuh2bir8ktof0uxfo06lb4ox,0,45.8,100,2023-01-27T20:35:03.849Z,2023-01-27T20:35:06Z,3997290409,1,,3997290405,213,6.0,3997290395,56,Left,3997290399,141,89.4,3997290397,140,70.9,3997290401,212,27.5,3997290393,107,,,,,dse1rndtog4qn2mwv966vp6mt,B. van Hintum,,,,,,,,,,,,,,,,,,,,,,,,,,,,,,,,
2501060135,543,49,2,78,30,dnzj0iv5qtaemm9kthh9pos8q,1,34.4,11.7,2023-01-27T20:35:06.832Z,2023-01-27T20:35:06Z,,,,,,,,,,,,,,,,,,,,,,,,,f1as17wqpj44gihtvw936lofd,B. van Hoeven,,,,,,,,,,,,,,,,,,,,,,,,,,,,,,,,
2501060191,544,4,2,78,34,dnzj0iv5qtaemm9kthh9pos8q,1,27.6,15.1,2023-01-27T20:35:10.527Z,2023-01-27T20:35:15Z,3997290723,56,Back,3997290721,13,,3997290727,265,,3997290927,233,908,3997290729,285,,3997290725,152,,,,,,,,f1as17wqpj44gihtvw936lofd,B. van Hoeven,,,,,,,,,,,,,,,,,,,,,,,,,,,,,,,,
2501060227,908,4,2,78,34,2uuh2bir8ktof0uxfo06lb4ox,0,72.4,84.9,2023-01-27T20:35:10.528Z,2023-01-27T20:35:16Z,3997290959,233,544,3997290915,13,,3997290919,152,,3997290921,265,,3997290917,56,Left,3997290923,286,,,,,,,,b77p0um20y057708bx6on4d4a,D. Huiberts,,,,,,,,,,,,,,,,,,,,,,,,,,,,,,,,
2501060239,909,17,2,78,39,2uuh2bir8ktof0uxfo06lb4ox,1,0,0,2023-01-27T20:35:15.882Z,2023-01-27T20:35:16Z,3997290997,392,,3997290995,31,,3997290999,13,243,,,,,,,,,,,,,,,,b77p0um20y057708bx6on4d4a,D. Huiberts,,,,,,,,,,,,,,,,,,,,,,,,,,,,,,,,
2501060651,545,1,2,79,15,dnzj0iv5qtaemm9kthh9pos8q,0,31.2,13.1,2023-01-27T20:35:51.793Z,2023-01-27T21:02:24Z,3997293173,141,54.0,3997293169,56,Center,3997293181,213,0.5,3997293165,157,,3997293171,140,76.8,3997293177,212,55.4,3997293183,1,,3997293163,5,,alzgg0nxnnex3nkzr6lgmt1ey,T. Jansen,3997293167,152,,,,,,,,,,,,,,,,,,,,,,,,,,,,,,
2501060659,910,49,2,79,19,2uuh2bir8ktof0uxfo06lb4ox,1,29.3,43.4,2023-01-27T20:35:56.345Z,2023-01-27T20:35:56Z,,,,,,,,,,,,,,,,,,,,,,,,,dmrznrol8qp7yk53r6ajhnkt0,T. Beelen,,,,,,,,,,,,,,,,,,,,,,,,,,,,,,,,
2501060731,911,1,2,79,24,2uuh2bir8ktof0uxfo06lb4ox,1,56.2,15.9,2023-01-27T20:36:01.384Z,2023-01-27T20:36:03Z,3997293599,56,Right,3997293605,212,8.3,3997293603,141,3.8,3997293607,213,4.6,3997293601,140,55.2,,,,,,,,,,dmrznrol8qp7yk53r6ajhnkt0,T. Beelen,,,,,,,,,,,,,,,,,,,,,,,,,,,,,,,,
2501060755,912,1,2,79,26,2uuh2bir8ktof0uxfo06lb4ox,1,55.2,3.8,2023-01-27T20:36:03.273Z,2023-01-27T20:36:05Z,3997293767,56,Right,3997293777,212,6.6,3997293773,141,8.2,3997293769,140,60.8,3997293781,213,0.5,,,,,,,,,,2f3j5qchxzh11u4bi2mb8dslw,D. Chirino,,,,,,,,,,,,,,,,,,,,,,,,,,,,,,,,
2501060813,913,1,2,79,28,2uuh2bir8ktof0uxfo06lb4ox,1,59.5,7.7,2023-01-27T20:36:05.033Z,2023-01-27T20:36:08Z,3997294079,213,3.1,3997294075,141,9.2,3997294077,212,23.8,3997294071,56,Back,3997294073,140,36.9,,,,,,,,,,dmrznrol8qp7yk53r6ajhnkt0,T. Beelen,,,,,,,,,,,,,,,,,,,,,,,,,,,,,,,,
2501060863,914,1,2,79,32,2uuh2bir8ktof0uxfo06lb4ox,1,34.8,13.1,2023-01-27T20:36:08.776Z,2023-01-27T20:36:15Z,3997294435,213,2.3,3997294427,56,Back,3997294429,140,12.9,3997294437,1,,3997294431,141,53.7,3997294433,212,35.9,,,,,,,idvh0ac1f8wv39640pyl4esp,S. Kersten,,,,,,,,,,,,,,,,,,,,,,,,,,,,,,,,
2501060877,915,1,2,79,38,2uuh2bir8ktof0uxfo06lb4ox,1,12.9,66.9,2023-01-27T20:36:14.953Z,2023-01-27T20:36:18Z,3997294523,56,Back,3997294531,213,0.8,3997294525,140,29.0,3997294529,212,25.2,3997294527,141,94.4,,,,,,,,,,cetavjue5femoxid9fmcd0zjd,J. Schendelaar,,,,,,,,,,,,,,,,,,,,,,,,,,,,,,,,
2501060899,546,45,2,79,41,dnzj0iv5qtaemm9kthh9pos8q,0,71.9,6.1,2023-01-27T20:36:18.072Z,2023-01-27T20:36:20Z,3997294623,286,,3997294649,233,916,3997294621,56,Right,,,,,,,,,,,,,,,,f1as17wqpj44gihtvw936lofd,B. van Hoeven,,,,,,,,,,,,,,,,,,,,,,,,,,,,,,,,
2501060897,916,3,2,79,41,2uuh2bir8ktof0uxfo06lb4ox,1,28.1,93.9,2023-01-27T20:36:18.072Z,2023-01-27T20:36:20Z,3997294611,285,,3997294609,56,Back,3997294629,233,546,,,,,,,,,,,,,,,,csecbdlw3sxstnebpiw91ezxm,S. Lagsir,,,,,,,,,,,,,,,,,,,,,,,,,,,,,,,,
2501060923,917,1,2,79,42,2uuh2bir8ktof0uxfo06lb4ox,1,28.6,92.1,2023-01-27T20:36:19.449Z,2023-01-27T20:36:22Z,3997294761,212,17.6,3997294757,140,31.2,3997294763,213,4.9,3997294755,56,Back,3997294759,141,66.6,,,,,,,,,,csecbdlw3sxstnebpiw91ezxm,S. Lagsir,,,,,,,,,,,,,,,,,,,,,,,,,,,,,,,,
2501060953,918,1,2,79,45,2uuh2bir8ktof0uxfo06lb4ox,1,31.2,66.6,2023-01-27T20:36:21.704Z,2023-01-27T20:36:25Z,3997294935,140,40.1,3997294939,212,18.6,3997294933,56,Back,3997294941,213,1.0,3997294937,141,90.2,,,,,,,,,,a339o11ut8s1o9odm6ybc4pka,T. van den Belt,,,,,,,,,,,,,,,,,,,,,,,,,,,,,,,,
2501060987,547,45,2,79,48,dnzj0iv5qtaemm9kthh9pos8q,0,45.2,10.4,2023-01-27T20:36:25.001Z,2023-01-27T20:36:27Z,3997295105,56,Back,3997295187,233,919,3997295107,285,,,,,,,,,,,,,,,,,bquqyyfz4lj0xrerbhbtj1jze,Ö. Gündüz,,,,,,,,,,,,,,,,,,,,,,,,,,,,,,,,
2501060963,919,3,2,79,48,2uuh2bir8ktof0uxfo06lb4ox,1,54.8,89.6,2023-01-27T20:36:25.001Z,2023-01-27T20:36:27Z,3997294987,56,Left,3997295133,233,547,3997294989,286,,,,,,,,,,,,,,,,,ebr52ne9bo6xyh2vhr6nhfhbe,S. Zitman,,,,,,,,,,,,,,,,,,,,,,,,,,,,,,,,
2501060965,920,42,2,79,49,2uuh2bir8ktof0uxfo06lb4ox,1,55.8,88.9,2023-01-27T20:36:25.593Z,2023-01-27T20:36:25Z,,,,,,,,,,,,,,,,,,,,,,,,,ebr52ne9bo6xyh2vhr6nhfhbe,S. Zitman,,,,,,,,,,,,,,,,,,,,,,,,,,,,,,,,
2501061065,921,1,2,79,52,2uuh2bir8ktof0uxfo06lb4ox,1,73.5,60.9,2023-01-27T20:36:28.697Z,2023-01-27T20:53:59Z,3997295567,140,89.6,3997298167,154,,3997295571,212,19.8,3997298165,210,16,3997298169,22,,3997295573,213,5.7,3997295569,141,45.8,3997295565,56,Center,ebr52ne9bo6xyh2vhr6nhfhbe,S. Zitman,,,,,,,,,,,,,,,,,,,,,,,,,,,,,,,,1
2501061071,922,16,2,79,55,2uuh2bir8ktof0uxfo06lb4ox,1,89.6,45.8,2023-01-27T20:36:31.800Z,2023-01-27T20:54:00Z,3997298199,231,47.1,3997298179,154,,3997298185,102,50.8,3997295609,56,Center,3997295921,375,79:54.609,3997355959,89,,3997298195,328,,3997295913,20,,2esbyi3i7rtsdkxe6a917rsnp,L. Thy,3997298175,78,3997295917,374,2023-01-27 20:36:31.123,,,3997298189,103,3997295607,17,,3997298193,214,3997298181,55,921,1.3,,3997298197,230,92.8,3997295603,22,,3997298177,29,,,,,
2501061677,548,1,2,80,46,dnzj0iv5qtaemm9kthh9pos8q,1,49.8,50.1,2023-01-27T20:37:23.294Z,2023-01-27T20:37:25Z,3997298599,213,3.3,3997298595,141,43.4,3997298593,140,26.7,3997298597,212,24.7,3997298601,279,G,3997298591,56,Back,,,,,,,b950jt347chmq9whlkgl6fxpm,K. Leidsman,,,,,,,,,,,,,,,,,,,,,,,,,,,,,,,,
2501061691,549,1,2,80,48,dnzj0iv5qtaemm9kthh9pos8q,0,26.7,43.4,2023-01-27T20:37:25.007Z,2023-01-27T20:37:25Z,3997298661,157,,3997298671,213,0.3,3997298667,141,63.6,3997298663,56,Center,3997298673,1,,3997298669,212,50.7,3997298665,140,73.2,,,,7cetznpb0tnu6kdz7bvm8gyxh,L. Piqué,,,,,,,,,,,,,,,,,,,,,,,,,,,,,,,,
2501061711,923,1,2,80,49,2uuh2bir8ktof0uxfo06lb4ox,0,25.7,25.6,2023-01-27T20:37:26.058Z,2023-01-27T20:37:26Z,3997298767,3,,3997298779,212,18.4,3997298771,140,42.0,3997298773,141,15.8,3997298769,56,Back,3997298781,213,5.9,,,,,,,idvh0ac1f8wv39640pyl4esp,S. Kersten,,,,,,,,,,,,,,,,,,,,,,,,,,,,,,,,
2501061765,924,1,2,80,51,2uuh2bir8ktof0uxfo06lb4ox,0,28.8,25,2023-01-27T20:37:28.072Z,2023-01-27T20:37:31Z,3997299059,56,Back,3997299063,141,50.7,3997299065,212,18.9,3997299057,3,,3997299061,140,35.6,3997299067,213,1.2,,,,,,,idvh0ac1f8wv39640pyl4esp,S. Kersten,,,,,,,,,,,,,,,,,,,,,,,,,,,,,,,,
2501061759,550,1,2,80,53,dnzj0iv5qtaemm9kthh9pos8q,0,58.7,79.6,2023-01-27T20:37:30.143Z,2023-01-27T20:37:31Z,3997299027,3,,3997299031,140,73.8,3997299037,212,17.6,3997299029,56,Center,3997299033,141,68.5,3997299041,213,5.8,,,,,,,4zow18ykkg1gvw40r7jsrzkl,D. van der Sluys,,,,,,,,,,,,,,,,,,,,,,,,,,,,,,,,
2501061795,551,1,2,80,56,dnzj0iv5qtaemm9kthh9pos8q,0,60.6,44.9,2023-01-27T20:37:33.294Z,2023-01-27T20:37:34Z,3997299227,212,15.8,3997299221,56,Center,3997299225,141,34.2,3997299229,213,5.8,3997299219,3,,3997299223,140,74.0,,,,,,,bquqyyfz4lj0xrerbhbtj1jze,Ö. Gündüz,,,,,,,,,,,,,,,,,,,,,,,,,,,,,,,,
2501061789,925,49,2,80,57,2uuh2bir8ktof0uxfo06lb4ox,1,27.7,72.9,2023-01-27T20:37:34.168Z,2023-01-27T20:37:34Z,,,,,,,,,,,,,,,,,,,,,,,,,csecbdlw3sxstnebpiw91ezxm,S. Lagsir,,,,,,,,,,,,,,,,,,,,,,,,,,,,,,,,
2501061829,926,1,2,80,58,2uuh2bir8ktof0uxfo06lb4ox,1,30,76.1,2023-01-27T20:37:35.144Z,2023-01-27T20:37:37Z,3997299401,213,3.2,3997299393,140,19.2,3997299395,141,74.8,3997299399,212,11.4,3997299391,56,Back,,,,,,,,,,csecbdlw3sxstnebpiw91ezxm,S. Lagsir,,,,,,,,,,,,,,,,,,,,,,,,,,,,,,,,
2501061857,927,1,2,81,0,2uuh2bir8ktof0uxfo06lb4ox,0,19.2,74.8,2023-01-27T20:37:36.922Z,2023-01-27T20:37:38Z,3997299535,212,32.9,3997299527,157,,3997299539,1,,3997299531,140,45.4,3997299537,213,0.6,3997299529,56,Back,3997299533,141,100.0,,,,dse1rndtog4qn2mwv966vp6mt,B. van Hintum,,,,,,,,,,,,,,,,,,,,,,,,,,,,,,,,
2501062045,552,5,2,81,1,dnzj0iv5qtaemm9kthh9pos8q,1,55.8,-1.2,2023-01-27T20:37:38.053Z,2023-01-27T20:58:19Z,3997300575,233,928,3997300559,347,,3997300557,56,Right,,,,,,,,,,,,,,,,bquqyyfz4lj0xrerbhbtj1jze,Ö. Gündüz,,,,,,,,,,,,,,,,,,,,,,,,,,,,,,,,
2501061861,928,5,2,81,1,2uuh2bir8ktof0uxfo06lb4ox,0,44.2,101.2,2023-01-27T20:37:38.053Z,2023-01-27T20:38:00Z,3997299555,56,Back,3997299557,347,,3997300595,233,552,,,,,,,,,,,,,,,,dse1rndtog4qn2mwv966vp6mt,B. van Hintum,,,,,,,,,,,,,,,,,,,,,,,,,,,,,,,,
2501062593,555,27,2,81,28,dnzj0iv5qtaemm9kthh9pos8q,1,0,0,2023-01-27T20:38:05.288Z,2023-01-27T20:58:22Z,3997364199,233,929,,,,,,,,,,,,,,,,,,,,,,,,,,,,,,,,,,,,,,,,,,,,,,,,,,,,,,,
2501062159,929,27,2,81,28,2uuh2bir8ktof0uxfo06lb4ox,1,0,0,2023-01-27T20:38:05.288Z,2023-01-27T20:58:22Z,3997301135,53,idvh0ac1f8wv39640pyl4esp,3997301131,41,Injury,3997364175,233,555,,,,,,,,,,,,,,,,,,,,,,,,,,,,,,,,,,,,,,,,,,,,,,,,,
2501062655,556,28,2,82,6,dnzj0iv5qtaemm9kthh9pos8q,1,0,0,2023-01-27T20:38:42.656Z,2023-01-27T20:58:23Z,3997364219,233,930,3997303961,55,555,,,,,,,,,,,,,,,,,,,,,,,,,,,,,,,,,,,,,,,,,,,,,,,,,,,,
2501062479,930,28,2,82,6,2uuh2bir8ktof0uxfo06lb4ox,1,0,0,2023-01-27T20:38:42.656Z,2023-01-27T20:58:23Z,3997364203,233,556,3997302989,55,929,,,,,,,,,,,,,,,,,,,,,,,,,,,,,,,,,,,,,,,,,,,,,,,,,,,,
2501062699,557,1,2,82,23,dnzj0iv5qtaemm9kthh9pos8q,1,63.7,0,2023-01-27T20:38:59.982Z,2023-01-27T20:39:19Z,3997304229,141,3.2,3997304225,56,Right,3997304231,212,6.9,3997304233,213,2.7,3997304227,140,57.8,3997305353,238,,3997305179,107,,,,,f1as17wqpj44gihtvw936lofd,B. van Hoeven,,,,,,,,,,,,,,,,,,,,,,,,,,,,,,,,
2501062711,558,61,2,82,24,dnzj0iv5qtaemm9kthh9pos8q,1,57.1,4.1,2023-01-27T20:39:01.487Z,2023-01-27T20:39:25Z,3997305745,238,,3997304289,56,Right,,,,,,,,,,,,,,,,,,,dcdvet7azx1a59xm2ke7qi2cq,I. Pata,,,,,,,,,,,,,,,,,,,,,,,,,,,,,,,,
2501062715,931,52,2,82,26,2uuh2bir8ktof0uxfo06lb4ox,1,3.1,61.1,2023-01-27T20:39:02.599Z,2023-01-27T20:39:02Z,,,,,,,,,,,,,,,,,,,,,,,,,cetavjue5femoxid9fmcd0zjd,J. Schendelaar,,,,,,,,,,,,,,,,,,,,,,,,,,,,,,,,
2501062819,559,43,2,82,28,dnzj0iv5qtaemm9kthh9pos8q,1,0,0,2023-01-27T20:39:04.592Z,2023-01-27T20:39:30Z,3997306145,144,5,3997304909,347,0,3997304907,56,Right,,,,,,,,,,,,,,,,dcdvet7azx1a59xm2ke7qi2cq,I. Pata,,,,,,,,,,,,,,,,,,,,,,,,,,,,,,,,
2501062803,932,80,2,82,34,2uuh2bir8ktof0uxfo06lb4ox,0,9,49.7,2023-01-27T20:39:10.823Z,2023-01-27T20:39:10Z,,,,,,,,,,,,,,,,,,,,,,,,,cetavjue5femoxid9fmcd0zjd,J. Schendelaar,,,,,,,,,,,,,,,,,,,,,,,,,,,,,,,,
2501062955,933,1,2,82,41,2uuh2bir8ktof0uxfo06lb4ox,1,14.5,47.2,2023-01-27T20:39:18.007Z,2023-01-27T20:39:22Z,3997305495,198,,3997305499,140,71.5,3997305503,212,63.7,3997305511,1,,3997305507,213,0.4,3997305501,141,79.4,3997305493,157,,3997305497,56,Left,cetavjue5femoxid9fmcd0zjd,J. Schendelaar,,,,,,,,,,,,,,,,,,,,,,,,,,,,,,,,
2501062969,934,1,2,82,45,2uuh2bir8ktof0uxfo06lb4ox,0,71.5,79.4,2023-01-27T20:39:21.991Z,2023-01-27T20:39:23Z,3997305595,56,Center,3997305599,141,62.0,3997305593,3,,3997305603,213,5.1,3997305601,212,12.6,3997305597,140,75.5,,,,,,,asn8og4yn5gj4it0qe6vulhat,A. Vellios,,,,,,,,,,,,,,,,,,,,,,,,,,,,,,,,
2501063023,935,43,2,82,48,2uuh2bir8ktof0uxfo06lb4ox,1,0,0,2023-01-27T20:39:24.903Z,2023-01-27T20:39:28Z,3997305835,56,Center,3997305837,285,0,3997305991,144,7,,,,,,,,,,,,,,,,dse1rndtog4qn2mwv966vp6mt,B. van Hintum,,,,,,,,,,,,,,,,,,,,,,,,,,,,,,,,
2501063025,936,1,2,82,49,2uuh2bir8ktof0uxfo06lb4ox,0,52,73.6,2023-01-27T20:39:26.295Z,2023-01-27T20:39:27Z,3997305849,141,100.0,3997305845,56,Left,3997305851,212,24.9,3997305847,140,67.2,3997305855,213,0.9,,,,,,,,,,dse1rndtog4qn2mwv966vp6mt,B. van Hintum,,,,,,,,,,,,,,,,,,,,,,,,,,,,,,,,
2501063345,560,5,2,82,50,dnzj0iv5qtaemm9kthh9pos8q,1,37.7,-1.8,2023-01-27T20:39:26.927Z,2023-01-27T20:58:19Z,3997307581,347,,3997307579,56,Back,3997364105,233,937,,,,,,,,,,,,,,,,dcdvet7azx1a59xm2ke7qi2cq,I. Pata,,,,,,,,,,,,,,,,,,,,,,,,,,,,,,,,
2501063029,937,5,2,82,50,2uuh2bir8ktof0uxfo06lb4ox,0,62.3,101.8,2023-01-27T20:39:26.927Z,2023-01-27T20:58:19Z,3997305869,56,Left,3997305871,347,,3997364111,233,560,,,,,,,,,,,,,,,,dse1rndtog4qn2mwv966vp6mt,B. van Hintum,,,,,,,,,,,,,,,,,,,,,,,,,,,,,,,,
2501063475,561,18,2,83,24,dnzj0iv5qtaemm9kthh9pos8q,1,0,0,2023-01-27T20:40:00.871Z,2023-01-27T20:40:01Z,3997308313,59,19,3997308421,55,562,3997308311,44,Midfielder,3997308309,42,,,,,,,,,,,,,,8uw9w30592omb8acpnssgdlh,R. Dekker,,,,,,,,,,,,,,,,,,,,,,,,,,,,,,,,
2501063485,562,19,2,83,24,dnzj0iv5qtaemm9kthh9pos8q,1,0,0,2023-01-27T20:40:00.872Z,2023-01-27T20:40:02Z,3997308357,145,4,3997308353,42,,3997308365,44,Midfielder,3997308361,292,7,3997308367,55,561,3997308363,293,3,3997308359,59,20,,,,5dppoogob8jwl8n3884uqm4iy,J. Clein,,,,,,,,,,,,,,,,,,,,,,,,,,,,,,,,
2501063877,563,18,2,83,58,dnzj0iv5qtaemm9kthh9pos8q,1,0,0,2023-01-27T20:40:35.438Z,2023-01-27T20:40:36Z,3997310335,59,39,3997310333,44,Forward,3997310383,55,564,3997310331,42,,,,,,,,,,,,,,b950jt347chmq9whlkgl6fxpm,K. Leidsman,,,,,,,,,,,,,,,,,,,,,,,,,,,,,,,,
2501063883,564,19,2,83,58,dnzj0iv5qtaemm9kthh9pos8q,1,0,0,2023-01-27T20:40:35.439Z,2023-01-27T20:40:36Z,3997310351,42,,3997310357,145,9,3997310365,44,Forward,3997310367,55,563,3997310361,292,9,3997310359,59,11,3997310363,293,3,,,,b61yiz3lait78xmlbyzr2vd62,T. Lake,,,,,,,,,,,,,,,,,,,,,,,,,,,,,,,,
2501070251,613,18,2,84,0,dnzj0iv5qtaemm9kthh9pos8q,1,0,0,2023-01-27T20:40:37.291Z,2023-01-27T20:49:40Z,3997343019,44,Defender,3997343089,55,614,3997343017,42,,3997343021,59,2,,,,,,,,,,,,,dcdvet7azx1a59xm2ke7qi2cq,I. Pata,,,,,,,,,,,,,,,,,,,,,,,,,,,,,,,,
2501070261,614,19,2,84,0,dnzj0iv5qtaemm9kthh9pos8q,1,0,0,2023-01-27T20:40:37.292Z,2023-01-27T20:49:41Z,3997343083,44,Forward,3997343077,59,9,3997343071,42,,3997343081,293,2,3997343085,55,613,3997343079,292,9,3997343075,145,2,,,,5c5quyl7qxptstbge87w2eqqx,D. Ladan,,,,,,,,,,,,,,,,,,,,,,,,,,,,,,,,
2501063981,565,1,2,84,8,dnzj0iv5qtaemm9kthh9pos8q,0,42.6,0,2023-01-27T20:40:44.605Z,2023-01-27T21:00:25Z,3997310879,212,29.8,3997310869,107,,3997310881,213,0.5,3997310873,140,67.5,3997310877,141,18.9,3997310883,1,,3997310871,56,Right,,,,1jn9jog8ou8uxnmypneksizxm,R. van Eijma,,,,,,,,,,,,,,,,,,,,,,,,,,,,,,,,
2501065015,947,1,2,84,9,2uuh2bir8ktof0uxfo06lb4ox,0,31.1,76.4,2023-01-27T20:40:46.437Z,2023-01-27T20:42:10Z,3997316067,56,Back,3997316075,213,0.1,3997316071,141,78.4,3997316073,212,13.3,3997316069,140,43.7,3997316065,3,,,,,,,,ebr52ne9bo6xyh2vhr6nhfhbe,S. Zitman,,,,,,,,,,,,,,,,,,,,,,,,,,,,,,,,
2501064111,941,4,2,84,12,2uuh2bir8ktof0uxfo06lb4ox,1,39.4,75.4,2023-01-27T20:40:48.686Z,2023-01-27T21:00:32Z,3997311569,286,,3997311565,152,,3997312079,233,566,3997311563,56,Back,3997367103,10,,,,,,,,,,,,,,,,,,,,,,,,,,,,,,,,,,,,,,,,,,,,
2501064201,566,4,2,84,12,dnzj0iv5qtaemm9kthh9pos8q,0,60.6,24.6,2023-01-27T20:40:48.687Z,2023-01-27T20:41:10Z,3997312019,56,Center,3997312021,152,,3997312087,233,941,3997312017,10,,3997312023,285,,,,,,,,,,,bquqyyfz4lj0xrerbhbtj1jze,Ö. Gündüz,,,,,,,,,,,,,,,,,,,,,,,,,,,,,,,,
2501064027,939,18,2,84,12,2uuh2bir8ktof0uxfo06lb4ox,1,0,0,2023-01-27T20:40:48.992Z,2023-01-27T20:40:49Z,3997311119,42,,3997311123,59,15,3997311163,55,940,3997311121,44,Defender,,,,,,,,,,,,,idvh0ac1f8wv39640pyl4esp,S. Kersten,,,,,,,,,,,,,,,,,,,,,,,,,,,,,,,,
2501064031,940,19,2,84,12,2uuh2bir8ktof0uxfo06lb4ox,1,0,0,2023-01-27T20:40:48.993Z,2023-01-27T20:40:49Z,3997311137,145,6,3997311143,293,5,3997311141,292,5,3997311147,55,939,3997311133,42,,3997311145,44,Midfielder,3997311139,59,33,,,,7gwm8sjtl2vyfeh6mio8ve9ec,R. van den Berg,,,,,,,,,,,,,,,,,,,,,,,,,,,,,,,,
2501064313,942,1,2,84,32,2uuh2bir8ktof0uxfo06lb4ox,1,37.6,73.9,2023-01-27T20:41:08.632Z,2023-01-27T20:41:11Z,3997312517,56,Center,3997312521,141,37.6,3997312511,5,,3997312527,1,,3997312523,212,50.1,3997312513,155,,3997312519,140,79.1,3997312515,152,,dse1rndtog4qn2mwv966vp6mt,B. van Hintum,3997312525,213,,,,,5.8,,,,,,,,,,,,,,,,,,,,,,,,,
2501064329,943,1,2,84,35,2uuh2bir8ktof0uxfo06lb4ox,1,79.1,37.6,2023-01-27T20:41:11.542Z,2023-01-27T20:41:13Z,3997312613,56,Center,3997312617,141,48.8,3997312621,213,0.6,3997312611,3,,3997312619,212,12.9,3997312615,140,89.0,,,,,,,asn8og4yn5gj4it0qe6vulhat,A. Vellios,,,,,,,,,,,,,,,,,,,,,,,,,,,,,,,,
2501064367,944,1,2,84,36,2uuh2bir8ktof0uxfo06lb4ox,1,91.5,48.7,2023-01-27T20:41:12.870Z,2023-01-27T21:01:18Z,3997315723,156,,3997312801,140,92.7,3997315373,24,,3997315369,210,16,3997312807,213,5.0,3997312803,141,42.5,3997315371,154,,3997312799,56,Center,2esbyi3i7rtsdkxe6a917rsnp,L. Thy,3997312805,212,,,,,4.4,,,,,,,,,,,,,,,,,,,,,,,,,1
2501064373,945,43,2,84,37,2uuh2bir8ktof0uxfo06lb4ox,1,0,0,2023-01-27T20:41:14.037Z,2023-01-27T20:41:21Z,3997312829,22,0,3997312833,17,0,3997312845,250,0,3997313267,144,39,3997312839,56,Center,,,,,,,,,,2esbyi3i7rtsdkxe6a917rsnp,L. Thy,,,,,,,,,,,,,,,,,,,,,,,,,,,,,,,,
2501064463,946,16,2,84,38,2uuh2bir8ktof0uxfo06lb4ox,1,91.4,44.5,2023-01-27T20:41:14.855Z,2023-01-27T21:01:19Z,3997315425,230,97.6,3997315415,102,53.6,3997315409,154,,3997315423,328,,3997315407,29,,3997313557,374,2023-01-27 20:41:14.269,3997313347,17,,3997315427,231,48.2,b77p0um20y057708bx6on4d4a,D. Huiberts,3997315417,103,3997313561,375,84:37.755,,3.2,3997315419,214,3997315405,76,,3997313349,56,3997315411,55,944,,Center,3997315403,24,,3997313553,20,,3997315421,108,,,,,
2501065025,567,1,2,85,27,dnzj0iv5qtaemm9kthh9pos8q,1,49.6,50.3,2023-01-27T20:42:04.333Z,2023-01-27T20:42:06Z,3997316129,212,22.0,3997316119,140,29.9,3997316135,213,3.5,3997316139,279,G,3997316117,56,Back,3997316123,141,39.2,,,,,,,b61yiz3lait78xmlbyzr2vd62,T. Lake,,,,,,,,,,,,,,,,,,,,,,,,,,,,,,,,
2501065051,568,1,2,85,29,dnzj0iv5qtaemm9kthh9pos8q,1,29.9,39.2,2023-01-27T20:42:06.047Z,2023-01-27T20:42:08Z,3997316261,141,86.5,3997316257,56,Left,3997316267,1,,3997316255,157,,3997316263,212,49.6,3997316259,140,65.9,3997316265,213,0.7,,,,7cetznpb0tnu6kdz7bvm8gyxh,L. Piqué,,,,,,,,,,,,,,,,,,,,,,,,,,,,,,,,
2501065105,569,1,2,85,31,dnzj0iv5qtaemm9kthh9pos8q,0,65.9,86.8,2023-01-27T20:42:07.997Z,2023-01-27T20:42:13Z,3997316545,56,Center,3997316549,141,65.5,3997316551,212,15.3,3997316555,213,5.0,3997316547,140,70.7,,,,,,,,,,au91rqig6uyyi1zdmlxydk38q,A. Allemeersch,,,,,,,,,,,,,,,,,,,,,,,,,,,,,,,,
2501065115,948,1,2,85,36,2uuh2bir8ktof0uxfo06lb4ox,0,36.9,20.4,2023-01-27T20:42:12.936Z,2023-01-27T20:42:13Z,3997316611,1,,3997316603,140,43.7,3997316607,212,16.2,3997316601,56,Back,3997316609,213,5.2,3997316599,157,,3997316605,141,0.0,,,,2f3j5qchxzh11u4bi2mb8dslw,D. Chirino,,,,,,,,,,,,,,,,,,,,,,,,,,,,,,,,
2501065163,570,5,2,85,36,dnzj0iv5qtaemm9kthh9pos8q,1,56.6,101.2,2023-01-27T20:42:13.472Z,2023-01-27T20:58:19Z,3997316843,56,Left,3997316845,347,,3997316871,233,949,,,,,,,,,,,,,,,,4zow18ykkg1gvw40r7jsrzkl,D. van der Sluys,,,,,,,,,,,,,,,,,,,,,,,,,,,,,,,,
2501065119,949,5,2,85,36,2uuh2bir8ktof0uxfo06lb4ox,0,43.4,-1.2,2023-01-27T20:42:13.472Z,2023-01-27T20:42:18Z,3997316631,347,,3997316629,56,Back,3997316891,233,570,,,,,,,,,,,,,,,,2f3j5qchxzh11u4bi2mb8dslw,D. Chirino,,,,,,,,,,,,,,,,,,,,,,,,,,,,,,,,
2501065203,571,1,2,85,40,dnzj0iv5qtaemm9kthh9pos8q,1,56.9,100,2023-01-27T20:42:17.341Z,2023-01-27T20:42:20Z,3997317069,141,91.5,3997317065,56,Left,3997317073,213,4.8,3997317071,212,6.8,3997317063,107,,3997317067,140,57.4,,,,,,,4zow18ykkg1gvw40r7jsrzkl,D. van der Sluys,,,,,,,,,,,,,,,,,,,,,,,,,,,,,,,,
2501065231,572,1,2,85,44,dnzj0iv5qtaemm9kthh9pos8q,0,57.2,90.5,2023-01-27T20:42:20.863Z,2023-01-27T20:42:22Z,3997317191,141,75.7,3997317197,1,,3997317193,212,40.6,3997317187,56,Center,3997317189,140,94.7,3997317185,155,,3997317195,213,6.0,,,,1jn9jog8ou8uxnmypneksizxm,R. van Eijma,,,,,,,,,,,,,,,,,,,,,,,,,,,,,,,,
2501065217,950,49,2,85,45,2uuh2bir8ktof0uxfo06lb4ox,1,9.9,19.1,2023-01-27T20:42:22.007Z,2023-01-27T20:42:22Z,,,,,,,,,,,,,,,,,,,,,,,,,dse1rndtog4qn2mwv966vp6mt,B. van Hintum,,,,,,,,,,,,,,,,,,,,,,,,,,,,,,,,
2501065269,951,1,2,85,47,2uuh2bir8ktof0uxfo06lb4ox,0,7.2,5,2023-01-27T20:42:24.293Z,2023-01-27T20:42:25Z,3997317371,212,15.3,3997317365,56,Back,3997317369,141,0.0,3997317373,213,6.0,3997317367,140,21.2,3997317375,1,,3997317363,157,,,,,dse1rndtog4qn2mwv966vp6mt,B. van Hintum,,,,,,,,,,,,,,,,,,,,,,,,,,,,,,,,
2501065361,573,5,2,85,48,dnzj0iv5qtaemm9kthh9pos8q,1,77.6,101.6,2023-01-27T20:42:25.395Z,2023-01-27T20:58:20Z,3997317879,347,,3997317889,233,952,3997317877,56,Left,,,,,,,,,,,,,,,,1jn9jog8ou8uxnmypneksizxm,R. van Eijma,,,,,,,,,,,,,,,,,,,,,,,,,,,,,,,,
2501065273,952,5,2,85,48,2uuh2bir8ktof0uxfo06lb4ox,0,22.4,-1.6,2023-01-27T20:42:25.395Z,2023-01-27T20:42:37Z,3997317395,56,Back,3997317897,233,573,3997317397,347,,,,,,,,,,,,,,,,,dse1rndtog4qn2mwv966vp6mt,B. van Hintum,,,,,,,,,,,,,,,,,,,,,,,,,,,,,,,,
2501065377,574,1,2,86,0,dnzj0iv5qtaemm9kthh9pos8q,1,76.3,100,2023-01-27T20:42:36.557Z,2023-01-27T20:42:38Z,3997317979,107,,3997317985,141,87.2,3997317989,213,5.5,3997317987,212,13.9,3997317981,56,Left,3997317983,140,85.6,,,,,,,4zow18ykkg1gvw40r7jsrzkl,D. van der Sluys,,,,,,,,,,,,,,,,,,,,,,,,,,,,,,,,
2501065457,575,1,2,86,2,dnzj0iv5qtaemm9kthh9pos8q,1,85.8,86.9,2023-01-27T20:42:38.765Z,2023-01-27T20:42:45Z,3997318357,56,Left,3997318361,141,81.4,3997318365,213,3.5,3997318359,140,75.7,3997318363,212,11.2,,,,,,,,,,au91rqig6uyyi1zdmlxydk38q,A. Allemeersch,,,,,,,,,,,,,,,,,,,,,,,,,,,,,,,,
2501065467,576,4,2,86,8,dnzj0iv5qtaemm9kthh9pos8q,1,77.6,89.6,2023-01-27T20:42:44.925Z,2023-01-27T20:45:09Z,3997318409,13,,3997318415,265,,3997327503,233,953,3997318417,286,,3997318411,56,Left,3997318413,152,,,,,,,,b61yiz3lait78xmlbyzr2vd62,T. Lake,,,,,,,,,,,,,,,,,,,,,,,,,,,,,,,,
2501065519,953,4,2,86,8,2uuh2bir8ktof0uxfo06lb4ox,0,22.4,10.4,2023-01-27T20:42:44.926Z,2023-01-27T20:45:09Z,3997327521,233,576,3997318683,56,Back,3997318687,265,,3997318681,13,,3997318689,285,,3997318685,152,,,,,,,,a339o11ut8s1o9odm6ybc4pka,T. van den Belt,,,,,,,,,,,,,,,,,,,,,,,,,,,,,,,,
2501065831,577,1,2,86,31,dnzj0iv5qtaemm9kthh9pos8q,0,77.1,89,2023-01-27T20:43:07.686Z,2023-01-27T21:00:40Z,3997320219,213,5.1,3997320215,141,56.7,3997320209,152,,3997320207,155,,3997320213,140,86.5,3997320217,212,24.1,3997320211,56,Center,3997320203,5,,b61yiz3lait78xmlbyzr2vd62,T. Lake,,,,,,,,,,,,,,,,,,,,,,,,,,,,,,,,
2501071685,1023,61,2,86,32,2uuh2bir8ktof0uxfo06lb4ox,1,14.4,35.2,2023-01-27T20:43:08.514Z,2023-01-27T20:54:42Z,3997350243,56,Back,,,,,,,,,,,,,,,,,,,,,,ebr52ne9bo6xyh2vhr6nhfhbe,S. Zitman,,,,,,,,,,,,,,,,,,,,,,,,,,,,,,,,
2501071943,617,1,2,86,35,dnzj0iv5qtaemm9kthh9pos8q,1,78.5,81.5,2023-01-27T20:43:11.514Z,2023-01-27T20:59:38Z,3997351389,213,5.0,3997351379,140,81.2,3997351377,56,Center,3997351383,141,69.1,3997351387,212,8.9,,,,,,,,,,b61yiz3lait78xmlbyzr2vd62,T. Lake,,,,,,,,,,,,,,,,,,,,,,,,,,,,,,,,
2501072057,618,1,2,86,35,dnzj0iv5qtaemm9kthh9pos8q,1,81.1,69.1,2023-01-27T20:43:11.614Z,2023-01-27T20:59:59Z,3997352083,141,78.8,3997352085,212,20.7,3997352081,140,62.4,3997352079,56,Center,3997352087,213,2.8,,,,,,,,,,5dppoogob8jwl8n3884uqm4iy,J. Clein,,,,,,,,,,,,,,,,,,,,,,,,,,,,,,,,
2501072301,619,1,2,86,36,dnzj0iv5qtaemm9kthh9pos8q,1,63.5,79,2023-01-27T20:43:12.514Z,2023-01-27T20:55:51Z,3997353389,56,Center,3997353395,212,34.7,3997356119,210,13,3997353851,1,,3997356121,154,,3997353397,213,5.7,3997353391,140,91.5,3997353387,155,,f1as17wqpj44gihtvw936lofd,B. van Hoeven,3997353393,141,,,,1,51.9,,,,,,,,,,,,,,,,,,,,,,,,,
2501065951,580,44,2,86,36,dnzj0iv5qtaemm9kthh9pos8q,1,88.4,48.6,2023-01-27T20:43:13.513Z,2023-01-27T20:54:38Z,3997320885,286,,3997320883,56,Center,3997357453,233,1024,,,,,,,,,,,,,,,,5c5quyl7qxptstbge87w2eqqx,D. Ladan,,,,,,,,,,,,,,,,,,,,,,,,,,,,,,,,
2501073045,1024,44,2,86,37,2uuh2bir8ktof0uxfo06lb4ox,0,11.6,51.4,2023-01-27T20:43:13.514Z,2023-01-27T20:59:52Z,3997357417,56,Back,3997357553,233,580,3997357419,285,,,,,,,,,,,,,,,,,7gwm8sjtl2vyfeh6mio8ve9ec,R. van den Berg,,,,,,,,,,,,,,,,,,,,,,,,,,,,,,,,
2501065953,581,13,2,86,38,dnzj0iv5qtaemm9kthh9pos8q,1,91.6,53.9,2023-01-27T20:43:15.404Z,2023-01-27T20:55:52Z,3997323471,231,51.3,3997323457,103,9.7,3997323449,154,,3997322951,15,,3997320891,17,,3997323455,102,36.0,3997323445,75,,3997320893,56,Center,5c5quyl7qxptstbge87w2eqqx,D. Ladan,3997323451,55,3997322957,153,,,619,3997323467,230,3997323459,146,98.5,3997323463,147,3997323447,29,,98.1,38.8,3997322955,328,,3997320889,22,,,,,,,,
2501065833,578,43,2,86,39,dnzj0iv5qtaemm9kthh9pos8q,1,0,0,2023-01-27T20:43:15.982Z,2023-01-27T20:55:42Z,3997360115,144,61,3997320223,56,Center,,,,,,,,,,,,,,,,,,,5dppoogob8jwl8n3884uqm4iy,J. Clein,,,,,,,,,,,,,,,,,,,,,,,,,,,,,,,,
2501073217,620,1,2,86,43,dnzj0iv5qtaemm9kthh9pos8q,0,99,27.4,2023-01-27T20:43:19.514Z,2023-01-27T20:54:57Z,3997358261,140,96.5,3997358267,213,2.2,3997358259,56,Center,3997358263,141,33.0,3997358321,236,,3997358327,286,,3997358323,233,954,3997358265,212,4.6,dh3ksith5iat573zuhdhv91w5,R. Stuy van den Herik,,,,,,,,,,,,,,,,,,,,,,,,,,,,,,,,
2501065895,954,74,2,86,43,2uuh2bir8ktof0uxfo06lb4ox,1,3.4,64.3,2023-01-27T20:43:19.515Z,2023-01-27T20:58:15Z,3997320553,56,Back,3997320555,285,,3997358353,233,620,,,,,,,,,,,,,,,,asn8og4yn5gj4it0qe6vulhat,A. Vellios,,,,,,,,,,,,,,,,,,,,,,,,,,,,,,,,
2501073261,621,6,2,86,44,dnzj0iv5qtaemm9kthh9pos8q,1,98.8,32.8,2023-01-27T20:43:20.514Z,2023-01-27T20:55:03Z,3997358509,56,Center,3997358517,233,955,3997358511,75,,,,,,,,,,,,,,,,,dh3ksith5iat573zuhdhv91w5,R. Stuy van den Herik,,,,,,,,,,,,,,,,,,,,,,,,,,,,,,,,
2501065903,955,6,2,86,44,2uuh2bir8ktof0uxfo06lb4ox,0,1.2,67.2,2023-01-27T20:43:20.514Z,2023-01-27T20:55:08Z,3997358527,233,621,3997320599,73,,3997320597,56,Back,,,,,,,,,,,,,,,,asn8og4yn5gj4it0qe6vulhat,A. Vellios,,,,,,,,,,,,,,,,,,,,,,,,,,,,,,,,
2501065915,579,1,2,87,5,dnzj0iv5qtaemm9kthh9pos8q,1,99.4,0.7,2023-01-27T20:43:42.109Z,2023-01-27T20:57:16Z,3997360707,6,,3997320671,212,33.7,3997320669,141,49.5,3997362333,1,,3997320665,140,93.9,3997320673,213,1.7,3997320661,56,Center,3997320659,155,,f1as17wqpj44gihtvw936lofd,B. van Hoeven,,,,,,,,,,,,,,,,,,,,,,,,,,,,,,,,
2501074093,624,61,2,87,7,dnzj0iv5qtaemm9kthh9pos8q,1,92.1,49.9,2023-01-27T20:43:43.514Z,2023-01-27T20:57:28Z,3997362775,56,Center,,,,,,,,,,,,,,,,,,,,,,1jn9jog8ou8uxnmypneksizxm,R. van Eijma,,,,,,,,,,,,,,,,,,,,,,,,,,,,,,,,
2501074201,625,50,2,87,14,dnzj0iv5qtaemm9kthh9pos8q,1,69.8,17.4,2023-01-27T20:43:50.514Z,2023-01-27T20:57:51Z,3997363445,56,Right,3997363447,286,,3997363455,233,956,,,,,,,,,,,,,,,,f1as17wqpj44gihtvw936lofd,B. van Hoeven,,,,,,,,,,,,,,,,,,,,,,,,,,,,,,,,
2501066241,956,7,2,87,14,2uuh2bir8ktof0uxfo06lb4ox,1,30.2,82.6,2023-01-27T20:43:50.515Z,2023-01-27T20:57:51Z,3997322523,56,Back,3997363449,233,625,3997322525,285,,,,,,,,,,,,,,,,,b77p0um20y057708bx6on4d4a,D. Huiberts,,,,,,,,,,,,,,,,,,,,,,,,,,,,,,,,
2501066245,957,49,2,87,15,2uuh2bir8ktof0uxfo06lb4ox,1,36.1,83.2,2023-01-27T20:43:52.390Z,2023-01-27T20:43:52Z,,,,,,,,,,,,,,,,,,,,,,,,,b77p0um20y057708bx6on4d4a,D. Huiberts,,,,,,,,,,,,,,,,,,,,,,,,,,,,,,,,
2501066307,958,1,2,87,17,2uuh2bir8ktof0uxfo06lb4ox,1,38,85.7,2023-01-27T20:43:53.764Z,2023-01-27T20:43:57Z,3997322861,213,0.1,3997322855,140,51.0,3997322859,212,13.8,3997322857,141,88.4,3997322853,56,Left,,,,,,,,,,b77p0um20y057708bx6on4d4a,D. Huiberts,,,,,,,,,,,,,,,,,,,,,,,,,,,,,,,,
2501066311,959,61,2,87,20,2uuh2bir8ktof0uxfo06lb4ox,0,51.5,88.4,2023-01-27T20:43:56.964Z,2023-01-27T20:43:57Z,3997322885,56,Left,,,,,,,,,,,,,,,,,,,,,,ebr52ne9bo6xyh2vhr6nhfhbe,S. Zitman,,,,,,,,,,,,,,,,,,,,,,,,,,,,,,,,
2501066367,960,8,2,87,26,2uuh2bir8ktof0uxfo06lb4ox,1,63.6,71.4,2023-01-27T20:44:03.172Z,2023-01-27T20:44:03Z,3997323219,56,Center,,,,,,,,,,,,,,,,,,,,,,a339o11ut8s1o9odm6ybc4pka,T. van den Belt,,,,,,,,,,,,,,,,,,,,,,,,,,,,,,,,
2501066387,961,49,2,87,28,2uuh2bir8ktof0uxfo06lb4ox,1,58.8,84.2,2023-01-27T20:44:05.143Z,2023-01-27T20:44:05Z,,,,,,,,,,,,,,,,,,,,,,,,,csecbdlw3sxstnebpiw91ezxm,S. Lagsir,,,,,,,,,,,,,,,,,,,,,,,,,,,,,,,,
2501066405,962,1,2,87,28,2uuh2bir8ktof0uxfo06lb4ox,1,58.8,84.2,2023-01-27T20:44:05.316Z,2023-01-27T20:44:07Z,3997323411,140,42.6,3997323409,56,Back,3997323417,213,3.0,3997323413,141,87.5,3997323415,212,17.2,,,,,,,,,,csecbdlw3sxstnebpiw91ezxm,S. Lagsir,,,,,,,,,,,,,,,,,,,,,,,,,,,,,,,,
2501066441,963,1,2,87,30,2uuh2bir8ktof0uxfo06lb4ox,1,42.6,87.5,2023-01-27T20:44:06.948Z,2023-01-27T20:44:10Z,3997323625,56,Center,3997323629,141,74.4,3997323631,212,21.9,3997323627,140,61.7,3997323633,213,5.9,,,,,,,,,,dse1rndtog4qn2mwv966vp6mt,B. van Hintum,,,,,,,,,,,,,,,,,,,,,,,,,,,,,,,,
2501066473,964,1,2,87,33,2uuh2bir8ktof0uxfo06lb4ox,1,61.7,75,2023-01-27T20:44:10.084Z,2023-01-27T20:44:13Z,3997323773,56,Left,3997323781,213,0.3,3997323777,141,80.5,3997323775,140,72.4,3997323779,212,11.8,,,,,,,,,,a339o11ut8s1o9odm6ybc4pka,T. van den Belt,,,,,,,,,,,,,,,,,,,,,,,,,,,,,,,,
2501066483,965,1,2,87,37,2uuh2bir8ktof0uxfo06lb4ox,0,72.4,81.1,2023-01-27T20:44:13.780Z,2023-01-27T20:44:18Z,3997324043,236,,3997323835,141,77.8,3997323839,213,5.3,3997324045,233,582,3997323831,56,Center,3997324049,286,,3997323837,212,2.6,3997323833,140,73.7,b77p0um20y057708bx6on4d4a,D. Huiberts,,,,,,,,,,,,,,,,,,,,,,,,,,,,,,,,
2501066517,582,74,2,87,37,dnzj0iv5qtaemm9kthh9pos8q,1,20.4,18,2023-01-27T20:44:13.781Z,2023-01-27T20:58:15Z,3997324007,285,,3997324051,233,965,3997324005,56,Back,,,,,,,,,,,,,,,,4zow18ykkg1gvw40r7jsrzkl,D. van der Sluys,,,,,,,,,,,,,,,,,,,,,,,,,,,,,,,,
2501066543,583,5,2,87,40,dnzj0iv5qtaemm9kthh9pos8q,0,26,-1.4,2023-01-27T20:44:17.270Z,2023-01-27T20:58:20Z,3997324137,56,Back,3997325053,233,966,3997324139,347,,,,,,,,,,,,,,,,,4zow18ykkg1gvw40r7jsrzkl,D. van der Sluys,,,,,,,,,,,,,,,,,,,,,,,,,,,,,,,,
2501066703,966,5,2,87,40,2uuh2bir8ktof0uxfo06lb4ox,1,74,101.4,2023-01-27T20:44:17.270Z,2023-01-27T20:44:34Z,3997325029,233,583,3997325007,347,,3997325005,56,Left,,,,,,,,,,,,,,,,b77p0um20y057708bx6on4d4a,D. Huiberts,,,,,,,,,,,,,,,,,,,,,,,,,,,,,,,,
2501066721,967,1,2,87,57,2uuh2bir8ktof0uxfo06lb4ox,0,69.4,100,2023-01-27T20:44:34.388Z,2023-01-27T20:44:35Z,3997325127,213,5.4,3997325117,107,,3997325121,140,85.7,3997325125,212,28.7,3997325129,1,,3997325119,56,Center,3997325123,141,68.2,,,,dse1rndtog4qn2mwv966vp6mt,B. van Hintum,,,,,,,,,,,,,,,,,,,,,,,,,,,,,,,,
2501066723,584,12,2,87,58,dnzj0iv5qtaemm9kthh9pos8q,1,14.8,29.5,2023-01-27T20:44:34.894Z,2023-01-27T20:44:41Z,3997325139,56,Back,3997325141,140,31.2,3997325147,213,6.1,3997325143,141,25.5,3997325145,212,17.4,,,,,,,,,,1jn9jog8ou8uxnmypneksizxm,R. van Eijma,,,,,,,,,,,,,,,,,,,,,,,,,,,,,,,,
2501067153,974,1,2,87,58,2uuh2bir8ktof0uxfo06lb4ox,1,67.5,70.9,2023-01-27T20:44:34.955Z,2023-01-27T20:46:22Z,3997327447,141,62.3,3997327449,212,5.9,3997327445,140,67.3,3997327443,56,Center,3997327451,213,4.7,,,,,,,,,,ebr52ne9bo6xyh2vhr6nhfhbe,S. Zitman,,,,,,,,,,,,,,,,,,,,,,,,,,,,,,,,
2501066781,968,1,2,88,1,2uuh2bir8ktof0uxfo06lb4ox,1,72,64.5,2023-01-27T20:44:37.540Z,2023-01-27T20:44:39Z,3997325483,56,Back,3997325491,213,3.0,3997325489,212,26.8,3997325485,140,46.9,3997325487,141,71.7,,,,,,,,,,a339o11ut8s1o9odm6ybc4pka,T. van den Belt,,,,,,,,,,,,,,,,,,,,,,,,,,,,,,,,
2501066835,969,1,2,88,2,2uuh2bir8ktof0uxfo06lb4ox,1,43.9,70.3,2023-01-27T20:44:39.428Z,2023-01-27T20:44:44Z,3997325775,1,,3997325767,140,20.5,3997325773,213,3.9,3997325769,141,36.7,3997325765,56,Back,3997325771,212,33.6,,,,,,,dmrznrol8qp7yk53r6ajhnkt0,T. Beelen,,,,,,,,,,,,,,,,,,,,,,,,,,,,,,,,
2501066871,970,1,2,88,7,2uuh2bir8ktof0uxfo06lb4ox,0,20.5,36.7,2023-01-27T20:44:43.958Z,2023-01-27T20:46:10Z,3997325927,56,Center,3997325935,213,0.2,3997325937,1,,3997325929,140,70.8,3997325925,157,,3997325931,141,53.4,3997325933,212,54.0,,,,cetavjue5femoxid9fmcd0zjd,J. Schendelaar,,,,,,,,,,,,,,,,,,,,,,,,,,,,,,,,
2501066957,586,44,2,88,9,dnzj0iv5qtaemm9kthh9pos8q,1,28.8,57.8,2023-01-27T20:44:46.435Z,2023-01-27T20:44:52Z,3997326413,233,971,3997326409,56,Back,3997326411,285,,,,,,,,,,,,,,,,,1jn9jog8ou8uxnmypneksizxm,R. van Eijma,,,,,,,,,,,,,,,,,,,,,,,,,,,,,,,,
2501066883,971,44,2,88,9,2uuh2bir8ktof0uxfo06lb4ox,0,71.2,42.2,2023-01-27T20:44:46.436Z,2023-01-27T20:44:52Z,3997325983,286,,3997325977,56,Center,3997326433,233,586,,,,,,,,,,,,,,,,asn8og4yn5gj4it0qe6vulhat,A. Vellios,,,,,,,,,,,,,,,,,,,,,,,,,,,,,,,,
2501066913,585,1,2,88,10,dnzj0iv5qtaemm9kthh9pos8q,1,29.7,44.2,2023-01-27T20:44:47.293Z,2023-01-27T20:44:49Z,3997326165,212,16.9,3997326159,56,Back,3997326163,141,69.0,3997326167,213,1.6,3997326157,3,,3997326161,140,28.5,,,,,,,1jn9jog8ou8uxnmypneksizxm,R. van Eijma,,,,,,,,,,,,,,,,,,,,,,,,,,,,,,,,
2501066965,587,1,2,88,15,dnzj0iv5qtaemm9kthh9pos8q,0,27.5,76.1,2023-01-27T20:44:51.629Z,2023-01-27T20:44:52Z,3997326457,140,36.7,3997326453,3,,3997326461,212,12.8,3997326459,141,63.7,3997326455,56,Back,3997326463,213,5.6,,,,,,,4zow18ykkg1gvw40r7jsrzkl,D. van der Sluys,,,,,,,,,,,,,,,,,,,,,,,,,,,,,,,,
2501067001,972,43,2,88,18,2uuh2bir8ktof0uxfo06lb4ox,1,0,0,2023-01-27T20:44:54.517Z,2023-01-27T20:45:01Z,3997326639,56,Center,3997326641,286,0,3997326983,144,50,,,,,,,,,,,,,,,,ebr52ne9bo6xyh2vhr6nhfhbe,S. Zitman,,,,,,,,,,,,,,,,,,,,,,,,,,,,,,,,
2501067023,973,4,2,88,19,2uuh2bir8ktof0uxfo06lb4ox,1,60.6,47,2023-01-27T20:44:56.404Z,2023-01-27T20:44:58Z,3997326815,233,588,3997326749,152,,3997326757,286,,3997326745,13,,3997326753,265,,3997326747,56,Center,,,,,,,ebr52ne9bo6xyh2vhr6nhfhbe,S. Zitman,,,,,,,,,,,,,,,,,,,,,,,,,,,,,,,,
2501067035,588,4,2,88,19,dnzj0iv5qtaemm9kthh9pos8q,0,39.4,53,2023-01-27T20:44:56.405Z,2023-01-27T20:44:59Z,3997326797,152,,3997326789,13,,3997326829,233,973,3997326801,265,,3997326805,285,,3997326793,56,Back,,,,,,,bquqyyfz4lj0xrerbhbtj1jze,Ö. Gündüz,,,,,,,,,,,,,,,,,,,,,,,,,,,,,,,,
2501067183,975,1,2,88,33,2uuh2bir8ktof0uxfo06lb4ox,1,58.2,36,2023-01-27T20:45:09.924Z,2023-01-27T20:45:11Z,3997327587,152,,3997327601,213,2.0,3997327591,140,47.8,3997327597,212,26.3,3997327595,141,71.2,3997327589,56,Back,3997327585,5,,,,,a339o11ut8s1o9odm6ybc4pka,T. van den Belt,,,,,,,,,,,,,,,,,,,,,,,,,,,,,,,,
2501067209,976,1,2,88,34,2uuh2bir8ktof0uxfo06lb4ox,1,48,71.2,2023-01-27T20:45:11.475Z,2023-01-27T20:45:13Z,3997327733,212,24.1,3997327731,141,35.8,3997327729,140,46.8,3997327727,56,Back,3997327735,213,4.7,,,,,,,,,,dse1rndtog4qn2mwv966vp6mt,B. van Hintum,,,,,,,,,,,,,,,,,,,,,,,,,,,,,,,,
2501067229,977,1,2,88,37,2uuh2bir8ktof0uxfo06lb4ox,1,46.9,34,2023-01-27T20:45:13.732Z,2023-01-27T20:45:16Z,3997327839,213,4.7,3997327835,141,10.0,3997327833,140,47.0,3997327831,56,Back,3997327837,212,16.3,,,,,,,,,,dmrznrol8qp7yk53r6ajhnkt0,T. Beelen,,,,,,,,,,,,,,,,,,,,,,,,,,,,,,,,
2501067297,978,1,2,88,39,2uuh2bir8ktof0uxfo06lb4ox,1,47,10,2023-01-27T20:45:16.435Z,2023-01-27T20:45:23Z,3997328147,140,56.9,3997328151,212,14.4,3997328149,141,24.6,3997328145,56,Center,3997328153,213,0.8,,,,,,,,,,7gwm8sjtl2vyfeh6mio8ve9ec,R. van den Berg,,,,,,,,,,,,,,,,,,,,,,,,,,,,,,,,
2501067331,979,1,2,88,46,2uuh2bir8ktof0uxfo06lb4ox,1,57.1,26.4,2023-01-27T20:45:22.979Z,2023-01-27T20:45:25Z,3997328355,141,43.7,3997328359,213,2.3,3997328353,140,46.1,3997328357,212,16.5,3997328351,56,Back,,,,,,,,,,a339o11ut8s1o9odm6ybc4pka,T. van den Belt,,,,,,,,,,,,,,,,,,,,,,,,,,,,,,,,
2501067365,980,1,2,88,48,2uuh2bir8ktof0uxfo06lb4ox,1,46.1,43.7,2023-01-27T20:45:24.963Z,2023-01-27T20:45:27Z,3997328521,212,18.8,3997328517,140,52.1,3997328513,56,Center,3997328523,213,1.2,3997328519,141,69.7,,,,,,,,,,dmrznrol8qp7yk53r6ajhnkt0,T. Beelen,,,,,,,,,,,,,,,,,,,,,,,,,,,,,,,,
2501067397,981,1,2,88,50,2uuh2bir8ktof0uxfo06lb4ox,1,53.3,72.7,2023-01-27T20:45:27.267Z,2023-01-27T20:45:29Z,3997328675,213,5.8,3997328669,141,64.9,3997328665,56,Center,3997328673,212,11.5,3997328667,140,63.0,,,,,,,,,,dse1rndtog4qn2mwv966vp6mt,B. van Hintum,,,,,,,,,,,,,,,,,,,,,,,,,,,,,,,,
2501067433,982,1,2,88,53,2uuh2bir8ktof0uxfo06lb4ox,1,63,64.9,2023-01-27T20:45:29.748Z,2023-01-27T20:45:31Z,3997328821,213,1.7,3997328817,212,16.2,3997328809,56,Left,3997328811,140,61.7,3997328813,141,88.6,,,,,,,,,,ebr52ne9bo6xyh2vhr6nhfhbe,S. Zitman,,,,,,,,,,,,,,,,,,,,,,,,,,,,,,,,
2501067471,983,1,2,88,55,2uuh2bir8ktof0uxfo06lb4ox,1,61.7,88.6,2023-01-27T20:45:31.683Z,2023-01-27T20:45:34Z,3997329009,212,10.3,3997329005,140,60.5,3997329003,56,Center,3997329011,213,4.6,3997329007,141,73.6,,,,,,,,,,csecbdlw3sxstnebpiw91ezxm,S. Lagsir,,,,,,,,,,,,,,,,,,,,,,,,,,,,,,,,
2501067561,984,1,2,88,57,2uuh2bir8ktof0uxfo06lb4ox,1,60.1,67.6,2023-01-27T20:45:34.435Z,2023-01-27T20:45:39Z,3997329383,140,56.8,3997329381,56,Center,3997329387,212,24.1,3997329389,213,4.6,3997329385,141,32.5,,,,,,,,,,ebr52ne9bo6xyh2vhr6nhfhbe,S. Zitman,,,,,,,,,,,,,,,,,,,,,,,,,,,,,,,,
2501067577,985,1,2,89,2,2uuh2bir8ktof0uxfo06lb4ox,1,56.9,31.9,2023-01-27T20:45:39.251Z,2023-01-27T20:45:40Z,3997329501,56,Center,3997329507,212,10.8,3997329503,140,65.3,3997329505,141,22.8,3997329509,213,5.7,,,,,,,,,,a339o11ut8s1o9odm6ybc4pka,T. van den Belt,,,,,,,,,,,,,,,,,,,,,,,,,,,,,,,,
2501067629,986,1,2,89,3,2uuh2bir8ktof0uxfo06lb4ox,1,65.8,21.5,2023-01-27T20:45:40.323Z,2023-01-27T20:45:42Z,3997329741,56,Right,3997329747,212,15.8,3997329743,140,75.2,3997329745,141,3.4,3997329749,213,5.4,,,,,,,,,,7gwm8sjtl2vyfeh6mio8ve9ec,R. van den Berg,,,,,,,,,,,,,,,,,,,,,,,,,,,,,,,,
2501067661,987,1,2,89,6,2uuh2bir8ktof0uxfo06lb4ox,1,74.5,7.4,2023-01-27T20:45:42.690Z,2023-01-27T20:45:45Z,3997329871,140,67.5,3997329877,213,1.9,3997329873,141,40.1,3997329875,212,23.4,3997329869,56,Center,,,,,,,,,,2f3j5qchxzh11u4bi2mb8dslw,D. Chirino,,,,,,,,,,,,,,,,,,,,,,,,,,,,,,,,
2501067689,988,1,2,89,8,2uuh2bir8ktof0uxfo06lb4ox,1,67.5,39.5,2023-01-27T20:45:45.283Z,2023-01-27T20:45:46Z,3997329991,140,75.2,3997329997,213,1.1,3997329989,56,Center,3997329993,141,62.4,3997329995,212,17.5,,,,,,,,,,ebr52ne9bo6xyh2vhr6nhfhbe,S. Zitman,,,,,,,,,,,,,,,,,,,,,,,,,,,,,,,,
2501067709,989,1,2,89,10,2uuh2bir8ktof0uxfo06lb4ox,0,75.2,62.4,2023-01-27T20:45:46.835Z,2023-01-27T20:45:48Z,3997330087,141,47.8,3997330089,212,10.1,3997330085,140,77.1,3997330091,213,4.9,3997330083,56,Center,,,,,,,,,,2esbyi3i7rtsdkxe6a917rsnp,L. Thy,,,,,,,,,,,,,,,,,,,,,,,,,,,,,,,,
2501067769,589,1,2,89,14,dnzj0iv5qtaemm9kthh9pos8q,0,22.9,49.9,2023-01-27T20:45:50.797Z,2023-01-27T20:45:51Z,3997330367,56,Back,3997330371,141,54.0,3997330377,213,0.1,3997330373,212,27.0,3997330369,140,48.5,3997330365,157,,3997330381,1,,,,,bquqyyfz4lj0xrerbhbtj1jze,Ö. Gündüz,,,,,,,,,,,,,,,,,,,,,,,,,,,,,,,,
2501067785,990,49,2,89,16,2uuh2bir8ktof0uxfo06lb4ox,1,55.6,47.3,2023-01-27T20:45:52.707Z,2023-01-27T20:45:52Z,,,,,,,,,,,,,,,,,,,,,,,,,dmrznrol8qp7yk53r6ajhnkt0,T. Beelen,,,,,,,,,,,,,,,,,,,,,,,,,,,,,,,,
2501067845,991,1,2,89,16,2uuh2bir8ktof0uxfo06lb4ox,1,55.6,48.4,2023-01-27T20:45:53.395Z,2023-01-27T20:45:56Z,3997330753,213,1.4,3997330751,212,16.7,3997330749,141,72.6,3997330745,56,Center,3997330747,140,58.2,,,,,,,,,,dmrznrol8qp7yk53r6ajhnkt0,T. Beelen,,,,,,,,,,,,,,,,,,,,,,,,,,,,,,,,
2501067865,992,1,2,89,19,2uuh2bir8ktof0uxfo06lb4ox,1,62.7,76.3,2023-01-27T20:45:56.467Z,2023-01-27T20:45:59Z,3997330877,140,70.3,3997330883,213,1.0,3997330879,141,93.9,3997330881,212,14.4,3997330875,56,Left,,,,,,,,,,dse1rndtog4qn2mwv966vp6mt,B. van Hintum,,,,,,,,,,,,,,,,,,,,,,,,,,,,,,,,
2501067897,993,1,2,89,22,2uuh2bir8ktof0uxfo06lb4ox,1,70.3,93.9,2023-01-27T20:45:59.075Z,2023-01-27T20:46:01Z,3997331045,140,86.5,3997331049,212,17.1,3997331051,213,6.2,3997331043,56,Left,3997331047,141,90.8,,,,,,,,,,csecbdlw3sxstnebpiw91ezxm,S. Lagsir,,,,,,,,,,,,,,,,,,,,,,,,,,,,,,,,
2501067927,994,1,2,89,25,2uuh2bir8ktof0uxfo06lb4ox,0,88,90.8,2023-01-27T20:46:01.762Z,2023-01-27T20:46:04Z,3997331197,212,25.4,3997331191,56,Center,3997331187,2,,3997331193,140,91.5,3997331195,141,53.9,3997331199,213,4.9,,,,,,,dse1rndtog4qn2mwv966vp6mt,B. van Hintum,,,,,,,,,,,,,,,,,,,,,,,,,,,,,,,,
2501068001,590,12,2,89,28,dnzj0iv5qtaemm9kthh9pos8q,1,4.3,47,2023-01-27T20:46:04.652Z,2023-01-27T20:46:09Z,3997331545,141,0.0,3997331549,213,4.9,3997331543,140,9.2,3997331547,212,33.4,3997331565,167,,3997331541,56,Back,,,,,,,1jn9jog8ou8uxnmypneksizxm,R. van Eijma,,,,,,,,,,,,,,,,,,,,,,,,,,,,,,,,
2501068005,591,5,2,89,30,dnzj0iv5qtaemm9kthh9pos8q,0,7.2,-1.8,2023-01-27T20:46:06.899Z,2023-01-27T20:58:20Z,3997331557,347,,3997331555,56,Back,3997331695,233,995,,,,,,,,,,,,,,,,1jn9jog8ou8uxnmypneksizxm,R. van Eijma,,,,,,,,,,,,,,,,,,,,,,,,,,,,,,,,
2501068025,995,5,2,89,30,2uuh2bir8ktof0uxfo06lb4ox,1,92.8,101.8,2023-01-27T20:46:06.899Z,2023-01-27T20:46:11Z,3997331639,347,,3997331685,233,591,3997331637,56,Left,,,,,,,,,,,,,,,,dse1rndtog4qn2mwv966vp6mt,B. van Hintum,,,,,,,,,,,,,,,,,,,,,,,,,,,,,,,,
2501068239,996,1,2,89,49,2uuh2bir8ktof0uxfo06lb4ox,1,90.8,100,2023-01-27T20:46:25.714Z,2023-01-27T20:46:30Z,3997332847,56,Center,3997332855,213,4.7,3997332853,212,25.5,3997332851,141,64.5,3997332849,140,91.4,3997332857,1,,3997332845,107,,,,,dse1rndtog4qn2mwv966vp6mt,B. van Hintum,,,,,,,,,,,,,,,,,,,,,,,,,,,,,,,,
2501068249,997,1,2,89,53,2uuh2bir8ktof0uxfo06lb4ox,0,91.4,64.5,2023-01-27T20:46:30.099Z,2023-01-27T20:46:31Z,3997332911,56,Center,3997332917,212,12.7,3997332913,140,97.2,3997332907,3,,3997332909,168,,3997332919,213,5.2,3997332915,141,48.1,,,,asn8og4yn5gj4it0qe6vulhat,A. Vellios,,,,,,,,,,,,,,,,,,,,,,,,,,,,,,,,
2501068257,592,52,2,89,55,dnzj0iv5qtaemm9kthh9pos8q,1,3.5,53.9,2023-01-27T20:46:31.627Z,2023-01-27T20:46:31Z,,,,,,,,,,,,,,,,,,,,,,,,,alzgg0nxnnex3nkzr6lgmt1ey,T. Jansen,,,,,,,,,,,,,,,,,,,,,,,,,,,,,,,,
2501068425,593,1,2,90,5,dnzj0iv5qtaemm9kthh9pos8q,0,15.3,50.7,2023-01-27T20:46:42.332Z,2023-01-27T20:46:49Z,3997333727,141,56.4,3997333721,199,,3997333723,56,Center,3997333733,1,,3997333729,212,60.0,3997333725,140,72.3,3997333731,213,0.1,,,,alzgg0nxnnex3nkzr6lgmt1ey,T. Jansen,,,,,,,,,,,,,,,,,,,,,,,,,,,,,,,,
2501068463,998,1,2,90,9,2uuh2bir8ktof0uxfo06lb4ox,0,33.7,28.8,2023-01-27T20:46:46.434Z,2023-01-27T20:46:49Z,3997333929,56,Back,3997333937,213,5.2,3997333931,140,43.9,3997333933,141,0.0,3997333935,212,23.3,3997333927,3,,,,,,,,dmrznrol8qp7yk53r6ajhnkt0,T. Beelen,,,,,,,,,,,,,,,,,,,,,,,,,,,,,,,,
2501068517,594,5,2,90,12,dnzj0iv5qtaemm9kthh9pos8q,1,55.4,101.8,2023-01-27T20:46:49.126Z,2023-01-27T20:58:21Z,3997334247,233,999,3997334227,56,Left,3997334229,347,,,,,,,,,,,,,,,,,4zow18ykkg1gvw40r7jsrzkl,D. van der Sluys,,,,,,,,,,,,,,,,,,,,,,,,,,,,,,,,
2501068469,999,5,2,90,12,2uuh2bir8ktof0uxfo06lb4ox,0,44.6,-1.8,2023-01-27T20:46:49.126Z,2023-01-27T20:46:56Z,3997334279,233,594,3997333963,56,Back,3997333965,347,,,,,,,,,,,,,,,,,dmrznrol8qp7yk53r6ajhnkt0,T. Beelen,,,,,,,,,,,,,,,,,,,,,,,,,,,,,,,,
2501068531,595,1,2,90,19,dnzj0iv5qtaemm9kthh9pos8q,1,54.6,100,2023-01-27T20:46:55.835Z,2023-01-27T20:46:57Z,3997334319,107,,3997334331,141,82.9,3997334337,213,5.6,3997334333,212,20.6,3997334323,56,Left,3997334327,140,69.8,,,,,,,4zow18ykkg1gvw40r7jsrzkl,D. van der Sluys,,,,,,,,,,,,,,,,,,,,,,,,,,,,,,,,
2501068537,596,1,2,90,20,dnzj0iv5qtaemm9kthh9pos8q,1,70.3,83.2,2023-01-27T20:46:56.875Z,2023-01-27T20:46:59Z,3997334397,141,94.2,3997334399,212,14.9,3997334395,140,58.0,3997334393,56,Left,3997334401,213,2.6,,,,,,,,,,b61yiz3lait78xmlbyzr2vd62,T. Lake,,,,,,,,,,,,,,,,,,,,,,,,,,,,,,,,
2501068559,597,1,2,90,23,dnzj0iv5qtaemm9kthh9pos8q,1,57.7,98.1,2023-01-27T20:46:59.643Z,2023-01-27T20:47:01Z,3997334479,56,Left,3997334481,140,51.8,3997334487,213,3.7,3997334483,141,92.7,3997334485,212,7.2,,,,,,,,,,4zow18ykkg1gvw40r7jsrzkl,D. van der Sluys,,,,,,,,,,,,,,,,,,,,,,,,,,,,,,,,
2501068563,598,50,2,90,25,dnzj0iv5qtaemm9kthh9pos8q,1,57.2,91,2023-01-27T20:47:01.618Z,2023-01-27T20:47:02Z,3997334509,286,,3997334521,233,1000,3997334507,56,Left,,,,,,,,,,,,,,,,5dppoogob8jwl8n3884uqm4iy,J. Clein,,,,,,,,,,,,,,,,,,,,,,,,,,,,,,,,
2501068565,1000,7,2,90,25,2uuh2bir8ktof0uxfo06lb4ox,0,42.8,9,2023-01-27T20:47:01.619Z,2023-01-27T20:47:02Z,3997334511,56,Back,3997334513,285,,3997334515,233,598,,,,,,,,,,,,,,,,2f3j5qchxzh11u4bi2mb8dslw,D. Chirino,,,,,,,,,,,,,,,,,,,,,,,,,,,,,,,,
2501068577,599,61,2,90,26,dnzj0iv5qtaemm9kthh9pos8q,0,55.9,90.8,2023-01-27T20:47:03.230Z,2023-01-27T20:47:03Z,3997334559,56,Left,,,,,,,,,,,,,,,,,,,,,,5dppoogob8jwl8n3884uqm4iy,J. Clein,,,,,,,,,,,,,,,,,,,,,,,,,,,,,,,,
2501068583,1001,1,2,90,27,2uuh2bir8ktof0uxfo06lb4ox,0,37.6,18,2023-01-27T20:47:03.619Z,2023-01-27T20:47:04Z,3997334591,213,6.0,3997334583,56,Right,3997334581,157,,3997334593,1,,3997334587,141,9.4,3997334585,140,58.9,3997334589,212,23.1,,,,a339o11ut8s1o9odm6ybc4pka,T. van den Belt,,,,,,,,,,,,,,,,,,,,,,,,,,,,,,,,
2501068603,600,1,2,90,28,dnzj0iv5qtaemm9kthh9pos8q,0,40.9,92.4,2023-01-27T20:47:05.309Z,2023-01-27T20:47:06Z,3997334689,141,83.8,3997334685,56,Left,3997334691,212,36.3,3997334683,157,,3997334687,140,75.0,3997334695,1,,3997334693,213,6.1,,,,1jn9jog8ou8uxnmypneksizxm,R. van Eijma,,,,,,,,,,,,,,,,,,,,,,,,,,,,,,,,
2501068625,1002,1,2,90,31,2uuh2bir8ktof0uxfo06lb4ox,0,31.2,11.6,2023-01-27T20:47:07.538Z,2023-01-27T20:47:08Z,3997334807,213,0.0,3997334801,140,44.4,3997334799,56,Back,3997334805,212,13.9,3997334803,141,12.3,,,,,,,,,,7gwm8sjtl2vyfeh6mio8ve9ec,R. van den Berg,,,,,,,,,,,,,,,,,,,,,,,,,,,,,,,,
2501068671,601,1,2,90,32,dnzj0iv5qtaemm9kthh9pos8q,1,59.9,80.6,2023-01-27T20:47:09.147Z,2023-01-27T20:47:13Z,3997335015,212,12.8,3997335013,141,63.3,3997335009,56,Center,3997335017,213,5.1,3997335011,140,64.8,,,,,,,,,,au91rqig6uyyi1zdmlxydk38q,A. Allemeersch,,,,,,,,,,,,,,,,,,,,,,,,,,,,,,,,
2501068715,602,1,2,90,36,dnzj0iv5qtaemm9kthh9pos8q,1,64.6,60.9,2023-01-27T20:47:13.163Z,2023-01-27T20:47:17Z,3997335311,213,3.7,3997335303,56,Back,3997335309,212,22.9,3997335305,140,46.5,3997335307,141,42.2,,,,,,,,,,b61yiz3lait78xmlbyzr2vd62,T. Lake,,,,,,,,,,,,,,,,,,,,,,,,,,,,,,,,
2501068769,603,2,2,90,41,dnzj0iv5qtaemm9kthh9pos8q,1,48.4,34.3,2023-01-27T20:47:17.757Z,2023-01-27T20:47:22Z,3997335577,141,67.6,3997335571,1,,3997335569,7,au91rqig6uyyi1zdmlxydk38q,3997335575,140,78.3,3997335573,56,Center,,,,,,,,,,7cetznpb0tnu6kdz7bvm8gyxh,L. Piqué,,,,,,,,,,,,,,,,,,,,,,,,,,,,,,,,
2501068757,1004,55,2,90,41,2uuh2bir8ktof0uxfo06lb4ox,1,24,25.6,2023-01-27T20:47:17.758Z,2023-01-27T20:50:12Z,,,,,,,,,,,,,,,,,,,,,,,,,2f3j5qchxzh11u4bi2mb8dslw,D. Chirino,,,,,,,,,,,,,,,,,,,,,,,,,,,,,,,,
2501068727,1003,43,2,90,41,2uuh2bir8ktof0uxfo06lb4ox,1,0,0,2023-01-27T20:47:18.499Z,2023-01-27T20:47:23Z,3997335667,144,44,3997335353,56,Back,3997335355,285,0,,,,,,,,,,,,,,,,2f3j5qchxzh11u4bi2mb8dslw,D. Chirino,,,,,,,,,,,,,,,,,,,,,,,,,,,,,,,,
2501069121,1005,1,2,91,9,2uuh2bir8ktof0uxfo06lb4ox,1,25.3,24.4,2023-01-27T20:47:46.179Z,2023-01-27T20:47:57Z,3997337241,5,,3997337247,241,,3997337243,157,,3997337265,141,93.8,3997337253,56,Left,3997337273,212,68.4,3997337283,1,,3997337277,213,0.8,cetavjue5femoxid9fmcd0zjd,J. Schendelaar,3997337257,140,,,,,72.5,,,,,,,,,,,,,,,,,,,,,,,,,
2501069139,1006,1,2,91,14,2uuh2bir8ktof0uxfo06lb4ox,1,72.5,93.8,2023-01-27T20:47:51.394Z,2023-01-27T20:47:53Z,3997337395,212,5.7,3997337393,141,85.4,3997337397,213,4.7,3997337389,56,Left,3997337391,140,72.7,,,,,,,,,,csecbdlw3sxstnebpiw91ezxm,S. Lagsir,,,,,,,,,,,,,,,,,,,,,,,,,,,,,,,,
2501069145,1007,1,2,91,16,2uuh2bir8ktof0uxfo06lb4ox,0,72.7,85.4,2023-01-27T20:47:52.882Z,2023-01-27T20:47:54Z,3997337425,213,0.2,3997337419,140,81.2,3997337415,168,,3997337423,212,9.0,3997337417,56,Left,3997337421,141,87.4,,,,,,,asn8og4yn5gj4it0qe6vulhat,A. Vellios,,,,,,,,,,,,,,,,,,,,,,,,,,,,,,,,
2501069171,604,8,2,91,17,dnzj0iv5qtaemm9kthh9pos8q,1,14,13.2,2023-01-27T20:47:54.493Z,2023-01-27T20:59:03Z,3997337537,56,Back,,,,,,,,,,,,,,,,,,,,,,7cetznpb0tnu6kdz7bvm8gyxh,L. Piqué,,,,,,,,,,,,,,,,,,,,,,,,,,,,,,,,
2501069175,605,5,2,91,18,dnzj0iv5qtaemm9kthh9pos8q,0,19.4,-1.5,2023-01-27T20:47:55.332Z,2023-01-27T20:59:19Z,3997365529,233,1008,3997337551,56,Back,3997365449,347,,,,,,,,,,,,,,,,,7cetznpb0tnu6kdz7bvm8gyxh,L. Piqué,,,,,,,,,,,,,,,,,,,,,,,,,,,,,,,,
2501069179,1008,5,2,91,18,2uuh2bir8ktof0uxfo06lb4ox,1,80.6,101.5,2023-01-27T20:47:55.332Z,2023-01-27T20:47:57Z,3997337581,347,,3997337635,233,605,3997337577,56,Left,,,,,,,,,,,,,,,,asn8og4yn5gj4it0qe6vulhat,A. Vellios,,,,,,,,,,,,,,,,,,,,,,,,,,,,,,,,
2501069305,606,70,2,91,30,dnzj0iv5qtaemm9kthh9pos8q,1,0,0,2023-01-27T20:48:06.919Z,2023-01-27T20:48:07Z,3997338265,277,3,,,,,,,,,,,,,,,,,,,,,,,,,,,,,,,,,,,,,,,,,,,,,,,,,,,,,,,
2501069335,1009,1,2,91,31,2uuh2bir8ktof0uxfo06lb4ox,0,80,100,2023-01-27T20:48:07.585Z,2023-01-27T20:48:09Z,3997338417,140,84.3,3997338421,212,16.1,3997338413,107,,3997338423,213,5.0,3997338419,141,79.0,3997338415,56,Left,,,,,,,dse1rndtog4qn2mwv966vp6mt,B. van Hintum,,,,,,,,,,,,,,,,,,,,,,,,,,,,,,,,
2501069349,607,8,2,91,33,dnzj0iv5qtaemm9kthh9pos8q,1,18.7,20.1,2023-01-27T20:48:10.379Z,2023-01-27T20:48:10Z,3997338475,56,Back,,,,,,,,,,,,,,,,,,,,,,bquqyyfz4lj0xrerbhbtj1jze,Ö. Gündüz,,,,,,,,,,,,,,,,,,,,,,,,,,,,,,,,
2501069383,608,61,2,91,36,dnzj0iv5qtaemm9kthh9pos8q,1,18.4,12,2023-01-27T20:48:13.183Z,2023-01-27T20:58:53Z,3997338633,56,Back,,,,,,,,,,,,,,,,,,,,,,f1as17wqpj44gihtvw936lofd,B. van Hoeven,,,,,,,,,,,,,,,,,,,,,,,,,,,,,,,,
2501069411,609,5,2,91,37,dnzj0iv5qtaemm9kthh9pos8q,0,11.4,-2,2023-01-27T20:48:14.020Z,2023-01-27T20:58:22Z,3997338791,347,,3997338789,56,Back,3997339441,233,1010,,,,,,,,,,,,,,,,f1as17wqpj44gihtvw936lofd,B. van Hoeven,,,,,,,,,,,,,,,,,,,,,,,,,,,,,,,,
2501069543,1010,5,2,91,37,2uuh2bir8ktof0uxfo06lb4ox,1,88.6,102,2023-01-27T20:48:14.020Z,2023-01-27T20:48:29Z,3997339389,56,Left,3997339409,233,609,3997339391,347,,,,,,,,,,,,,,,,,dse1rndtog4qn2mwv966vp6mt,B. van Hintum,,,,,,,,,,,,,,,,,,,,,,,,,,,,,,,,
2501069579,1011,1,2,91,52,2uuh2bir8ktof0uxfo06lb4ox,0,92.8,100,2023-01-27T20:48:29.201Z,2023-01-27T20:48:32Z,3997339595,1,,3997339587,140,95.0,3997339593,213,4.8,3997339585,56,Center,3997339589,141,54.8,3997339583,107,,3997339591,212,32.2,,,,dse1rndtog4qn2mwv966vp6mt,B. van Hintum,,,,,,,,,,,,,,,,,,,,,,,,,,,,,,,,
2501069601,610,52,2,91,57,dnzj0iv5qtaemm9kthh9pos8q,1,6.1,43.4,2023-01-27T20:48:34.219Z,2023-01-27T20:48:34Z,,,,,,,,,,,,,,,,,,,,,,,,,alzgg0nxnnex3nkzr6lgmt1ey,T. Jansen,,,,,,,,,,,,,,,,,,,,,,,,,,,,,,,,
2501069733,611,1,2,92,10,dnzj0iv5qtaemm9kthh9pos8q,0,15.5,49.7,2023-01-27T20:48:46.860Z,2023-01-27T20:48:49Z,3997340419,56,Center,3997340423,141,52.1,3997340425,212,56.2,3997340429,1,,3997340417,199,,3997340421,140,69.0,3997340427,213,0.0,,,,alzgg0nxnnex3nkzr6lgmt1ey,T. Jansen,,,,,,,,,,,,,,,,,,,,,,,,,,,,,,,,
2501069773,1012,1,2,92,13,2uuh2bir8ktof0uxfo06lb4ox,1,30.9,45.5,2023-01-27T20:48:49.810Z,2023-01-27T20:48:52Z,3997340615,141,9.7,3997340619,213,5.1,3997340613,140,41.6,3997340617,212,26.8,3997340609,3,,3997340611,56,Back,,,,,,,dmrznrol8qp7yk53r6ajhnkt0,T. Beelen,,,,,,,,,,,,,,,,,,,,,,,,,,,,,,,,
2501069777,1013,49,2,92,15,2uuh2bir8ktof0uxfo06lb4ox,1,41.6,8.8,2023-01-27T20:48:51.876Z,2023-01-27T20:48:52Z,,,,,,,,,,,,,,,,,,,,,,,,,2f3j5qchxzh11u4bi2mb8dslw,D. Chirino,,,,,,,,,,,,,,,,,,,,,,,,,,,,,,,,
2501069845,1014,1,2,92,18,2uuh2bir8ktof0uxfo06lb4ox,1,42.4,13.8,2023-01-27T20:48:54.802Z,2023-01-27T20:48:59Z,3997340979,141,27.9,3997340981,212,14.6,3997340975,56,Back,3997340983,213,2.4,3997340977,140,31.9,,,,,,,,,,2f3j5qchxzh11u4bi2mb8dslw,D. Chirino,,,,,,,,,,,,,,,,,,,,,,,,,,,,,,,,
2501069859,1015,1,2,92,22,2uuh2bir8ktof0uxfo06lb4ox,1,31.3,40.4,2023-01-27T20:48:59.506Z,2023-01-27T20:49:01Z,3997341037,56,Back,3997341043,212,21.0,3997341045,213,1.8,3997341039,140,26.1,3997341041,141,70.2,,,,,,,,,,a339o11ut8s1o9odm6ybc4pka,T. van den Belt,,,,,,,,,,,,,,,,,,,,,,,,,,,,,,,,
2501069887,1016,1,2,92,24,2uuh2bir8ktof0uxfo06lb4ox,1,26.1,70.8,2023-01-27T20:49:01.457Z,2023-01-27T20:49:04Z,3997341227,141,39.1,3997341229,212,23.3,3997341225,140,34.4,3997341223,56,Back,3997341231,213,5.1,,,,,,,,,,dse1rndtog4qn2mwv966vp6mt,B. van Hintum,,,,,,,,,,,,,,,,,,,,,,,,,,,,,,,,
2501069951,1017,1,2,92,28,2uuh2bir8ktof0uxfo06lb4ox,1,35.3,35.4,2023-01-27T20:49:04.849Z,2023-01-27T20:49:09Z,3997341529,213,5.5,3997341525,141,14.1,3997341527,212,20.3,3997341521,56,Back,3997341523,140,48.9,,,,,,,,,,ebr52ne9bo6xyh2vhr6nhfhbe,S. Zitman,,,,,,,,,,,,,,,,,,,,,,,,,,,,,,,,
2501069993,1018,1,2,92,32,2uuh2bir8ktof0uxfo06lb4ox,1,58.2,11.1,2023-01-27T20:49:09.121Z,2023-01-27T20:49:14Z,3997341697,140,63.0,3997341701,212,11.6,3997341695,56,Center,3997341699,141,26.4,3997341703,213,1.1,,,,,,,,,,7gwm8sjtl2vyfeh6mio8ve9ec,R. van den Berg,,,,,,,,,,,,,,,,,,,,,,,,,,,,,,,,
2501070023,1019,1,2,92,37,2uuh2bir8ktof0uxfo06lb4ox,1,63.5,19.7,2023-01-27T20:49:14.082Z,2023-01-27T20:49:25Z,3997341843,213,5.8,3997341837,140,74.3,3997341835,56,Right,3997341841,212,12.9,3997341839,141,10.7,3997342353,155,,,,,,,,b77p0um20y057708bx6on4d4a,D. Huiberts,,,,,,,,,,,,,,,,,,,,,,,,,,,,,,,,
2501070035,1020,1,2,92,40,2uuh2bir8ktof0uxfo06lb4ox,0,74.3,10.7,2023-01-27T20:49:16.609Z,2023-01-27T20:49:17Z,3997341921,56,Center,3997341927,212,8.0,3997341923,140,76.1,3997341929,213,1.3,3997341925,141,22.2,,,,,,,,,,7gwm8sjtl2vyfeh6mio8ve9ec,R. van den Berg,,,,,,,,,,,,,,,,,,,,,,,,,,,,,,,,
2501070069,612,4,2,92,44,dnzj0iv5qtaemm9kthh9pos8q,1,11.2,63.9,2023-01-27T20:49:21.308Z,2023-01-27T20:49:22Z,3997342135,152,,3997342139,285,,3997342133,56,Back,3997342195,233,1021,3997342131,13,,3997342137,265,,,,,,,,1jn9jog8ou8uxnmypneksizxm,R. van Eijma,,,,,,,,,,,,,,,,,,,,,,,,,,,,,,,,
2501070073,1021,4,2,92,44,2uuh2bir8ktof0uxfo06lb4ox,0,88.8,36.1,2023-01-27T20:49:21.309Z,2023-01-27T20:49:22Z,3997342165,286,,3997342157,13,,3997342207,233,612,3997342159,56,Center,3997342163,265,,3997342161,152,,,,,,,,b77p0um20y057708bx6on4d4a,D. Huiberts,,,,,,,,,,,,,,,,,,,,,,,,,,,,,,,,
2501070477,616,1,2,93,4,dnzj0iv5qtaemm9kthh9pos8q,1,11.1,62.7,2023-01-27T20:49:40.514Z,2023-01-27T20:58:49Z,3997344251,1,,3997344249,213,6.1,3997344245,141,52.6,3997344239,157,,3997364721,152,,3997344243,140,47.0,3997364719,5,,3997344241,56,Back,alzgg0nxnnex3nkzr6lgmt1ey,T. Jansen,3997344247,212,,,,,38.3,,,,,,,,,,,,,,,,,,,,,,,,,
2501070361,1022,30,2,93,5,2uuh2bir8ktof0uxfo06lb4ox,1,0,0,2023-01-27T20:49:42.106Z,2023-01-27T20:49:53Z,3997343605,57,0,3997343607,209,,,,,,,,,,,,,,,,,,,,,,,,,,,,,,,,,,,,,,,,,,,,,,,,,,,,,
2501070365,615,30,2,93,5,dnzj0iv5qtaemm9kthh9pos8q,1,0,0,2023-01-27T20:49:42.219Z,2023-01-27T20:58:33Z,3997343635,209,,3997343633,57,0,,,,,,,,,,,,,,,,,,,,,,,,,,,,,,,,,,,,,,,,,,,,,,,,,,,,
2501073307,622,30,14,0,0,dnzj0iv5qtaemm9kthh9pos8q,1,0,0,2023-01-27T20:55:12.338Z,2023-01-27T20:55:12Z,3997358843,209,,3997358841,57,1,,,,,,,,,,,,,,,,,,,,,,,,,,,,,,,,,,,,,,,,,,,,,,,,,,,,
2501073309,623,37,14,0,0,dnzj0iv5qtaemm9kthh9pos8q,1,0,0,2023-01-27T20:55:12.373Z,2023-01-27T21:02:37Z,3997369801,302,,,,,,,,,,,,,,,,,,,,,,,,,,,,,,,,,,,,,,,,,,,,,,,,,,,,,,,,
2501073323,1025,30,14,0,0,2uuh2bir8ktof0uxfo06lb4ox,1,0,0,2023-01-27T20:55:13.856Z,2023-01-27T20:55:14Z,3997358919,57,1,3997358921,209,,,,,,,,,,,,,,,,,,,,,,,,,,,,,,,,,,,,,,,,,,,,,,,,,,,,,
2501073325,1026,37,14,0,0,2uuh2bir8ktof0uxfo06lb4ox,1,0,0,2023-01-27T20:55:13.890Z,2023-01-27T21:02:37Z,3997369811,302,,,,,,,,,,,,,,,,,,,,,,,,,,,,,,,,,,,,,,,,,,,,,,,,,,,,,,,,
2500996333,2,43,16,0,0,dnzj0iv5qtaemm9kthh9pos8q,1,0,0,2023-01-27T18:49:42.912Z,2023-01-27T18:54:04Z,3996972869,144,71,3996964063,30,30f36kz1ut8sq7ntmy1nyxudw,3996964065,290,60,,,,,,,,,,,,,,,,,,,,,,,,,,,,,,,,,,,,,,,,,,,,,,,,,
