id,eventId,typeId,periodId,timeMin,timeSec,contestantId,outcome,x,y,timeStamp,lastModified,qualifier/0/id,qualifier/0/qualifierId,qualifier/0/value,qualifier/1/id,qualifier/1/qualifierId,qualifier/1/value,qualifier/2/id,qualifier/2/qualifierId,qualifier/2/value,qualifier/3/id,qualifier/3/qualifierId,qualifier/3/value,qualifier/4/id,qualifier/4/qualifierId,qualifier/4/value,qualifier/5/id,qualifier/5/qualifierId,qualifier/5/value,qualifier/6/id,qualifier/6/qualifierId,qualifier/6/value,qualifier/7/id,qualifier/7/qualifierId,qualifier/7/value,playerId,playerName,qualifier/8/id,qualifier/8/qualifierId,qualifier/8/value,keyPass,qualifier/9/id,qualifier/9/qualifierId,qualifier/9/value,qualifier/10/id,qualifier/10/qualifierId,qualifier/11/id,qualifier/11/qualifierId,qualifier/11/value,qualifier/12/id,qualifier/12/qualifierId,qualifier/13/id,qualifier/13/qualifierId,qualifier/14/id,qualifier/14/qualifierId,qualifier/14/value,qualifier/15/id,qualifier/15/qualifierId,assist,qualifier/10/value,qualifier/12/value,qualifier/13/value,qualifier/15/value,qualifier/16/id,qualifier/16/qualifierId,qualifier/17/id,qualifier/17/qualifierId,qualifier/17/value,qualifier/18/id,qualifier/18/qualifierId,qualifier/18/value,qualifier/16/value,qualifier/19/id,qualifier/19/qualifierId,qualifier/19/value,qualifier/20/id,qualifier/20/qualifierId,qualifier/20/value
2526609341,1,34,16,0,0,2nhn3ikl1ciq34w3hcp883d6p,1,0,0,2023-04-01T15:05:33.518Z,2023-04-02T13:04:56Z,4152925269,130,8,4153537165,197,8173,4152925275,194,auqy1bigw2a1owxg441wojzyt,4152925263,30,"6qlfe04qjldj3rkeeme6gdi39, e2z19y8is5m24brpa3gzn02qx, 9qm1adecprlczxw7ldbpvoi51, 7xs1rx9jos4ls85u362y9hqeh, 5ujoracvgg00kzd0a8rh8oa1h, 6z1isgjrlx4gbcjp5ekawdi39, 8hl43dvm1d57g011yacyoooa1, auqy1bigw2a1owxg441wojzyt, 12c7rhdjh6rja1d2j45n3exyi, dd711ekg0nlaosmsy2lz13syy, f03fccqnepjczr841h0zqdeui, 2j8y06wuinnx87eetadj55zo5, 5zpg8fnqc4luuhlonsn5nbw4q, 2aemkadh3bhtgm5db8r89pvit, bxcrdkrcljgx6l4o0uy4rom3t, 9kywhmzih4xhuz5d1rrxjcpd6, 96xomdtz505yoaz35i5bb8f84, 1ezai0a0n3xem17lwhtxwaml1",4152925271,131,"1, 2, 3, 4, 5, 6, 7, 8, 9, 10, 11, 0, 0, 0, 0, 0, 0, 0",4152925265,44,"1, 2, 2, 3, 2, 2, 3, 3, 4, 3, 3, 5, 5, 5, 5, 5, 5, 5",4152925267,59,"1, 22, 32, 8, 33, 2, 4, 7, 14, 39, 79, 5, 17, 20, 23, 24, 45, 55",4152925279,227,"0, 0, 0, 0, 0, 0, 0, 0, 0, 0, 0, 0, 0, 0, 0, 0, 0, 0",,,,,,,,,,,,,,,,,,,,,,,,,,,,,,,,,,,,,,,,,,,
2526614799,1,34,16,0,0,920raeoumft3q2wmvc296uceo,1,0,0,2023-04-01T15:08:07.945Z,2023-04-01T18:15:28Z,4154092447,197,11586,4152952591,44,"1, 3, 3, 2, 2, 2, 3, 3, 4, 4, 4, 5, 5, 5, 5, 5, 5, 5",4152952593,59,"16, 38, 7, 3, 66, 21, 6, 26, 9, 99, 18, 1, 2, 10, 12, 15, 17, 27",4152952605,227,"0, 0, 0, 0, 0, 0, 0, 0, 0, 0, 0, 0, 0, 0, 0, 0, 0, 0",4152952599,194,8zz5lnxo7twq8ntb7e0qfvbv9,4152952597,131,"1, 2, 3, 4, 5, 6, 7, 8, 9, 10, 11, 0, 0, 0, 0, 0, 0, 0",4152952589,30,"btyk45f7gmz3ck2dafpp22yg9, 39bcswfqnpa07b4afevezejo4, 87d73x3gkomc4soukr5uweqc5, 3bhmh2ks5ma4rqda9zff6w251, 164kbzdgdvclxn5zikw5hug6i, ae26s08xs4l50sfm0r6jbsley, 5ecklu1u6t21rhh8fh4zoq2cq, 8zz5lnxo7twq8ntb7e0qfvbv9, dqazrm2wmu9zqpvp8xbeeb7jd, 72xzl0yjdetvqp2n1pmzyqvze, 14xb29tv90y8uataijmh03rah, aspoedbe2vkfbqaz67fc2ftg5, 7hi9yit8aifyojt7i0kg69as5, bz77hr28a1yskifpuvzu8smsq, 4pbx40gvdmacim2n0k2qt41cl, 5qaa5hrosx323tjkrvajpg5qs, b6iptgqyakgohlyuyk3d807ah, ey3duwwqsme91b19fnw68v84",4152952595,130,13,,,,,,,,,,,,,,,,,,,,,,,,,,,,,,,,,,,,,,,,,,,
2526726227,2,32,1,0,0,920raeoumft3q2wmvc296uceo,1,0,0,2023-04-01T16:15:42.735Z,2023-04-01T16:15:42Z,4153551977,127,Right to Left,,,,,,,,,,,,,,,,,,,,,,,,,,,,,,,,,,,,,,,,,,,,,,,,,,,,,,,,,,,,,,,,
2526726233,2,32,1,0,0,2nhn3ikl1ciq34w3hcp883d6p,1,0,0,2023-04-01T16:15:42.735Z,2023-04-02T03:16:38Z,4153552015,127,Left to Right,,,,,,,,,,,,,,,,,,,,,,,,,,,,,,,,,,,,,,,,,,,,,,,,,,,,,,,,,,,,,,,,
2526726239,3,1,1,0,0,2nhn3ikl1ciq34w3hcp883d6p,1,50,49.9,2023-04-01T16:15:42.823Z,2023-04-02T10:40:44Z,4156116193,178,,4153552045,140,33.9,4153552051,213,3.1,4153552047,141,49.9,4153552053,279,S,4153552049,212,16.9,4153552043,56,Back,,,,12c7rhdjh6rja1d2j45n3exyi,K. Vaesen,,,,,,,,,,,,,,,,,,,,,,,,,,,,,,,,,,,,,,,,,
2526726315,4,1,1,0,3,2nhn3ikl1ciq34w3hcp883d6p,1,41,50.2,2023-04-01T16:15:45.799Z,2023-04-02T12:06:23Z,4153552369,140,32.5,4153552375,213,2.0,4153552373,212,21.7,4153552371,141,79.3,4156116261,178,,4153552367,56,Back,,,,,,,7xs1rx9jos4ls85u362y9hqeh,N. Madsen,,,,,,,,,,,,,,,,,,,,,,,,,,,,,,,,,,,,,,,,,
2526726349,5,1,1,0,5,2nhn3ikl1ciq34w3hcp883d6p,1,37,78.2,2023-04-01T16:15:47.757Z,2023-04-02T12:06:22Z,4153552515,213,1.2,4156116317,178,,4153552509,140,41.5,4153552507,56,Back,4153552513,212,12.2,4153552511,141,94.7,,,,,,,auqy1bigw2a1owxg441wojzyt,L. Van Eenoo,,,,,,,,,,,,,,,,,,,,,,,,,,,,,,,,,,,,,,,,,
2526726385,6,1,1,0,7,2nhn3ikl1ciq34w3hcp883d6p,1,43.3,99.9,2023-04-01T16:15:50.220Z,2023-04-02T12:06:21Z,4156116371,178,,4153552735,140,23.1,4153552737,141,70.6,4153552741,213,3.9,4153552739,212,29.1,4153552733,56,Back,,,,,,,9qm1adecprlczxw7ldbpvoi51,E. Jordanov,,,,,,,,,,,,,,,,,,,,,,,,,,,,,,,,,,,,,,,,,
2526726405,7,1,1,0,10,2nhn3ikl1ciq34w3hcp883d6p,1,27,58.5,2023-04-01T16:15:53.047Z,2023-04-02T12:06:21Z,4153552873,140,24.3,4153552871,56,Back,4153552879,213,4.5,4153552877,212,15.0,4153552875,141,36.9,4156116407,178,,,,,,,,6z1isgjrlx4gbcjp5ekawdi39,P. Perdichizzi,,,,,,,,,,,,,,,,,,,,,,,,,,,,,,,,,,,,,,,,,
2526726451,8,1,1,0,12,2nhn3ikl1ciq34w3hcp883d6p,1,32.9,27.1,2023-04-01T16:15:55.257Z,2023-04-02T12:06:20Z,4156116487,178,,4153553079,141,11.9,4153553075,56,Back,4153553083,213,4.6,4153553077,140,31.8,4153553081,212,10.4,,,,,,,5ujoracvgg00kzd0a8rh8oa1h,R. Neustädter,,,,,,,,,,,,,,,,,,,,,,,,,,,,,,,,,,,,,,,,,
2526726521,9,1,1,0,14,2nhn3ikl1ciq34w3hcp883d6p,1,39.5,5.8,2023-04-01T16:15:57.709Z,2023-04-02T12:06:19Z,4153553451,56,Right,4153553453,140,52.0,4156116549,178,,4153553459,213,0.2,4153553457,212,13.4,4153553455,141,9.5,,,,,,,e2z19y8is5m24brpa3gzn02qx,B. Reynolds,,,,,,,,,,,,,,,,,,,,,,,,,,,,,,,,,,,,,,,,,
2526726527,10,50,1,0,16,2nhn3ikl1ciq34w3hcp883d6p,1,49.4,0.9,2023-04-01T16:15:59.705Z,2023-04-02T12:06:18Z,4153553481,286,,4153554353,233,3,4153553479,56,Back,,,,,,,,,,,,,,,,8hl43dvm1d57g011yacyoooa1,M. Fixelles,,,,,,,,,,,,,,,,,,,,,,,,,,,,,,,,,,,,,,,,,
2526726611,3,7,1,0,18,920raeoumft3q2wmvc296uceo,1,50.6,99.1,2023-04-01T16:16:01.649Z,2023-04-02T12:06:18Z,4153554321,233,10,4156116855,178,,4153553915,285,,4153553913,56,Left,4153553911,167,,4155047421,385,,,,,,,,87d73x3gkomc4soukr5uweqc5,I. Mbenza,,,,,,,,,,,,,,,,,,,,,,,,,,,,,,,,,,,,,,,,,
2526726619,4,5,1,0,19,920raeoumft3q2wmvc296uceo,0,55.6,101.8,2023-04-01T16:16:02.286Z,2023-04-02T04:44:52Z,4153553939,56,Left,4153553941,347,,4153554367,233,11,,,,,,,,,,,,,,,,ae26s08xs4l50sfm0r6jbsley,S. Andreou,,,,,,,,,,,,,,,,,,,,,,,,,,,,,,,,,,,,,,,,,
2526726681,11,5,1,0,19,2nhn3ikl1ciq34w3hcp883d6p,1,44.4,-1.8,2023-04-01T16:16:02.286Z,2023-04-02T04:44:51Z,4153554359,233,4,4153554303,56,Back,4153554305,347,,,,,,,,,,,,,,,,,8hl43dvm1d57g011yacyoooa1,M. Fixelles,,,,,,,,,,,,,,,,,,,,,,,,,,,,,,,,,,,,,,,,,
2526726709,12,1,1,0,31,2nhn3ikl1ciq34w3hcp883d6p,1,49.6,0,2023-04-01T16:16:14.349Z,2023-04-02T12:06:17Z,4153554453,141,8.9,4153554451,140,67.8,4153554447,107,,4153554457,213,0.4,4153554449,56,Right,4153554455,212,20.5,,,,,,,e2z19y8is5m24brpa3gzn02qx,B. Reynolds,,,,,,,,,,,,,,,,,,,,,,,,,,,,,,,,,,,,,,,,,
2526726745,15,44,1,0,32,2nhn3ikl1ciq34w3hcp883d6p,1,63.9,5,2023-04-01T16:16:15.625Z,2023-04-02T12:06:17Z,4153554689,56,Right,4153554691,286,,4153554693,233,5,,,,,,,,,,,,,,,,dd711ekg0nlaosmsy2lz13syy,T. Van den Keybus,,,,,,,,,,,,,,,,,,,,,,,,,,,,,,,,,,,,,,,,,
2526726725,5,44,1,0,32,920raeoumft3q2wmvc296uceo,0,36.1,95,2023-04-01T16:16:15.626Z,2023-04-02T12:06:17Z,4153554707,233,15,4153554577,56,Back,4153554581,285,,,,,,,,,,,,,,,,,3bhmh2ks5ma4rqda9zff6w251,S. Knežević,,,,,,,,,,,,,,,,,,,,,,,,,,,,,,,,,,,,,,,,,
2526726717,13,1,1,0,32,2nhn3ikl1ciq34w3hcp883d6p,0,63.5,3.3,2023-04-01T16:16:15.679Z,2023-04-02T12:06:16Z,4153554519,141,0.0,4153554513,3,,4153554521,212,15.9,4153554523,213,6.1,4153554515,56,Right,4155047731,168,,4153554517,140,78.3,4156117067,388,,dd711ekg0nlaosmsy2lz13syy,T. Van den Keybus,,,,,,,,,,,,,,,,,,,,,,,,,,,,,,,,,,,,,,,,,
2526726769,6,5,1,0,33,920raeoumft3q2wmvc296uceo,1,22.2,101.8,2023-04-01T16:16:16.570Z,2023-04-02T04:45:04Z,4153554815,56,Back,4153554841,233,14,4153554817,347,,,,,,,,,,,,,,,,,3bhmh2ks5ma4rqda9zff6w251,S. Knežević,,,,,,,,,,,,,,,,,,,,,,,,,,,,,,,,,,,,,,,,,
2526726723,14,5,1,0,33,2nhn3ikl1ciq34w3hcp883d6p,0,77.8,-1.8,2023-04-01T16:16:16.570Z,2023-04-02T04:45:04Z,4153554553,347,,4153554849,233,6,4153554551,56,Right,,,,,,,,,,,,,,,,dd711ekg0nlaosmsy2lz13syy,T. Van den Keybus,,,,,,,,,,,,,,,,,,,,,,,,,,,,,,,,,,,,,,,,,
2526726843,7,1,1,0,45,920raeoumft3q2wmvc296uceo,0,37,100,2023-04-01T16:16:28.512Z,2023-04-02T12:06:16Z,4153555035,56,Left,4153555045,212,24.0,4153555037,140,58.3,4153555041,141,89.0,4153555055,1,,4153555033,107,,4153555049,213,5.9,,,,87d73x3gkomc4soukr5uweqc5,I. Mbenza,,,,,,,,,,,,,,,,,,,,,,,,,,,,,,,,,,,,,,,,,
2526726877,16,1,1,0,47,2nhn3ikl1ciq34w3hcp883d6p,1,46.7,7.5,2023-04-01T16:16:30.055Z,2023-04-02T12:06:15Z,4153555229,3,,4153555235,141,26.8,4153555237,212,13.9,4153555239,213,1.2,4153555233,140,51.2,4153555231,56,Center,4156319043,388,,,,,e2z19y8is5m24brpa3gzn02qx,B. Reynolds,,,,,,,,,,,,,,,,,,,,,,,,,,,,,,,,,,,,,,,,,
2527200679,913,67,1,0,48,2nhn3ikl1ciq34w3hcp883d6p,1,51.9,23.8,2023-04-01T16:16:31.598Z,2023-04-02T12:06:15Z,4156144615,233,887,,,,,,,,,,,,,,,,,,,,,,f03fccqnepjczr841h0zqdeui,Y. Matsuo,,,,,,,,,,,,,,,,,,,,,,,,,,,,,,,,,,,,,,,,,
2527200677,887,67,1,0,48,920raeoumft3q2wmvc296uceo,0,48.1,76.2,2023-04-01T16:16:31.599Z,2023-04-02T12:06:15Z,4156144619,233,913,,,,,,,,,,,,,,,,,,,,,,72xzl0yjdetvqp2n1pmzyqvze,A. Hosseinzadeh,,,,,,,,,,,,,,,,,,,,,,,,,,,,,,,,,,,,,,,,,
2526726881,17,61,1,0,48,2nhn3ikl1ciq34w3hcp883d6p,0,52.6,23.4,2023-04-01T16:16:31.684Z,2023-04-02T12:06:14Z,4156117373,178,,4153555259,56,Center,,,,,,,,,,,,,,,,,,,f03fccqnepjczr841h0zqdeui,Y. Matsuo,,,,,,,,,,,,,,,,,,,,,,,,,,,,,,,,,,,,,,,,,
2526726899,8,1,1,0,50,920raeoumft3q2wmvc296uceo,1,49.2,87,2023-04-01T16:16:32.999Z,2023-04-02T12:06:14Z,4153555401,213,6.2,4153555395,140,62.4,4153555397,141,84.4,4156117437,178,,4153555399,212,14.0,4153555393,56,Left,,,,,,,5ecklu1u6t21rhh8fh4zoq2cq,A. Zorgane,,,,,,,,,,,,,,,,,,,,,,,,,,,,,,,,,,,,,,,,,
2526726913,9,1,1,0,50,920raeoumft3q2wmvc296uceo,1,54.6,87.2,2023-04-01T16:16:33.505Z,2023-04-02T12:06:13Z,4153555493,213,4.9,4153555487,140,56.3,4156117519,178,,4153555491,212,9.2,4153555489,141,73.9,4153555485,56,Center,,,,,,,dqazrm2wmu9zqpvp8xbeeb7jd,V. Bayo,,,,,,,,,,,,,,,,,,,,,,,,,,,,,,,,,,,,,,,,,
2526726993,10,1,1,0,52,920raeoumft3q2wmvc296uceo,1,53.8,76.2,2023-04-01T16:16:35.053Z,2023-04-02T12:06:13Z,4153555883,141,22.8,4153555881,140,67.6,4156117583,178,,4153555889,1,,4153555879,56,Center,4153555887,213,5.1,4153555885,212,39.1,,,,72xzl0yjdetvqp2n1pmzyqvze,A. Hosseinzadeh,,,,,,,,,,,,,,,,,,,,,,,,,,,,,,,,,,,,,,,,,
2526727085,11,1,1,0,57,920raeoumft3q2wmvc296uceo,1,76,29.3,2023-04-01T16:16:40.640Z,2023-04-02T12:06:12Z,4153556395,213,3.2,4153556389,140,65.5,4156117705,178,,4153556393,212,11.0,4153556387,56,Center,4153556391,141,29.1,,,,,,,39bcswfqnpa07b4afevezejo4,J. Tchatchoua,,,,,,,,,,,,,,,,,,,,,,,,,,,,,,,,,,,,,,,,,
2526727175,12,1,1,1,3,920raeoumft3q2wmvc296uceo,1,84.7,3.4,2023-04-01T16:16:46.482Z,2023-04-02T12:06:09Z,4156117741,178,,4153556775,213,2.2,4153556769,140,76.2,4153556767,56,Right,4153556771,141,20.1,4153556773,212,14.4,,,,,,,72xzl0yjdetvqp2n1pmzyqvze,A. Hosseinzadeh,,,,,,,,,,,,,,,,,,,,,,,,,,,,,,,,,,,,,,,,,
2526775575,425,1,1,1,6,920raeoumft3q2wmvc296uceo,1,81.4,10.2,2023-04-01T16:16:48.967Z,2023-04-02T12:06:08Z,4153813067,56,Right,4153813073,212,20.6,4153813071,141,10.7,4153813075,213,3.1,4156117811,178,,4153813069,140,61.8,,,,,,,39bcswfqnpa07b4afevezejo4,J. Tchatchoua,,,,,,,,,,,,,,,,,,,,,,,,,,,,,,,,,,,,,,,,,
2526727219,13,1,1,1,9,920raeoumft3q2wmvc296uceo,1,61.1,5.1,2023-04-01T16:16:52.006Z,2023-04-02T12:06:08Z,4153557007,1,,4153556997,56,Back,4153557005,213,2.3,4153557003,212,37.1,4153556999,140,37.3,4153557001,141,45.5,4156117861,178,,,,,ae26s08xs4l50sfm0r6jbsley,S. Andreou,,,,,,,,,,,,,,,,,,,,,,,,,,,,,,,,,,,,,,,,,
2526727253,14,1,1,1,15,920raeoumft3q2wmvc296uceo,1,34.9,42.5,2023-04-01T16:16:58.347Z,2023-04-02T12:06:07Z,4153557215,212,21.2,4153557209,56,Back,4153557217,213,5.1,4156117931,178,,4153557213,141,13.5,4153557211,140,42.2,,,,,,,164kbzdgdvclxn5zikw5hug6i,V. Ozornwafor,,,,,,,,,,,,,,,,,,,,,,,,,,,,,,,,,,,,,,,,,
2526727269,15,1,1,1,18,920raeoumft3q2wmvc296uceo,1,35.8,3.2,2023-04-01T16:17:00.737Z,2023-04-02T12:06:06Z,4153557311,212,12.1,4153557307,140,46.9,4153557313,213,0.3,4153557305,56,Back,4156117991,178,,4153557309,141,7.7,,,,,,,ae26s08xs4l50sfm0r6jbsley,S. Andreou,,,,,,,,,,,,,,,,,,,,,,,,,,,,,,,,,,,,,,,,,
2527201159,913,43,1,1,19,920raeoumft3q2wmvc296uceo,1,0,0,2023-04-01T16:17:01.826Z,2023-04-02T05:15:16Z,4156148643,144,67,4156147183,233,914,,,,,,,,,,,,,,,,,,,39bcswfqnpa07b4afevezejo4,J. Tchatchoua,,,,,,,,,,,,,,,,,,,,,,,,,,,,,,,,,,,,,,,,,
2527201157,914,43,1,1,19,2nhn3ikl1ciq34w3hcp883d6p,1,0,0,2023-04-01T16:17:01.827Z,2023-04-02T05:15:16Z,4156147219,233,913,4156148639,144,67,,,,,,,,,,,,,,,,,,,dd711ekg0nlaosmsy2lz13syy,T. Van den Keybus,,,,,,,,,,,,,,,,,,,,,,,,,,,,,,,,,,,,,,,,,
2526727279,16,1,1,1,19,920raeoumft3q2wmvc296uceo,0,49.5,0.1,2023-04-01T16:17:01.859Z,2023-04-02T12:06:06Z,4153557363,140,44.4,4153557361,56,Back,4153557369,213,2.0,4153557367,212,14.4,4153557365,141,19.8,4156118039,178,,,,,,,,39bcswfqnpa07b4afevezejo4,J. Tchatchoua,,,,,,,,,,,,,,,,,,,,,,,,,,,,,,,,,,,,,,,,,
2527201547,920,67,1,1,20,2nhn3ikl1ciq34w3hcp883d6p,1,52.2,95.6,2023-04-01T16:17:02.758Z,2023-04-02T12:06:05Z,4156149463,233,921,,,,,,,,,,,,,,,,,,,,,,auqy1bigw2a1owxg441wojzyt,L. Van Eenoo,,,,,,,,,,,,,,,,,,,,,,,,,,,,,,,,,,,,,,,,,
2527201543,921,67,1,1,20,920raeoumft3q2wmvc296uceo,0,47.8,4.4,2023-04-01T16:17:02.759Z,2023-04-02T12:06:05Z,4156149489,233,920,,,,,,,,,,,,,,,,,,,,,,72xzl0yjdetvqp2n1pmzyqvze,A. Hosseinzadeh,,,,,,,,,,,,,,,,,,,,,,,,,,,,,,,,,,,,,,,,,
2526727267,18,8,1,1,20,2nhn3ikl1ciq34w3hcp883d6p,1,51.7,96.9,2023-04-01T16:17:02.782Z,2023-04-02T12:06:05Z,4156118085,178,,4155049641,384,,4153557303,56,Left,,,,,,,,,,,,,,,,auqy1bigw2a1owxg441wojzyt,L. Van Eenoo,,,,,,,,,,,,,,,,,,,,,,,,,,,,,,,,,,,,,,,,,
2526727299,19,49,1,1,20,2nhn3ikl1ciq34w3hcp883d6p,1,55.5,96.4,2023-04-01T16:17:03.307Z,2023-04-02T12:06:04Z,,,,,,,,,,,,,,,,,,,,,,,,,f03fccqnepjczr841h0zqdeui,Y. Matsuo,,,,,,,,,,,,,,,,,,,,,,,,,,,,,,,,,,,,,,,,,
2526727325,20,3,1,1,22,2nhn3ikl1ciq34w3hcp883d6p,0,59.6,90.6,2023-04-01T16:17:05.193Z,2023-04-02T11:44:12Z,4153557685,233,17,4153557621,56,Left,4153557623,286,,4155051419,464,,4156118285,178,,,,,,,,,,,f03fccqnepjczr841h0zqdeui,Y. Matsuo,,,,,,,,,,,,,,,,,,,,,,,,,,,,,,,,,,,,,,,,,
2527201697,922,43,1,1,24,920raeoumft3q2wmvc296uceo,1,0,0,2023-04-01T16:17:06.751Z,2023-04-02T05:16:48Z,4156150399,144,83,4156150205,399,465756,,,,,,,,,,,,,,,,,,,72xzl0yjdetvqp2n1pmzyqvze,A. Hosseinzadeh,,,,,,,,,,,,,,,,,,,,,,,,,,,,,,,,,,,,,,,,,
2526727335,17,7,1,1,24,920raeoumft3q2wmvc296uceo,0,40.4,9.4,2023-04-01T16:17:06.955Z,2023-04-02T11:44:12Z,4153557673,56,Back,4153557675,285,,4155051469,383,,4153557677,233,20,4156118357,178,,,,,,,,,,,72xzl0yjdetvqp2n1pmzyqvze,A. Hosseinzadeh,,,,,,,,,,,,,,,,,,,,,,,,,,,,,,,,,,,,,,,,,
2526727371,21,1,1,1,26,2nhn3ikl1ciq34w3hcp883d6p,1,60.3,89.7,2023-04-01T16:17:08.881Z,2023-04-02T12:06:02Z,4153557899,213,0.3,4153557895,141,92.9,4153557891,56,Left,4153557897,212,7.5,4156118429,178,,4153557893,140,67.1,,,,,,,dd711ekg0nlaosmsy2lz13syy,T. Van den Keybus,,,,,,,,,,,,,,,,,,,,,,,,,,,,,,,,,,,,,,,,,
2526727373,22,50,1,1,29,2nhn3ikl1ciq34w3hcp883d6p,1,73.5,95.3,2023-04-01T16:17:11.907Z,2023-04-02T12:06:00Z,4153557905,286,,4153558081,233,18,4153557903,56,Left,,,,,,,,,,,,,,,,9qm1adecprlczxw7ldbpvoi51,E. Jordanov,,,,,,,,,,,,,,,,,,,,,,,,,,,,,,,,,,,,,,,,,
2526727417,18,7,1,1,29,920raeoumft3q2wmvc296uceo,1,26.5,4.7,2023-04-01T16:17:12.585Z,2023-04-02T12:06:00Z,4153558053,233,22,4153558019,56,Back,4155051753,384,,4153558021,285,,4156118715,178,,,,,,,,,,,ae26s08xs4l50sfm0r6jbsley,S. Andreou,,,,,,,,,,,,,,,,,,,,,,,,,,,,,,,,,,,,,,,,,
2526727423,19,49,1,1,30,920raeoumft3q2wmvc296uceo,1,30.8,11.2,2023-04-01T16:17:13.353Z,2023-04-02T12:06:00Z,,,,,,,,,,,,,,,,,,,,,,,,,72xzl0yjdetvqp2n1pmzyqvze,A. Hosseinzadeh,,,,,,,,,,,,,,,,,,,,,,,,,,,,,,,,,,,,,,,,,
2526727443,20,1,1,1,31,920raeoumft3q2wmvc296uceo,1,32.6,12.7,2023-04-01T16:17:14.331Z,2023-04-02T12:05:59Z,4153558115,212,16.6,4153558109,56,Back,4153558117,213,0.7,4156118803,178,,4153558113,141,27.6,4153558111,140,45.1,,,,,,,72xzl0yjdetvqp2n1pmzyqvze,A. Hosseinzadeh,,,,,,,,,,,,,,,,,,,,,,,,,,,,,,,,,,,,,,,,,
2526727479,21,1,1,1,33,920raeoumft3q2wmvc296uceo,1,40.9,24.2,2023-04-01T16:17:15.741Z,2023-04-02T12:05:58Z,4153558259,212,8.4,4153558253,56,Back,4153558261,213,2.0,4153558255,140,37.7,4156118867,178,,4153558257,141,35.5,,,,,,,14xb29tv90y8uataijmh03rah,D. Heymans,,,,,,,,,,,,,,,,,,,,,,,,,,,,,,,,,,,,,,,,,
2526727497,22,1,1,1,34,920raeoumft3q2wmvc296uceo,1,36.6,32.5,2023-04-01T16:17:17.637Z,2023-04-02T12:05:57Z,4153558389,141,53.4,4156118921,178,,4153558385,56,Back,4153558391,212,14.3,4153558393,213,1.7,4153558387,140,35.0,,,,,,,8zz5lnxo7twq8ntb7e0qfvbv9,M. Ilaimaharitra,,,,,,,,,,,,,,,,,,,,,,,,,,,,,,,,,,,,,,,,,
2526727533,23,1,1,1,36,920raeoumft3q2wmvc296uceo,1,35.4,52.6,2023-04-01T16:17:18.851Z,2023-04-02T12:05:57Z,4153558599,213,1.6,4153558593,140,35.6,4156119007,178,,4153558591,56,Back,4153558595,141,83.9,4153558597,212,21.3,,,,,,,5ecklu1u6t21rhh8fh4zoq2cq,A. Zorgane,,,,,,,,,,,,,,,,,,,,,,,,,,,,,,,,,,,,,,,,,
2526727559,24,1,1,1,42,920raeoumft3q2wmvc296uceo,1,58,97.5,2023-04-01T16:17:25.512Z,2023-04-02T12:05:55Z,4156119041,178,,4153558735,141,74.8,4153558739,213,5.0,4153558731,56,Center,4153558737,212,16.1,4153558733,140,62.5,,,,,,,87d73x3gkomc4soukr5uweqc5,I. Mbenza,,,,,,,,,,,,,,,,,,,,,,,,,,,,,,,,,,,,,,,,,
2526727577,25,1,1,1,43,920raeoumft3q2wmvc296uceo,1,62.5,82.3,2023-04-01T16:17:26.579Z,2023-04-02T12:05:55Z,4153558857,140,68.5,4153558863,213,0.8,4153558861,212,9.3,4153558855,56,Left,4156119069,178,,4153558859,141,92.3,,,,,,,14xb29tv90y8uataijmh03rah,D. Heymans,,,,,,,,,,,,,,,,,,,,,,,,,,,,,,,,,,,,,,,,,
2526727627,26,1,1,1,45,920raeoumft3q2wmvc296uceo,1,68.2,95.9,2023-04-01T16:17:28.652Z,2023-04-02T12:05:54Z,4153559179,56,Left,4156119105,178,,4153559183,141,85.9,4153559181,140,61.4,4153559185,212,9.9,4153559187,213,3.9,,,,,,,87d73x3gkomc4soukr5uweqc5,I. Mbenza,,,,,,,,,,,,,,,,,,,,,,,,,,,,,,,,,,,,,,,,,
2526727703,27,1,1,1,50,920raeoumft3q2wmvc296uceo,1,60.8,79,2023-04-01T16:17:33.666Z,2023-04-02T12:05:52Z,4153559489,141,30.4,4153559495,1,,4153559485,56,Center,4156119161,178,,4153559491,212,33.3,4153559487,140,57.2,4153559493,213,4.6,,,,5ecklu1u6t21rhh8fh4zoq2cq,A. Zorgane,,,,,,,,,,,,,,,,,,,,,,,,,,,,,,,,,,,,,,,,,
2526727767,28,1,1,1,55,920raeoumft3q2wmvc296uceo,1,61.4,16.9,2023-04-01T16:17:38.212Z,2023-04-02T12:05:51Z,4153559819,56,Right,4153559823,141,14.6,4156119241,178,,4153559821,140,62.7,4153559825,212,2.1,4153559827,213,5.4,,,,,,,ae26s08xs4l50sfm0r6jbsley,S. Andreou,,,,,,,,,,,,,,,,,,,,,,,,,,,,,,,,,,,,,,,,,
2526727779,29,1,1,1,58,920raeoumft3q2wmvc296uceo,1,64.4,0.1,2023-04-01T16:17:41.244Z,2023-04-02T12:05:50Z,4153559913,141,10.3,4156119323,178,,4153559911,140,87.6,4153559915,212,25.3,4153559909,56,Right,4153559917,213,0.3,,,,,,,39bcswfqnpa07b4afevezejo4,J. Tchatchoua,,,,,,,,,,,,,,,,,,,,,,,,,,,,,,,,,,,,,,,,,
2526727837,30,1,1,2,2,920raeoumft3q2wmvc296uceo,1,90.8,0.1,2023-04-01T16:17:45.240Z,2023-04-02T12:05:49Z,4156119353,178,,4153560239,213,2.4,4153560235,141,21.3,4153560231,56,Center,4153560237,212,20.8,4153560233,140,76.5,,,,,,,72xzl0yjdetvqp2n1pmzyqvze,A. Hosseinzadeh,,,,,,,,,,,,,,,,,,,,,,,,,,,,,,,,,,,,,,,,,
2526727861,31,3,1,2,5,920raeoumft3q2wmvc296uceo,0,88.1,21.7,2023-04-01T16:17:47.946Z,2023-04-02T12:05:49Z,4156119389,178,,4153560455,211,,4153560403,286,,4153560401,56,Center,4155053527,464,,,,,,,,,,,39bcswfqnpa07b4afevezejo4,J. Tchatchoua,,,,,,,,,,,,,,,,,,,,,,,,,,,,,,,,,,,,,,,,,
2526727829,23,49,1,2,6,2nhn3ikl1ciq34w3hcp883d6p,1,6.5,66.8,2023-04-01T16:17:49.374Z,2023-04-02T12:05:48Z,,,,,,,,,,,,,,,,,,,,,,,,,auqy1bigw2a1owxg441wojzyt,L. Van Eenoo,,,,,,,,,,,,,,,,,,,,,,,,,,,,,,,,,,,,,,,,,
2526727883,24,1,1,2,8,2nhn3ikl1ciq34w3hcp883d6p,1,0.5,67.9,2023-04-01T16:17:51.472Z,2023-04-02T12:05:47Z,4153560539,56,Back,4153560543,140,6.6,4153560549,212,12.4,4153560551,213,1.0,4153560547,141,83.6,4156119547,178,,,,,,,,auqy1bigw2a1owxg441wojzyt,L. Van Eenoo,,,,,,,,,,,,,,,,,,,,,,,,,,,,,,,,,,,,,,,,,
2526727909,25,1,1,2,12,2nhn3ikl1ciq34w3hcp883d6p,0,7.4,97.8,2023-04-01T16:17:54.937Z,2023-04-02T12:05:46Z,4153560741,212,70.3,4153560743,213,5.9,4156119587,178,,4153560739,141,63.7,4153560733,155,,4153560735,56,Center,4153560737,140,70.6,4153560745,1,,9qm1adecprlczxw7ldbpvoi51,E. Jordanov,,,,,,,,,,,,,,,,,,,,,,,,,,,,,,,,,,,,,,,,,
2526727931,32,49,1,2,17,920raeoumft3q2wmvc296uceo,1,29.5,24.7,2023-04-01T16:18:00.555Z,2023-04-02T12:05:46Z,,,,,,,,,,,,,,,,,,,,,,,,,3bhmh2ks5ma4rqda9zff6w251,S. Knežević,,,,,,,,,,,,,,,,,,,,,,,,,,,,,,,,,,,,,,,,,
2526728069,33,1,1,2,27,920raeoumft3q2wmvc296uceo,1,32.9,75.5,2023-04-01T16:18:09.842Z,2023-04-02T12:05:43Z,4153561477,141,64.6,4156119715,178,,4153561475,140,28.4,4153561473,56,Back,4153561481,213,4.1,4153561479,212,8.8,,,,,,,3bhmh2ks5ma4rqda9zff6w251,S. Knežević,,,,,,,,,,,,,,,,,,,,,,,,,,,,,,,,,,,,,,,,,
2526728157,34,1,1,2,30,920raeoumft3q2wmvc296uceo,0,29.8,64.8,2023-04-01T16:18:13.192Z,2023-04-02T12:05:42Z,4153561837,212,46.7,4156119787,178,,4153561829,157,,4153561835,141,73.3,4153561831,56,Center,4153561833,140,73.9,4153561841,1,,4153561839,213,0.1,164kbzdgdvclxn5zikw5hug6i,V. Ozornwafor,,,,,,,,,,,,,,,,,,,,,,,,,,,,,,,,,,,,,,,,,
2526728115,26,44,1,2,33,2nhn3ikl1ciq34w3hcp883d6p,1,30,20.1,2023-04-01T16:18:16.306Z,2023-04-02T12:05:42Z,4153561677,285,,4153561675,56,Back,4153561923,233,35,,,,,,,,,,,,,,,,5ujoracvgg00kzd0a8rh8oa1h,R. Neustädter,,,,,,,,,,,,,,,,,,,,,,,,,,,,,,,,,,,,,,,,,
2526728169,35,44,1,2,33,920raeoumft3q2wmvc296uceo,0,70,79.9,2023-04-01T16:18:16.307Z,2023-04-02T12:05:41Z,4153561953,233,26,4153561897,286,,4153561895,56,Left,,,,,,,,,,,,,,,,dqazrm2wmu9zqpvp8xbeeb7jd,V. Bayo,,,,,,,,,,,,,,,,,,,,,,,,,,,,,,,,,,,,,,,,,
2526728133,27,1,1,2,33,2nhn3ikl1ciq34w3hcp883d6p,0,29.3,21.2,2023-04-01T16:18:16.345Z,2023-04-02T12:05:41Z,4153561709,213,6.0,4153561701,56,Back,4153561703,140,34.6,4153561705,141,18.8,4153561707,212,5.8,4153561699,3,,4156119903,388,,,,,5ujoracvgg00kzd0a8rh8oa1h,R. Neustädter,,,,,,,,,,,,,,,,,,,,,,,,,,,,,,,,,,,,,,,,,
2526728219,36,1,1,2,35,920raeoumft3q2wmvc296uceo,1,64.5,85.5,2023-04-01T16:18:17.829Z,2023-04-02T12:05:41Z,4153562099,212,10.3,4153562091,56,Center,4153562093,140,72.8,4153562095,141,77.5,4153562101,213,5.7,4156120041,178,,,,,,,,5ecklu1u6t21rhh8fh4zoq2cq,A. Zorgane,,,,,,,,,,,,,,,,,,,,,,,,,,,,,,,,,,,,,,,,,
2526728243,37,1,1,2,37,920raeoumft3q2wmvc296uceo,0,66.5,79.7,2023-04-01T16:18:19.891Z,2023-04-02T12:05:40Z,4153562217,140,95.6,4153562225,1,,4153562215,56,Right,4153562211,155,,4153562223,213,5.3,4153562221,212,53.4,4153562213,196,,4156120143,178,,dqazrm2wmu9zqpvp8xbeeb7jd,V. Bayo,4153562219,141,15.3,,,,,,,,,,,,,,,,,,,,,,,,,,,,,,,,,,,,,,
2526728275,28,12,1,2,42,2nhn3ikl1ciq34w3hcp883d6p,1,2.3,88.9,2023-04-01T16:18:24.928Z,2023-04-02T12:05:39Z,4153562409,212,5.4,4153562457,233,38,4153562455,397,,4153562403,56,Back,4153562405,140,7.4,4156120249,178,,4153562411,213,0.1,4153562407,141,89.7,9qm1adecprlczxw7ldbpvoi51,E. Jordanov,,,,,,,,,,,,,,,,,,,,,,,,,,,,,,,,,,,,,,,,,
2526728255,38,74,1,2,42,920raeoumft3q2wmvc296uceo,1,96.9,13.2,2023-04-01T16:18:25.025Z,2023-04-02T12:05:39Z,4153562369,397,,4153562483,233,28,4153562295,56,Right,4153562297,285,,4156120339,178,,,,,,,,,,,39bcswfqnpa07b4afevezejo4,J. Tchatchoua,,,,,,,,,,,,,,,,,,,,,,,,,,,,,,,,,,,,,,,,,
2526728279,29,5,1,2,42,2nhn3ikl1ciq34w3hcp883d6p,1,-1.2,87.2,2023-04-01T16:18:25.665Z,2023-04-02T04:48:39Z,4153562439,346,,4153562437,56,Back,4153562575,233,39,,,,,,,,,,,,,,,,9qm1adecprlczxw7ldbpvoi51,E. Jordanov,,,,,,,,,,,,,,,,,,,,,,,,,,,,,,,,,,,,,,,,,
2526728289,39,5,1,2,42,920raeoumft3q2wmvc296uceo,0,101.2,12.8,2023-04-01T16:18:25.665Z,2023-04-02T04:48:39Z,4153562501,56,Right,4153562503,346,,4153562583,233,29,,,,,,,,,,,,,,,,39bcswfqnpa07b4afevezejo4,J. Tchatchoua,,,,,,,,,,,,,,,,,,,,,,,,,,,,,,,,,,,,,,,,,
2526728923,30,27,1,3,3,2nhn3ikl1ciq34w3hcp883d6p,1,0,0,2023-04-01T16:18:46.134Z,2023-04-02T04:48:54Z,4153565535,53,6z1isgjrlx4gbcjp5ekawdi39,4153565541,233,40,4153565533,41,Injury,,,,,,,,,,,,,,,,,,,,,,,,,,,,,,,,,,,,,,,,,,,,,,,,,,,,,,,,,,
2526728887,40,27,1,3,3,920raeoumft3q2wmvc296uceo,1,0,0,2023-04-01T16:18:46.134Z,2023-04-02T04:48:54Z,4153565601,233,30,,,,,,,,,,,,,,,,,,,,,,,,,,,,,,,,,,,,,,,,,,,,,,,,,,,,,,,,,,,,,,,,
2526729129,31,28,1,4,1,2nhn3ikl1ciq34w3hcp883d6p,1,0,0,2023-04-01T16:19:44.510Z,2023-04-02T04:49:00Z,4153566751,233,41,4153566541,55,30,,,,,,,,,,,,,,,,,,,,,,,,,,,,,,,,,,,,,,,,,,,,,,,,,,,,,,,,,,,,,
2526729161,41,28,1,4,1,920raeoumft3q2wmvc296uceo,1,0,0,2023-04-01T16:19:44.510Z,2023-04-02T04:49:00Z,4153566719,55,40,4153566755,233,31,,,,,,,,,,,,,,,,,,,,,,,,,,,,,,,,,,,,,,,,,,,,,,,,,,,,,,,,,,,,,
2526729259,32,1,1,4,2,2nhn3ikl1ciq34w3hcp883d6p,0,3.5,48.1,2023-04-01T16:19:45.057Z,2023-04-02T12:05:38Z,4153567217,141,30.7,4153567225,74,,4153567209,124,,4153567215,140,63.6,4153567211,155,,4153567223,1,,4153567213,56,Center,4153567221,213,6.1,6qlfe04qjldj3rkeeme6gdi39,S. Bolat,4153567219,212,64.2,,,,,,,,,,,,,,,,,,,,,,,,,,,,,,,,,,,,,,
2526729377,42,1,1,4,5,920raeoumft3q2wmvc296uceo,1,46.2,74.7,2023-04-01T16:19:48.094Z,2023-04-02T12:05:38Z,4153567837,56,Left,4153567845,213,0.2,4153567835,3,,4153567841,141,82.7,4156120897,388,,4153567843,212,24.3,4153567839,140,68.8,,,,164kbzdgdvclxn5zikw5hug6i,V. Ozornwafor,,,,,,,,,,,,,,,,,,,,,,,,,,,,,,,,,,,,,,,,,
2526729345,33,4,1,4,6,2nhn3ikl1ciq34w3hcp883d6p,1,38.3,17.6,2023-04-01T16:19:49.350Z,2023-04-02T12:05:38Z,4153567687,152,,4153567947,233,43,4157214399,286,,4153567685,56,Back,4153567683,10,,,,,,,,,,,,,,,,,,,,,,,,,,,,,,,,,,,,,,,,,,,,,,,,,,,,,
2526729381,43,4,1,4,6,920raeoumft3q2wmvc296uceo,0,61.7,82.4,2023-04-01T16:19:49.351Z,2023-04-02T12:05:37Z,4156120985,178,,4153567951,233,33,4153567883,56,Left,4153567881,10,,4153567885,152,,4157214359,285,,,,,,,,dqazrm2wmu9zqpvp8xbeeb7jd,V. Bayo,,,,,,,,,,,,,,,,,,,,,,,,,,,,,,,,,,,,,,,,,
2526729517,34,1,1,4,20,2nhn3ikl1ciq34w3hcp883d6p,1,35.1,11.5,2023-04-01T16:20:03.504Z,2023-04-02T12:05:37Z,4153568447,213,2.1,4153568435,5,,4153568437,152,,4153568445,212,18.6,4153568441,140,26.1,4156121039,178,,4153568443,141,35.1,4153568439,56,Back,8hl43dvm1d57g011yacyoooa1,M. Fixelles,,,,,,,,,,,,,,,,,,,,,,,,,,,,,,,,,,,,,,,,,
2526729561,35,1,1,4,22,2nhn3ikl1ciq34w3hcp883d6p,1,28.6,26.2,2023-04-01T16:20:05.626Z,2023-04-02T12:05:36Z,4153568681,141,68.1,4153568683,212,28.5,4153568679,140,27.4,4156121099,178,,4153568677,56,Back,4153568685,213,1.6,,,,,,,e2z19y8is5m24brpa3gzn02qx,B. Reynolds,,,,,,,,,,,,,,,,,,,,,,,,,,,,,,,,,,,,,,,,,
2526729607,36,1,1,4,27,2nhn3ikl1ciq34w3hcp883d6p,1,27.6,60.9,2023-04-01T16:20:10.272Z,2023-04-02T12:05:35Z,4153568959,212,22.6,4153568953,140,8.2,4153568949,56,Back,4153568963,213,3.6,4156121133,178,,4153568957,141,46.6,,,,,,,5ujoracvgg00kzd0a8rh8oa1h,R. Neustädter,,,,,,,,,,,,,,,,,,,,,,,,,,,,,,,,,,,,,,,,,
2526729655,37,1,1,4,31,2nhn3ikl1ciq34w3hcp883d6p,1,16,33.1,2023-04-01T16:20:14.504Z,2023-04-02T12:05:34Z,4153569219,213,5.7,4153569213,140,33.9,4153569211,56,Back,4156121189,178,,4153569215,141,15.8,4153569209,155,,4153569217,212,22.2,,,,6qlfe04qjldj3rkeeme6gdi39,S. Bolat,,,,,,,,,,,,,,,,,,,,,,,,,,,,,,,,,,,,,,,,,
2526729667,38,1,1,4,33,2nhn3ikl1ciq34w3hcp883d6p,0,40.8,8.8,2023-04-01T16:20:16.478Z,2023-04-02T12:05:34Z,4156121289,388,,4153569259,56,Center,4153569267,213,0.7,4153569265,212,16.3,4153569263,141,24.9,4153569261,140,52.3,4153569257,3,,,,,dd711ekg0nlaosmsy2lz13syy,T. Van den Keybus,,,,,,,,,,,,,,,,,,,,,,,,,,,,,,,,,,,,,,,,,
2526729723,44,1,1,4,36,920raeoumft3q2wmvc296uceo,0,47.5,78.1,2023-04-01T16:20:18.937Z,2023-04-02T12:05:33Z,4153569571,212,14.8,4153569565,56,Back,4153569573,213,2.3,4153569567,140,38.5,4153569569,141,94.8,4153569563,3,,4156121361,178,,,,,164kbzdgdvclxn5zikw5hug6i,V. Ozornwafor,,,,,,,,,,,,,,,,,,,,,,,,,,,,,,,,,,,,,,,,,
2526729717,39,50,1,4,39,2nhn3ikl1ciq34w3hcp883d6p,1,62.4,3.7,2023-04-01T16:20:22.138Z,2023-04-02T12:05:32Z,4153569541,286,,4153569539,56,Right,4153569709,233,45,,,,,,,,,,,,,,,,dd711ekg0nlaosmsy2lz13syy,T. Van den Keybus,,,,,,,,,,,,,,,,,,,,,,,,,,,,,,,,,,,,,,,,,
2526729739,45,7,1,4,40,920raeoumft3q2wmvc296uceo,1,37.6,96.3,2023-04-01T16:20:22.808Z,2023-04-02T12:05:32Z,4153569677,56,Back,4153569695,233,39,4153569679,285,,4156121563,178,,4155056177,384,,,,,,,,,,,3bhmh2ks5ma4rqda9zff6w251,S. Knežević,,,,,,,,,,,,,,,,,,,,,,,,,,,,,,,,,,,,,,,,,
2526729743,46,49,1,4,42,920raeoumft3q2wmvc296uceo,1,27.6,99.2,2023-04-01T16:20:24.823Z,2023-04-02T12:05:31Z,,,,,,,,,,,,,,,,,,,,,,,,,87d73x3gkomc4soukr5uweqc5,I. Mbenza,,,,,,,,,,,,,,,,,,,,,,,,,,,,,,,,,,,,,,,,,
2526729777,47,1,1,4,43,920raeoumft3q2wmvc296uceo,1,23.4,95.6,2023-04-01T16:20:25.745Z,2023-04-02T12:05:31Z,4153569857,141,73.8,4153569853,56,Back,4156121713,178,,4153569855,140,14.4,4153569861,213,4.1,4153569859,212,17.6,,,,,,,87d73x3gkomc4soukr5uweqc5,I. Mbenza,,,,,,,,,,,,,,,,,,,,,,,,,,,,,,,,,,,,,,,,,
2526729805,48,1,1,4,45,920raeoumft3q2wmvc296uceo,1,9.8,75.6,2023-04-01T16:20:27.993Z,2023-04-02T12:05:30Z,4153569945,140,26.2,4153569951,213,5.9,4153569947,141,64.6,4156121785,178,,4153569949,212,18.8,4153569943,56,Back,,,,,,,164kbzdgdvclxn5zikw5hug6i,V. Ozornwafor,,,,,,,,,,,,,,,,,,,,,,,,,,,,,,,,,,,,,,,,,
2526729863,49,1,1,4,47,920raeoumft3q2wmvc296uceo,1,21.7,67.1,2023-04-01T16:20:29.825Z,2023-04-02T12:05:30Z,4153570245,213,5.5,4156121847,178,,4153570237,56,Back,4153570243,212,15.4,4153570239,140,32.3,4153570241,141,51.5,,,,,,,8zz5lnxo7twq8ntb7e0qfvbv9,M. Ilaimaharitra,,,,,,,,,,,,,,,,,,,,,,,,,,,,,,,,,,,,,,,,,
2526729883,50,1,1,4,48,920raeoumft3q2wmvc296uceo,1,28.7,52.4,2023-04-01T16:20:31.590Z,2023-04-02T12:05:29Z,4153570343,140,25.0,4153570341,56,Back,4153570349,213,4.5,4156121967,178,,4153570347,212,16.1,4153570345,141,29.4,,,,,,,72xzl0yjdetvqp2n1pmzyqvze,A. Hosseinzadeh,,,,,,,,,,,,,,,,,,,,,,,,,,,,,,,,,,,,,,,,,
2526729905,51,1,1,4,52,920raeoumft3q2wmvc296uceo,1,20.6,30.5,2023-04-01T16:20:34.778Z,2023-04-02T12:05:28Z,4153570497,56,Back,4156122035,178,,4153570503,212,22.5,4153570501,141,63.6,4153570505,213,1.6,4153570499,140,20.9,,,,,,,ae26s08xs4l50sfm0r6jbsley,S. Andreou,,,,,,,,,,,,,,,,,,,,,,,,,,,,,,,,,,,,,,,,,
2526729923,52,1,1,4,54,920raeoumft3q2wmvc296uceo,1,19.7,59.7,2023-04-01T16:20:37.435Z,2023-04-02T12:05:27Z,4153570609,140,26.2,4153570615,213,1.2,4153570611,141,86.5,4156122109,178,,4153570607,56,Back,4153570613,212,19.5,,,,,,,164kbzdgdvclxn5zikw5hug6i,V. Ozornwafor,,,,,,,,,,,,,,,,,,,,,,,,,,,,,,,,,,,,,,,,,
2526729943,53,1,1,4,58,920raeoumft3q2wmvc296uceo,1,32.6,85,2023-04-01T16:20:41.590Z,2023-04-02T12:05:27Z,4156122153,178,,4153570775,141,85.4,4153570779,213,0.0,4153570773,140,42.2,4153570777,212,10.1,4153570771,56,Back,,,,,,,3bhmh2ks5ma4rqda9zff6w251,S. Knežević,,,,,,,,,,,,,,,,,,,,,,,,,,,,,,,,,,,,,,,,,
2526729965,54,1,1,5,0,920raeoumft3q2wmvc296uceo,1,43.3,79.9,2023-04-01T16:20:42.782Z,2023-04-02T12:05:26Z,4153570879,213,2.9,4153570873,140,24.5,4153570871,56,Back,4153570875,141,86.8,4156122187,178,,4155056683,156,,4153570877,212,20.3,,,,dqazrm2wmu9zqpvp8xbeeb7jd,V. Bayo,,,,,,,,,,,,,,,,,,,,,,,,,,,,,,,,,,,,,,,,,
2526730045,55,1,1,5,2,920raeoumft3q2wmvc296uceo,1,27.9,88.1,2023-04-01T16:20:45.248Z,2023-04-02T12:05:25Z,4153571217,140,21.8,4153571215,56,Back,4153571223,213,4.4,4156122221,178,,4153571221,212,18.8,4153571219,141,62.1,,,,,,,3bhmh2ks5ma4rqda9zff6w251,S. Knežević,,,,,,,,,,,,,,,,,,,,,,,,,,,,,,,,,,,,,,,,,
2526730095,56,1,1,5,7,920raeoumft3q2wmvc296uceo,1,29.6,48,2023-04-01T16:20:50.490Z,2023-04-02T12:05:24Z,4153571511,213,4.7,4156122257,178,,4153571507,141,6.2,4153571505,140,28.0,4153571503,56,Back,4153571509,212,28.5,,,,,,,164kbzdgdvclxn5zikw5hug6i,V. Ozornwafor,,,,,,,,,,,,,,,,,,,,,,,,,,,,,,,,,,,,,,,,,
2526730161,57,1,1,5,11,920raeoumft3q2wmvc296uceo,1,32.4,0.1,2023-04-01T16:20:54.075Z,2023-04-02T12:05:24Z,4153571911,141,28.6,4153571907,56,Center,4153571913,212,37.2,4153571917,1,,4153571909,140,62.6,4156122333,178,,4153571915,213,0.5,,,,ae26s08xs4l50sfm0r6jbsley,S. Andreou,,,,,,,,,,,,,,,,,,,,,,,,,,,,,,,,,,,,,,,,,
2527001311,868,3,1,5,13,920raeoumft3q2wmvc296uceo,0,57.3,20.3,2023-04-01T16:20:56.205Z,2023-04-02T12:05:23Z,4155057319,467,auqy1bigw2a1owxg441wojzyt,4156122385,178,,4155057313,56,Right,4155057315,286,,4155057317,464,,,,,,,,,,,72xzl0yjdetvqp2n1pmzyqvze,A. Hosseinzadeh,,,,,,,,,,,,,,,,,,,,,,,,,,,,,,,,,,,,,,,,,
2526730167,58,4,1,5,13,920raeoumft3q2wmvc296uceo,1,57.9,17.4,2023-04-01T16:20:56.429Z,2023-04-02T12:05:22Z,4153571937,13,,4153571945,286,,4153571947,233,40,4153571941,152,,4153571943,265,,4153571939,56,Right,,,,,,,72xzl0yjdetvqp2n1pmzyqvze,A. Hosseinzadeh,,,,,,,,,,,,,,,,,,,,,,,,,,,,,,,,,,,,,,,,,
2526730151,40,4,1,5,13,2nhn3ikl1ciq34w3hcp883d6p,0,42.1,82.6,2023-04-01T16:20:56.430Z,2023-04-02T12:05:22Z,4156122481,178,,4153571977,233,58,4153571841,56,Back,4153571843,152,,4153571839,13,,4153571845,265,,4153571847,285,,,,,auqy1bigw2a1owxg441wojzyt,L. Van Eenoo,,,,,,,,,,,,,,,,,,,,,,,,,,,,,,,,,,,,,,,,,
2526730277,41,18,1,5,23,2nhn3ikl1ciq34w3hcp883d6p,1,0,0,2023-04-01T16:21:06.178Z,2023-04-02T04:50:58Z,4153572485,44,Defender,4153572533,55,42,4153572483,41,,4153572487,59,2,,,,,,,,,,,,,6z1isgjrlx4gbcjp5ekawdi39,P. Perdichizzi,,,,,,,,,,,,,,,,,,,,,,,,,,,,,,,,,,,,,,,,,
2526730283,42,19,1,5,23,2nhn3ikl1ciq34w3hcp883d6p,1,0,0,2023-04-01T16:21:06.179Z,2023-04-02T04:50:58Z,4153572511,41,,4153572521,55,41,4153572583,293,0,4153572519,44,Defender,4153572581,292,0,4153572517,59,24,4153572515,145,6,,,,9kywhmzih4xhuz5d1rrxjcpd6,R. Tagir,,,,,,,,,,,,,,,,,,,,,,,,,,,,,,,,,,,,,,,,,
2526730399,59,1,1,5,35,920raeoumft3q2wmvc296uceo,1,59.3,16.3,2023-04-01T16:21:18.376Z,2023-04-02T12:05:22Z,4153573177,140,65.3,4153573175,56,Center,4156122641,178,,4153573181,212,31.7,4153573173,152,,4153573171,5,,4153573183,213,1.4,4153573179,141,62.0,8zz5lnxo7twq8ntb7e0qfvbv9,M. Ilaimaharitra,,,,,,,,,,,,,,,,,,,,,,,,,,,,,,,,,,,,,,,,,
2526730429,60,1,1,5,40,920raeoumft3q2wmvc296uceo,1,55.6,69,2023-04-01T16:21:22.776Z,2023-04-02T12:05:20Z,4153573357,141,90.6,4153573361,213,0.6,4153573355,140,76.2,4153573353,56,Left,4156122691,178,,4153573359,212,26.1,,,,,,,5ecklu1u6t21rhh8fh4zoq2cq,A. Zorgane,,,,,,,,,,,,,,,,,,,,,,,,,,,,,,,,,,,,,,,,,
2526730463,61,1,1,5,43,920raeoumft3q2wmvc296uceo,1,68.6,77.7,2023-04-01T16:21:25.917Z,2023-04-02T12:05:20Z,4153574107,210,15,4153573579,212,22.2,4153573581,213,6.0,4153573573,56,Center,4153573575,140,88.6,4153573577,141,67.3,4156123339,178,,4153574109,154,,87d73x3gkomc4soukr5uweqc5,I. Mbenza,,,,1,,,,,,,,,,,,,,,,,,,,,,,,,,,,,,,,,,,,,
2526730465,62,15,1,5,45,920raeoumft3q2wmvc296uceo,1,87.9,65.6,2023-04-01T16:21:28.139Z,2023-04-02T12:05:19Z,4153574129,29,,4153574137,102,52.4,4153573591,22,,4153573593,64,,4153574131,154,,4153574133,55,61,4153574149,233,44,4153574141,328,,dqazrm2wmu9zqpvp8xbeeb7jd,V. Bayo,4153574139,103,5.7,,4153574143,146,96,4153574127,76,4153573595,56,Center,4153573703,20,4155059027,214,4153574145,147,56.1,4156123385,178,,,,,,,,,,,,,,,,,,,,
2526730515,44,10,1,5,45,2nhn3ikl1ciq34w3hcp883d6p,1,3.8,43.7,2023-04-01T16:21:28.445Z,2023-04-02T12:05:18Z,4153573807,233,62,4153573753,56,Back,4153573747,176,,4153573751,182,,4155058561,389,,4155058563,376,,,,,,,,6qlfe04qjldj3rkeeme6gdi39,S. Bolat,,,,,,,,,,,,,,,,,,,,,,,,,,,,,,,,,,,,,,,,,
2526730511,43,52,1,5,45,2nhn3ikl1ciq34w3hcp883d6p,1,3.7,43.6,2023-04-01T16:21:28.628Z,2023-04-02T12:05:18Z,4156123489,179,,4155058677,376,,,,,,,,,,,,,,,,,,,,6qlfe04qjldj3rkeeme6gdi39,S. Bolat,,,,,,,,,,,,,,,,,,,,,,,,,,,,,,,,,,,,,,,,,
2526730667,45,1,1,5,59,2nhn3ikl1ciq34w3hcp883d6p,1,7.3,53.7,2023-04-01T16:21:42.249Z,2023-04-02T12:05:17Z,4155059375,189,,4153574593,123,,4153574599,141,89.1,4153574597,140,14.1,4153574603,213,1.3,4156123503,178,,4153574601,212,25.1,4153574595,56,Back,6qlfe04qjldj3rkeeme6gdi39,S. Bolat,,,,,,,,,,,,,,,,,,,,,,,,,,,,,,,,,,,,,,,,,
2526730677,46,1,1,6,1,2nhn3ikl1ciq34w3hcp883d6p,1,8.8,86.2,2023-04-01T16:21:44.603Z,2023-04-02T12:05:17Z,4153574673,56,Back,4153574681,213,4.5,4156123589,178,,4153574679,212,24.6,4153574677,141,50.7,4153574675,140,4.3,,,,,,,9kywhmzih4xhuz5d1rrxjcpd6,R. Tagir,,,,,,,,,,,,,,,,,,,,,,,,,,,,,,,,,,,,,,,,,
2526730701,47,1,1,6,4,2nhn3ikl1ciq34w3hcp883d6p,1,4.8,57.3,2023-04-01T16:21:47.463Z,2023-04-02T12:05:16Z,4153574829,56,Back,4153574835,212,30.0,4153574837,213,5.1,4156123635,178,,4153574831,140,14.4,4153574833,141,15.8,,,,,,,6qlfe04qjldj3rkeeme6gdi39,S. Bolat,,,,,,,,,,,,,,,,,,,,,,,,,,,,,,,,,,,,,,,,,
2526730709,48,1,1,6,7,2nhn3ikl1ciq34w3hcp883d6p,1,14.4,19.2,2023-04-01T16:21:50.288Z,2023-04-02T12:05:16Z,4153574883,213,5.5,4153574881,212,14.1,4156123709,178,,4153574879,141,5.2,4153574877,140,24.3,4153574875,56,Back,,,,,,,5ujoracvgg00kzd0a8rh8oa1h,R. Neustädter,,,,,,,,,,,,,,,,,,,,,,,,,,,,,,,,,,,,,,,,,
2526730735,49,3,1,6,9,2nhn3ikl1ciq34w3hcp883d6p,1,30.4,2.8,2023-04-01T16:21:52.136Z,2023-04-02T12:05:14Z,4153575073,233,63,4156123753,178,,4153575013,285,,4155059727,464,,4153575011,56,Back,,,,,,,,,,e2z19y8is5m24brpa3gzn02qx,B. Reynolds,,,,,,,,,,,,,,,,,,,,,,,,,,,,,,,,,,,,,,,,,
2526730743,63,45,1,6,9,920raeoumft3q2wmvc296uceo,0,69.6,97.2,2023-04-01T16:21:52.136Z,2023-04-02T12:05:15Z,4153575031,56,Left,4153575089,233,49,4153575033,286,,,,,,,,,,,,,,,,,5ecklu1u6t21rhh8fh4zoq2cq,A. Zorgane,,,,,,,,,,,,,,,,,,,,,,,,,,,,,,,,,,,,,,,,,
2526730755,50,1,1,6,11,2nhn3ikl1ciq34w3hcp883d6p,1,37.1,15.9,2023-04-01T16:21:54.552Z,2023-04-02T12:05:14Z,4153575109,140,43.8,4153575115,213,0.5,4153575111,141,21.2,4153575113,212,7.9,4153575107,56,Back,4156123787,178,,,,,,,,e2z19y8is5m24brpa3gzn02qx,B. Reynolds,,,,,,,,,,,,,,,,,,,,,,,,,,,,,,,,,,,,,,,,,
2527203977,1012,67,1,6,12,2nhn3ikl1ciq34w3hcp883d6p,1,48,21.1,2023-04-01T16:21:55.314Z,2023-04-02T12:05:13Z,4156162401,233,1007,,,,,,,,,,,,,,,,,,,,,,12c7rhdjh6rja1d2j45n3exyi,K. Vaesen,,,,,,,,,,,,,,,,,,,,,,,,,,,,,,,,,,,,,,,,,
2527203975,1007,67,1,6,12,920raeoumft3q2wmvc296uceo,0,52,78.9,2023-04-01T16:21:55.315Z,2023-04-02T12:05:13Z,4156162421,233,1012,,,,,,,,,,,,,,,,,,,,,,3bhmh2ks5ma4rqda9zff6w251,S. Knežević,,,,,,,,,,,,,,,,,,,,,,,,,,,,,,,,,,,,,,,,,
2526730771,51,1,1,6,12,2nhn3ikl1ciq34w3hcp883d6p,1,47.3,18.4,2023-04-01T16:21:55.404Z,2023-04-02T12:05:13Z,4153575183,213,4.3,4153575181,212,8.6,4156123809,178,,4153575179,141,6.8,4153575177,140,44.0,4153575175,56,Back,,,,,,,12c7rhdjh6rja1d2j45n3exyi,K. Vaesen,,,,,,,,,,,,,,,,,,,,,,,,,,,,,,,,,,,,,,,,,
2526730863,52,1,1,6,14,2nhn3ikl1ciq34w3hcp883d6p,0,48.7,0.5,2023-04-01T16:21:57.120Z,2023-04-02T12:05:12Z,4153575599,140,67.5,4153575605,213,0.4,4156123859,178,,4153575601,141,12.9,4153575603,212,21.5,4153575597,56,Right,,,,,,,8hl43dvm1d57g011yacyoooa1,M. Fixelles,,,,,,,,,,,,,,,,,,,,,,,,,,,,,,,,,,,,,,,,,
2527204037,1009,67,1,6,16,920raeoumft3q2wmvc296uceo,1,33.5,92.9,2023-04-01T16:21:59.704Z,2023-04-02T12:05:12Z,4156162809,233,1015,,,,,,,,,,,,,,,,,,,,,,164kbzdgdvclxn5zikw5hug6i,V. Ozornwafor,,,,,,,,,,,,,,,,,,,,,,,,,,,,,,,,,,,,,,,,,
2527204033,1015,67,1,6,16,2nhn3ikl1ciq34w3hcp883d6p,0,66.5,7.1,2023-04-01T16:21:59.705Z,2023-04-02T12:05:12Z,4156162817,233,1009,,,,,,,,,,,,,,,,,,,,,,e2z19y8is5m24brpa3gzn02qx,B. Reynolds,,,,,,,,,,,,,,,,,,,,,,,,,,,,,,,,,,,,,,,,,
2526730891,64,1,1,6,17,920raeoumft3q2wmvc296uceo,0,32.7,91.3,2023-04-01T16:21:59.740Z,2023-04-02T12:05:11Z,4153578015,140,27.9,4153578041,236,,4153575789,56,Back,4153578043,233,53,4153578017,141,87.4,4153578047,286,,4156123975,389,,4153578021,213,3.6,164kbzdgdvclxn5zikw5hug6i,V. Ozornwafor,4153578019,212,5.7,,,,,,,,,,,,,,,,,,,,,,,,,,,,,,,,,,,,,,
2526730869,53,74,1,6,17,2nhn3ikl1ciq34w3hcp883d6p,1,66.8,7.1,2023-04-01T16:21:59.804Z,2023-04-02T12:05:11Z,4156124033,178,,4153578055,233,64,4153576489,285,,4153575637,56,Right,,,,,,,,,,,,,e2z19y8is5m24brpa3gzn02qx,B. Reynolds,,,,,,,,,,,,,,,,,,,,,,,,,,,,,,,,,,,,,,,,,
2526730893,65,49,1,6,19,920raeoumft3q2wmvc296uceo,1,23.2,92.7,2023-04-01T16:22:02.200Z,2023-04-02T12:05:11Z,,,,,,,,,,,,,,,,,,,,,,,,,3bhmh2ks5ma4rqda9zff6w251,S. Knežević,,,,,,,,,,,,,,,,,,,,,,,,,,,,,,,,,,,,,,,,,
2526730911,66,12,1,6,19,920raeoumft3q2wmvc296uceo,1,23.2,92.8,2023-04-01T16:22:02.236Z,2023-04-02T12:05:10Z,4153575895,56,Back,4153575953,167,,4153575897,140,21.9,4153575899,141,100.0,4153575903,213,1.8,4153575901,212,6.4,4156124133,178,,,,,3bhmh2ks5ma4rqda9zff6w251,S. Knežević,,,,,,,,,,,,,,,,,,,,,,,,,,,,,,,,,,,,,,,,,
2526731017,54,5,1,6,20,2nhn3ikl1ciq34w3hcp883d6p,1,74.6,-2,2023-04-01T16:22:03.269Z,2023-04-02T04:52:58Z,4153576473,56,Right,4153576499,233,67,4153576475,347,,,,,,,,,,,,,,,,,e2z19y8is5m24brpa3gzn02qx,B. Reynolds,,,,,,,,,,,,,,,,,,,,,,,,,,,,,,,,,,,,,,,,,
2526730915,67,5,1,6,20,920raeoumft3q2wmvc296uceo,0,25.4,102,2023-04-01T16:22:03.269Z,2023-04-02T04:52:59Z,4153575933,347,,4153576511,233,54,4153575931,56,Back,,,,,,,,,,,,,,,,3bhmh2ks5ma4rqda9zff6w251,S. Knežević,,,,,,,,,,,,,,,,,,,,,,,,,,,,,,,,,,,,,,,,,
2526731043,55,1,1,6,33,2nhn3ikl1ciq34w3hcp883d6p,1,71.3,0,2023-04-01T16:22:16.249Z,2023-04-02T12:05:10Z,4153576645,56,Right,4153576653,213,1.1,4153576651,212,11.4,4153576647,140,76.2,4153576649,141,13.5,4153576643,107,,,,,,,,e2z19y8is5m24brpa3gzn02qx,B. Reynolds,,,,,,,,,,,,,,,,,,,,,,,,,,,,,,,,,,,,,,,,,
2526731125,56,1,1,6,34,2nhn3ikl1ciq34w3hcp883d6p,1,74.4,10.1,2023-04-01T16:22:17.734Z,2023-04-02T12:05:09Z,4153577157,140,65.5,4153577161,212,9.6,4153577155,56,Right,4156124223,178,,4153577165,213,2.9,4153577159,141,13.4,,,,,,,12c7rhdjh6rja1d2j45n3exyi,K. Vaesen,,,,,,,,,,,,,,,,,,,,,,,,,,,,,,,,,,,,,,,,,
2527204203,1012,83,1,6,36,920raeoumft3q2wmvc296uceo,1,31.7,81.6,2023-04-01T16:22:19.027Z,2023-04-02T12:05:08Z,4156163651,399,420686,,,,,,,,,,,,,,,,,,,,,,72xzl0yjdetvqp2n1pmzyqvze,A. Hosseinzadeh,,,,,,,,,,,,,,,,,,,,,,,,,,,,,,,,,,,,,,,,,
2526731129,57,4,1,6,38,2nhn3ikl1ciq34w3hcp883d6p,1,61.5,20.6,2023-04-01T16:22:20.810Z,2023-04-02T12:05:08Z,4153577175,56,Right,4153577511,233,68,4153577177,152,,4153577179,286,,4153577173,295,,4153577171,13,,,,,,,,8hl43dvm1d57g011yacyoooa1,M. Fixelles,,,,,,,,,,,,,,,,,,,,,,,,,,,,,,,,,,,,,,,,,
2526731171,68,4,1,6,38,920raeoumft3q2wmvc296uceo,0,38.5,79.4,2023-04-01T16:22:20.811Z,2023-04-02T12:05:07Z,4153577477,152,,4153577535,233,57,4156124343,178,,4153577475,56,Back,4153577471,13,,4153577473,295,,4153577479,285,,,,,72xzl0yjdetvqp2n1pmzyqvze,A. Hosseinzadeh,,,,,,,,,,,,,,,,,,,,,,,,,,,,,,,,,,,,,,,,,
2526731373,58,1,1,7,0,2nhn3ikl1ciq34w3hcp883d6p,1,67.4,99.9,2023-04-01T16:22:43.226Z,2023-04-02T12:05:07Z,4153578589,189,,4156868231,1,,4153578579,141,12.0,4153578575,56,Right,4153578577,140,58.3,4153578583,213,4.6,4153578571,5,,4153578573,152,,9qm1adecprlczxw7ldbpvoi51,E. Jordanov,4153578581,212,60.5,,4156124371,178,,,,,,,,,,,,,,,,,,,,,,,,,,,,,,,,,,,
2526731445,59,1,1,7,3,2nhn3ikl1ciq34w3hcp883d6p,1,60,15.8,2023-04-01T16:22:46.108Z,2023-04-02T12:05:06Z,4153578885,1,,4156124405,178,,4153578875,56,Left,4153578877,140,84.0,4153578879,141,85.4,4153578883,213,1.1,4153578871,155,,4153578873,196,,7xs1rx9jos4ls85u362y9hqeh,N. Madsen,4153578881,212,53.6,,,,,,,,,,,,,,,,,,,,,,,,,,,,,,,,,,,,,,
2526731703,62,1,1,7,7,2nhn3ikl1ciq34w3hcp883d6p,1,80.6,82.1,2023-04-01T16:22:50.174Z,2023-04-02T12:05:05Z,4156124465,178,,4153580025,140,71.7,4153580027,141,81.8,4153580031,213,3.2,4153580029,212,9.3,4153580023,56,Left,,,,,,,9qm1adecprlczxw7ldbpvoi51,E. Jordanov,,,,,,,,,,,,,,,,,,,,,,,,,,,,,,,,,,,,,,,,,
2526731511,60,1,1,7,8,2nhn3ikl1ciq34w3hcp883d6p,1,73.8,85.1,2023-04-01T16:22:51.352Z,2023-04-02T12:05:05Z,4153579225,155,,4153581023,22,,4153579243,1,,4153581021,154,,4153579241,213,5.3,4155062655,72,,4156124513,178,,4155062653,224,,auqy1bigw2a1owxg441wojzyt,L. Van Eenoo,4153579221,2,,,4153579231,140,94.8,4153581019,210,4153579235,141,40.4,4153579229,56,4153579237,212,,,,,,1,16,Center,37.6,,,,,,,,,,,,,,,,
2526731513,61,16,1,7,11,2nhn3ikl1ciq34w3hcp883d6p,1,93.5,41.2,2023-04-01T16:22:53.989Z,2023-04-02T11:31:36Z,4153581111,103,24.1,4153581113,214,,4153580589,374,2023-04-01 17:22:53.157,4153581103,154,,4155063291,395,101.4,4155063293,396,47.1,4153581101,29,,4153580581,15,,8hl43dvm1d57g011yacyoooa1,M. Fixelles,4153581119,231,47.3,,4153580587,328,,4153581109,102,4153581099,81,,4153581105,55,4156124731,178,4156997875,17,,4153581115,230,,46.0,60,,97.8,4153579273,22,4153579277,56,Center,4153580593,375,07:10.422,,,,,,,
2526732205,69,1,1,8,14,920raeoumft3q2wmvc296uceo,1,50.1,49.9,2023-04-01T16:23:57.405Z,2023-04-02T04:53:47Z,4153582285,279,G,4153582275,212,11.8,4153582263,56,Back,4153582279,213,3.0,4156124797,178,,4153582271,141,52.8,4153582265,140,39.0,,,,dqazrm2wmu9zqpvp8xbeeb7jd,V. Bayo,,,,,,,,,,,,,,,,,,,,,,,,,,,,,,,,,,,,,,,,,
2526732221,70,1,1,8,16,920raeoumft3q2wmvc296uceo,1,41.7,50.8,2023-04-01T16:23:59.160Z,2023-04-02T12:05:04Z,4156124827,178,,4153582371,141,31.2,4153582373,212,13.3,4153582367,56,Back,4153582369,140,42.0,4153582375,213,4.7,,,,,,,8zz5lnxo7twq8ntb7e0qfvbv9,M. Ilaimaharitra,,,,,,,,,,,,,,,,,,,,,,,,,,,,,,,,,,,,,,,,,
2526732245,71,1,1,8,18,920raeoumft3q2wmvc296uceo,1,40.3,28,2023-04-01T16:24:00.819Z,2023-04-02T12:05:04Z,4153582525,141,19.7,4153582527,212,11.9,4156124899,178,,4153582529,213,3.6,4153582521,56,Back,4153582523,140,30.3,,,,,,,72xzl0yjdetvqp2n1pmzyqvze,A. Hosseinzadeh,,,,,,,,,,,,,,,,,,,,,,,,,,,,,,,,,,,,,,,,,
2526732285,72,1,1,8,20,920raeoumft3q2wmvc296uceo,1,25.8,18,2023-04-01T16:24:02.887Z,2023-04-02T12:05:03Z,4153582713,1,,4153582707,141,14.0,4153582711,213,6.2,4153582705,140,66.0,4153582701,157,,4153582703,56,Right,4156124945,178,,4153582709,212,42.3,ae26s08xs4l50sfm0r6jbsley,S. Andreou,,,,,,,,,,,,,,,,,,,,,,,,,,,,,,,,,,,,,,,,,
2526732299,73,1,1,8,23,920raeoumft3q2wmvc296uceo,1,60.8,5.4,2023-04-01T16:24:06.123Z,2023-04-02T12:05:03Z,4153582789,3,,4153582795,141,19.5,4153582797,212,13.2,4156125057,178,,4153582799,213,0.8,4153582791,56,Right,4153582793,140,69.5,,,,14xb29tv90y8uataijmh03rah,D. Heymans,,,,,,,,,,,,,,,,,,,,,,,,,,,,,,,,,,,,,,,,,
2526732317,74,1,1,8,24,920raeoumft3q2wmvc296uceo,1,64.2,17.3,2023-04-01T16:24:07.592Z,2023-04-02T12:05:03Z,4153582895,213,5.7,4153582889,140,75.9,4153582893,212,14.6,4153582887,56,Right,4156125179,178,,4153582891,141,5.8,,,,,,,dqazrm2wmu9zqpvp8xbeeb7jd,V. Bayo,,,,,,,,,,,,,,,,,,,,,,,,,,,,,,,,,,,,,,,,,
2526732351,75,1,1,8,27,920raeoumft3q2wmvc296uceo,1,78.5,1.6,2023-04-01T16:24:10.480Z,2023-04-02T12:05:02Z,4153583085,56,Right,4153583093,213,0.6,4153583087,140,89.7,4153583091,212,14.1,4153583089,141,13.1,4156125215,178,,,,,,,,14xb29tv90y8uataijmh03rah,D. Heymans,,,,,,,,,,,,,,,,,,,,,,,,,,,,,,,,,,,,,,,,,
2526732353,76,1,1,8,30,920raeoumft3q2wmvc296uceo,1,92,4,2023-04-01T16:24:13.167Z,2023-04-02T12:05:01Z,4153583101,140,77.2,4153583103,141,7.3,4153583105,212,15.7,4156125265,178,,4153583107,213,3.0,4153583099,56,Right,,,,,,,39bcswfqnpa07b4afevezejo4,J. Tchatchoua,,,,,,,,,,,,,,,,,,,,,,,,,,,,,,,,,,,,,,,,,
2526732359,77,1,1,8,31,920raeoumft3q2wmvc296uceo,0,86.4,0.6,2023-04-01T16:24:13.840Z,2023-04-02T12:05:01Z,4153583139,140,86.6,4153583143,212,27.2,4153583141,141,40.6,4153583145,213,1.6,4156125305,178,,4153583137,56,Center,,,,,,,14xb29tv90y8uataijmh03rah,D. Heymans,,,,,,,,,,,,,,,,,,,,,,,,,,,,,,,,,,,,,,,,,
2526732363,63,49,1,8,32,2nhn3ikl1ciq34w3hcp883d6p,1,14.5,66.1,2023-04-01T16:24:15.524Z,2023-04-02T12:05:00Z,,,,,,,,,,,,,,,,,,,,,,,,,auqy1bigw2a1owxg441wojzyt,L. Van Eenoo,,,,,,,,,,,,,,,,,,,,,,,,,,,,,,,,,,,,,,,,,
2526732369,64,1,1,8,32,2nhn3ikl1ciq34w3hcp883d6p,1,14.8,66.1,2023-04-01T16:24:15.548Z,2023-04-02T12:05:00Z,4153583161,56,Back,4153583167,212,18.0,4153583163,140,30.9,4156125421,178,,4153583169,213,5.9,4153583165,141,56.9,,,,,,,auqy1bigw2a1owxg441wojzyt,L. Van Eenoo,,,,,,,,,,,,,,,,,,,,,,,,,,,,,,,,,,,,,,,,,
2526732383,65,1,1,8,33,2nhn3ikl1ciq34w3hcp883d6p,1,26.4,67.2,2023-04-01T16:24:16.427Z,2023-04-02T12:05:00Z,4156125465,178,,4153583259,140,22.0,4153583265,213,3.8,4153583263,212,5.7,4153583261,141,62.4,4153583257,56,Back,,,,,,,12c7rhdjh6rja1d2j45n3exyi,K. Vaesen,,,,,,,,,,,,,,,,,,,,,,,,,,,,,,,,,,,,,,,,,
2526732403,66,1,1,8,34,2nhn3ikl1ciq34w3hcp883d6p,1,21,65.1,2023-04-01T16:24:17.083Z,2023-04-02T12:04:59Z,4153583383,141,83.6,4153583381,140,35.3,4153583379,56,Back,4153583387,213,0.7,4153583385,212,19.6,4156125531,178,,,,,,,,auqy1bigw2a1owxg441wojzyt,L. Van Eenoo,,,,,,,,,,,,,,,,,,,,,,,,,,,,,,,,,,,,,,,,,
2527204785,1037,43,1,8,37,920raeoumft3q2wmvc296uceo,1,0,0,2023-04-01T16:24:20.346Z,2023-04-02T08:58:36Z,4156438685,144,83,4156166701,399,465756,,,,,,,,,,,,,,,,,,,ae26s08xs4l50sfm0r6jbsley,S. Andreou,,,,,,,,,,,,,,,,,,,,,,,,,,,,,,,,,,,,,,,,,
2526732413,67,1,1,8,39,2nhn3ikl1ciq34w3hcp883d6p,0,49,70,2023-04-01T16:24:21.839Z,2023-04-02T12:04:58Z,4153583445,140,69.2,4153583449,212,30.9,4156125589,178,,4153583443,56,Center,4153583451,213,5.5,4153583447,141,36.9,,,,,,,dd711ekg0nlaosmsy2lz13syy,T. Van den Keybus,,,,,,,,,,,,,,,,,,,,,,,,,,,,,,,,,,,,,,,,,
2526732417,78,8,1,8,40,920raeoumft3q2wmvc296uceo,1,33.4,60,2023-04-01T16:24:23.719Z,2023-04-02T12:04:58Z,4153583457,56,Back,4156125663,389,,4155065191,385,,,,,,,,,,,,,,,,,3bhmh2ks5ma4rqda9zff6w251,S. Knežević,,,,,,,,,,,,,,,,,,,,,,,,,,,,,,,,,,,,,,,,,
2526732431,79,1,1,8,42,920raeoumft3q2wmvc296uceo,0,40.2,57.5,2023-04-01T16:24:24.815Z,2023-04-02T12:04:57Z,4153583515,56,Back,4156125709,388,,4153583517,140,35.1,4153583519,141,85.4,4153583523,213,1.8,4153583513,3,,4153583521,212,19.7,,,,5ecklu1u6t21rhh8fh4zoq2cq,A. Zorgane,,,,,,,,,,,,,,,,,,,,,,,,,,,,,,,,,,,,,,,,,
2526732419,68,8,1,8,42,2nhn3ikl1ciq34w3hcp883d6p,1,59.2,29.1,2023-04-01T16:24:25.524Z,2023-04-02T12:04:57Z,4153583463,56,Center,4155065417,383,,4156126169,178,,,,,,,,,,,,,,,,,8hl43dvm1d57g011yacyoooa1,M. Fixelles,,,,,,,,,,,,,,,,,,,,,,,,,,,,,,,,,,,,,,,,,
2526732473,69,1,1,8,47,2nhn3ikl1ciq34w3hcp883d6p,0,95.8,19.7,2023-04-01T16:24:30.602Z,2023-04-02T12:04:56Z,4153583735,155,,4155065729,225,,4153583737,56,Center,4155065731,387,,4155065733,20,,4153583733,2,,4153583745,213,1.5,4153583741,141,60.8,8hl43dvm1d57g011yacyoooa1,M. Fixelles,4153583739,140,98.0,,4153583743,212,28.0,4156126265,178,,,,,,,,,,,,,,,,,,,,,,,,,,,,,,,,
2526732491,80,12,1,8,49,920raeoumft3q2wmvc296uceo,1,10.7,49.3,2023-04-01T16:24:32.521Z,2023-04-02T12:04:56Z,4153583833,56,Back,4153583839,212,14.7,4153583841,213,3.7,4153583859,167,,4153583837,141,38.2,4153583835,140,0.0,4156126383,178,,,,,39bcswfqnpa07b4afevezejo4,J. Tchatchoua,,,,,,,,,,,,,,,,,,,,,,,,,,,,,,,,,,,,,,,,,
2526732485,70,6,1,8,50,2nhn3ikl1ciq34w3hcp883d6p,1,99.6,61.3,2023-04-01T16:24:33.398Z,2023-04-02T04:55:42Z,4153583797,73,,4153583795,56,Center,4153583875,233,81,,,,,,,,,,,,,,,,8hl43dvm1d57g011yacyoooa1,M. Fixelles,,,,,,,,,,,,,,,,,,,,,,,,,,,,,,,,,,,,,,,,,
2526732495,81,6,1,8,50,920raeoumft3q2wmvc296uceo,0,0.4,38.7,2023-04-01T16:24:33.398Z,2023-04-02T04:55:42Z,4153583851,56,Back,4153583883,233,70,4153583853,73,,,,,,,,,,,,,,,,,39bcswfqnpa07b4afevezejo4,J. Tchatchoua,,,,,,,,,,,,,,,,,,,,,,,,,,,,,,,,,,,,,,,,,
2526732961,71,1,1,9,37,2nhn3ikl1ciq34w3hcp883d6p,0,99.5,99.5,2023-04-01T16:25:20.615Z,2023-04-02T04:55:46Z,4153586123,155,,4153586137,1,,4153586121,6,,4156126531,178,,4153586135,213,4.6,4153586129,140,96.2,4153586119,2,,4155065999,20,,7xs1rx9jos4ls85u362y9hqeh,N. Madsen,4153586133,212,32.6,,4153586127,56,Center,4153586131,141,4153586125,223,,,,,,,,,,,,51.9,,,,,,,,,,,,,,,,,,
2526732981,82,12,1,9,39,920raeoumft3q2wmvc296uceo,1,1.2,44.2,2023-04-01T16:25:22.294Z,2023-04-02T12:04:55Z,4153586261,56,Back,4156126581,388,,4153586263,140,13.1,4153586269,213,5.8,4153586289,15,,4153586267,212,14.1,4153586265,141,34.6,,,,164kbzdgdvclxn5zikw5hug6i,V. Ozornwafor,,,,,,,,,,,,,,,,,,,,,,,,,,,,,,,,,,,,,,,,,
2527257049,1621,67,1,9,40,2nhn3ikl1ciq34w3hcp883d6p,1,88.6,68.9,2023-04-01T16:25:23.619Z,2023-04-02T11:44:04Z,4156442621,233,1587,,,,,,,,,,,,,,,,,,,,,,8hl43dvm1d57g011yacyoooa1,M. Fixelles,,,,,,,,,,,,,,,,,,,,,,,,,,,,,,,,,,,,,,,,,
2527257045,1587,67,1,9,40,920raeoumft3q2wmvc296uceo,0,11.4,31.1,2023-04-01T16:25:23.620Z,2023-04-02T11:44:04Z,4156442629,233,1621,,,,,,,,,,,,,,,,,,,,,,72xzl0yjdetvqp2n1pmzyqvze,A. Hosseinzadeh,,,,,,,,,,,,,,,,,,,,,,,,,,,,,,,,,,,,,,,,,
2526732979,72,1,1,9,40,2nhn3ikl1ciq34w3hcp883d6p,0,85.6,64.3,2023-04-01T16:25:23.676Z,2023-04-02T12:04:55Z,4153586247,140,92.8,4153586251,212,9.9,4153586253,213,5.6,4153586249,141,54.9,4156126677,178,,4153586243,56,Center,,,,,,,8hl43dvm1d57g011yacyoooa1,M. Fixelles,,,,,,,,,,,,,,,,,,,,,,,,,,,,,,,,,,,,,,,,,
2526733095,83,12,1,9,41,920raeoumft3q2wmvc296uceo,1,7.7,41.7,2023-04-01T16:25:24.709Z,2023-04-02T12:04:55Z,4153586835,140,58.4,4153586837,141,29.7,4153586839,212,53.9,4153586841,213,6.1,4156126825,178,,4153586833,56,Center,,,,,,,dqazrm2wmu9zqpvp8xbeeb7jd,V. Bayo,,,,,,,,,,,,,,,,,,,,,,,,,,,,,,,,,,,,,,,,,
2526733031,73,1,1,9,47,2nhn3ikl1ciq34w3hcp883d6p,1,42.9,73.1,2023-04-01T16:25:29.987Z,2023-04-02T12:04:54Z,4153586573,140,45.7,4153586571,56,Back,4153586577,212,4.2,4156126939,178,,4153586575,141,77.6,4153586579,213,0.8,,,,,,,6qlfe04qjldj3rkeeme6gdi39,S. Bolat,,,,,,,,,,,,,,,,,,,,,,,,,,,,,,,,,,,,,,,,,
2526733073,74,1,1,9,50,2nhn3ikl1ciq34w3hcp883d6p,1,46.7,86.2,2023-04-01T16:25:33.015Z,2023-04-02T12:04:53Z,4153586709,140,33.5,4153586715,213,4.1,4153586711,141,57.0,4153586707,56,Back,4156127007,178,,4153586713,212,24.2,,,,,,,auqy1bigw2a1owxg441wojzyt,L. Van Eenoo,,,,,,,,,,,,,,,,,,,,,,,,,,,,,,,,,,,,,,,,,
2526733103,75,1,1,9,52,2nhn3ikl1ciq34w3hcp883d6p,1,32.9,58.5,2023-04-01T16:25:35.422Z,2023-04-02T12:04:53Z,4153586879,141,67.5,4156127101,178,,4153586883,213,0.1,4153586873,155,,4153586881,212,43.9,4153586885,1,,4153586875,56,Center,4153586877,140,74.3,6qlfe04qjldj3rkeeme6gdi39,S. Bolat,,,,,,,,,,,,,,,,,,,,,,,,,,,,,,,,,,,,,,,,,
2526733105,76,44,1,9,55,2nhn3ikl1ciq34w3hcp883d6p,1,70.5,59.4,2023-04-01T16:25:38.415Z,2023-04-02T12:04:53Z,4153586893,56,Center,4153586895,286,,4153586905,233,84,,,,,,,,,,,,,,,,12c7rhdjh6rja1d2j45n3exyi,K. Vaesen,,,,,,,,,,,,,,,,,,,,,,,,,,,,,,,,,,,,,,,,,
2526733099,84,44,1,9,55,920raeoumft3q2wmvc296uceo,0,29.5,40.6,2023-04-01T16:25:38.416Z,2023-04-02T12:04:52Z,4153586909,233,76,4153586865,285,,4153586863,56,Back,,,,,,,,,,,,,,,,164kbzdgdvclxn5zikw5hug6i,V. Ozornwafor,,,,,,,,,,,,,,,,,,,,,,,,,,,,,,,,,,,,,,,,,
2526733135,77,1,1,9,55,2nhn3ikl1ciq34w3hcp883d6p,1,72.1,62.2,2023-04-01T16:25:38.467Z,2023-04-02T12:04:52Z,4153587025,140,84.5,4153588143,210,13,4153587027,141,73.0,4153587023,56,Center,4153587021,3,,4153587031,213,0.5,4153587029,212,14.9,4156127217,388,,12c7rhdjh6rja1d2j45n3exyi,K. Vaesen,,,,1,,,,,,,,,,,,,,,,,,,,,,,,,,,,,,,,,,,,,
2526733147,78,13,1,9,57,2nhn3ikl1ciq34w3hcp883d6p,1,84.1,72.1,2023-04-01T16:25:40.690Z,2023-04-02T12:04:51Z,4156127261,178,,4153588147,74,,4155067905,108,,4153587081,22,,4153588153,55,77,4155067903,215,,4153587085,64,,4153588157,102,49.4,f03fccqnepjczr841h0zqdeui,Y. Matsuo,4153587087,56,Center,,4153588159,103,65.3,4153588165,231,4153588163,230,93.3,4153587621,72,4153588149,29,4153588161,328,,,,,58.4,,,,,,,,,,,,,,,,,,
2526733171,79,5,1,9,59,2nhn3ikl1ciq34w3hcp883d6p,0,101,47,2023-04-01T16:25:42.367Z,2023-04-02T04:56:27Z,4153587283,233,85,4153587229,346,,4153587227,56,Center,,,,,,,,,,,,,,,,f03fccqnepjczr841h0zqdeui,Y. Matsuo,,,,,,,,,,,,,,,,,,,,,,,,,,,,,,,,,,,,,,,,,
2526733137,85,5,1,9,59,920raeoumft3q2wmvc296uceo,1,-1,53,2023-04-01T16:25:42.367Z,2023-04-02T04:56:27Z,4153587035,56,Back,4153587233,233,79,4153587037,346,,,,,,,,,,,,,,,,,164kbzdgdvclxn5zikw5hug6i,V. Ozornwafor,,,,,,,,,,,,,,,,,,,,,,,,,,,,,,,,,,,,,,,,,
2526733383,86,1,1,10,23,920raeoumft3q2wmvc296uceo,0,5.4,46.4,2023-04-01T16:26:05.926Z,2023-04-02T12:04:51Z,4153588523,141,30.9,4153588521,140,61.1,4153588529,1,,4153588519,56,Center,4153588517,124,,4153588527,213,6.1,4153588531,74,,4153588525,212,59.4,btyk45f7gmz3ck2dafpp22yg9,H. Koffi,,,,,,,,,,,,,,,,,,,,,,,,,,,,,,,,,,,,,,,,,
2526733397,80,1,1,10,27,2nhn3ikl1ciq34w3hcp883d6p,0,47.8,72.3,2023-04-01T16:26:09.830Z,2023-04-02T12:04:50Z,4156127389,178,,4153588607,3,,4153588611,140,63.7,4153588623,141,72.7,4153588625,212,16.7,4153588609,56,Center,4153588627,213,0.0,,,,auqy1bigw2a1owxg441wojzyt,L. Van Eenoo,,,,,,,,,,,,,,,,,,,,,,,,,,,,,,,,,,,,,,,,,
2526733427,87,1,1,10,28,920raeoumft3q2wmvc296uceo,0,35.4,31.2,2023-04-01T16:26:11.205Z,2023-04-02T12:04:50Z,4153588803,140,68.5,4153588799,157,,4153588801,56,Right,4153588809,213,5.7,4156127417,178,,4153588811,1,,4153588807,212,41.4,4153588805,141,0.0,164kbzdgdvclxn5zikw5hug6i,V. Ozornwafor,,,,,,,,,,,,,,,,,,,,,,,,,,,,,,,,,,,,,,,,,
2526733489,81,5,1,10,32,2nhn3ikl1ciq34w3hcp883d6p,1,32,102,2023-04-01T16:26:14.988Z,2023-04-02T04:56:41Z,4153589173,233,88,4153589157,56,Back,4153589159,347,,,,,,,,,,,,,,,,,auqy1bigw2a1owxg441wojzyt,L. Van Eenoo,,,,,,,,,,,,,,,,,,,,,,,,,,,,,,,,,,,,,,,,,
2526733429,88,5,1,10,32,920raeoumft3q2wmvc296uceo,0,68,-2,2023-04-01T16:26:14.988Z,2023-04-02T04:56:41Z,4153588813,56,Right,4153589177,233,81,4153588815,347,,,,,,,,,,,,,,,,,164kbzdgdvclxn5zikw5hug6i,V. Ozornwafor,,,,,,,,,,,,,,,,,,,,,,,,,,,,,,,,,,,,,,,,,
2526733503,82,1,1,10,43,2nhn3ikl1ciq34w3hcp883d6p,1,37.4,100,2023-04-01T16:26:25.982Z,2023-04-02T12:04:50Z,4153589257,56,Back,4153589255,107,,4153589261,141,89.6,4153589263,212,8.6,4153589265,213,4.9,4153589259,140,38.9,,,,,,,9qm1adecprlczxw7ldbpvoi51,E. Jordanov,,,,,,,,,,,,,,,,,,,,,,,,,,,,,,,,,,,,,,,,,
2526733535,83,1,1,10,44,2nhn3ikl1ciq34w3hcp883d6p,1,44.4,95.6,2023-04-01T16:26:26.767Z,2023-04-02T12:04:50Z,4153589431,56,Back,4153589433,140,34.1,4153589439,213,3.2,4153589437,212,10.8,4156127659,178,,4155068463,156,,4153589435,141,95.3,,,,12c7rhdjh6rja1d2j45n3exyi,K. Vaesen,,,,,,,,,,,,,,,,,,,,,,,,,,,,,,,,,,,,,,,,,
2526733537,84,1,1,10,46,2nhn3ikl1ciq34w3hcp883d6p,0,36.4,99.9,2023-04-01T16:26:28.962Z,2023-04-02T12:04:49Z,4153589571,286,,4153589477,213,4.7,4153589475,212,3.3,4156127795,178,,4153589473,141,95.0,4153589471,140,36.4,4153589565,236,,4153589567,233,89,9qm1adecprlczxw7ldbpvoi51,E. Jordanov,4153589467,56,Back,,,,,,,,,,,,,,,,,,,,,,,,,,,,,,,,,,,,,,
2526733551,89,74,1,10,46,920raeoumft3q2wmvc296uceo,1,63.9,0.9,2023-04-01T16:26:29.023Z,2023-04-02T12:04:48Z,4153589543,56,Right,4156127885,178,,4153589585,233,84,4153589545,285,,,,,,,,,,,,,,8zz5lnxo7twq8ntb7e0qfvbv9,M. Ilaimaharitra,,,,,,,,,,,,,,,,,,,,,,,,,,,,,,,,,,,,,,,,,
2526733585,85,5,1,10,47,2nhn3ikl1ciq34w3hcp883d6p,1,37.8,101.2,2023-04-01T16:26:29.834Z,2023-04-02T04:57:05Z,4153589801,233,90,4153589793,347,,4153589791,56,Back,,,,,,,,,,,,,,,,9qm1adecprlczxw7ldbpvoi51,E. Jordanov,,,,,,,,,,,,,,,,,,,,,,,,,,,,,,,,,,,,,,,,,
2526733561,90,5,1,10,47,920raeoumft3q2wmvc296uceo,0,62.2,-1.2,2023-04-01T16:26:29.834Z,2023-04-02T04:57:05Z,4153589809,233,85,4153589613,347,,4153589611,56,Right,,,,,,,,,,,,,,,,8zz5lnxo7twq8ntb7e0qfvbv9,M. Ilaimaharitra,,,,,,,,,,,,,,,,,,,,,,,,,,,,,,,,,,,,,,,,,
2526733593,86,1,1,10,52,2nhn3ikl1ciq34w3hcp883d6p,1,37.3,100,2023-04-01T16:26:35.726Z,2023-04-02T12:04:48Z,4153589843,107,,4153589849,141,87.2,4153589851,212,10.9,4153589847,140,32.5,4153589853,213,4.2,4153589845,56,Back,,,,,,,9qm1adecprlczxw7ldbpvoi51,E. Jordanov,,,,,,,,,,,,,,,,,,,,,,,,,,,,,,,,,,,,,,,,,
2526733619,87,1,1,10,53,2nhn3ikl1ciq34w3hcp883d6p,1,35.9,96.3,2023-04-01T16:26:36.480Z,2023-04-02T12:04:48Z,4153590021,155,,4153590023,56,Left,4153590029,212,26.3,4153590031,213,6.1,4153590027,141,87.8,4156128061,178,,4153590025,140,60.3,,,,auqy1bigw2a1owxg441wojzyt,L. Van Eenoo,,,,,,,,,,,,,,,,,,,,,,,,,,,,,,,,,,,,,,,,,
2526733727,88,3,1,10,56,2nhn3ikl1ciq34w3hcp883d6p,1,61.9,89.8,2023-04-01T16:26:39.276Z,2023-04-02T12:04:47Z,4153590581,286,,4156128193,178,,4155069119,464,,4153590579,56,Left,4153590641,233,91,4156128195,15,,,,,,,,dd711ekg0nlaosmsy2lz13syy,T. Van den Keybus,,,,,,,,,,,,,,,,,,,,,,,,,,,,,,,,,,,,,,,,,
2526733629,91,45,1,10,56,920raeoumft3q2wmvc296uceo,0,38.1,10.2,2023-04-01T16:26:39.276Z,2023-04-02T12:04:47Z,4153590071,285,,4153590069,56,Back,4153590649,233,88,,,,,,,,,,,,,,,,164kbzdgdvclxn5zikw5hug6i,V. Ozornwafor,,,,,,,,,,,,,,,,,,,,,,,,,,,,,,,,,,,,,,,,,
2526733751,90,61,1,10,59,2nhn3ikl1ciq34w3hcp883d6p,0,80.1,81.4,2023-04-01T16:26:42.498Z,2023-04-02T12:04:47Z,4153590729,56,Left,4156128437,178,,,,,,,,,,,,,,,,,,,,dd711ekg0nlaosmsy2lz13syy,T. Van den Keybus,,,,,,,,,,,,,,,,,,,,,,,,,,,,,,,,,,,,,,,,,
2526733713,92,4,1,11,0,920raeoumft3q2wmvc296uceo,1,15,22.9,2023-04-01T16:26:43.355Z,2023-04-02T12:04:47Z,4153590503,152,,4153590501,56,Back,4153590497,13,,4153590677,233,89,4153590499,294,,4153590505,285,,,,,,,,3bhmh2ks5ma4rqda9zff6w251,S. Knežević,,,,,,,,,,,,,,,,,,,,,,,,,,,,,,,,,,,,,,,,,
2526733733,89,4,1,11,0,2nhn3ikl1ciq34w3hcp883d6p,0,85,77.1,2023-04-01T16:26:43.356Z,2023-04-02T12:04:46Z,4153590629,152,,4153590623,13,,4153590625,294,,4153590627,56,Center,4153590631,286,,4153590721,233,92,4156128513,178,,,,,dd711ekg0nlaosmsy2lz13syy,T. Van den Keybus,,,,,,,,,,,,,,,,,,,,,,,,,,,,,,,,,,,,,,,,,
2526734009,93,1,1,11,25,920raeoumft3q2wmvc296uceo,1,13.8,18.9,2023-04-01T16:27:08.623Z,2023-04-02T12:04:45Z,4153592091,56,Center,4153592093,140,67.4,4153592087,157,,4153592085,5,,4153592097,212,57.0,4153592095,141,32.5,4156128753,178,,4153592105,1,,btyk45f7gmz3ck2dafpp22yg9,H. Koffi,4153592099,213,0.2,,4153592089,152,,,,,,,,,,,,,,,,,,,,,,,,,,,,,,,,,,,
2526734015,94,44,1,11,29,920raeoumft3q2wmvc296uceo,1,63.5,21.7,2023-04-01T16:27:12.213Z,2023-04-02T12:04:45Z,4153592135,286,,4153592133,56,Center,4153592157,233,91,,,,,,,,,,,,,,,,14xb29tv90y8uataijmh03rah,D. Heymans,,,,,,,,,,,,,,,,,,,,,,,,,,,,,,,,,,,,,,,,,
2526734005,91,44,1,11,29,2nhn3ikl1ciq34w3hcp883d6p,0,36.5,78.3,2023-04-01T16:27:12.214Z,2023-04-02T12:04:45Z,4153592163,233,94,4153592067,285,,4153592065,56,Back,,,,,,,,,,,,,,,,9kywhmzih4xhuz5d1rrxjcpd6,R. Tagir,,,,,,,,,,,,,,,,,,,,,,,,,,,,,,,,,,,,,,,,,
2526734043,95,1,1,11,29,920raeoumft3q2wmvc296uceo,1,62,24.9,2023-04-01T16:27:12.254Z,2023-04-02T12:04:45Z,4153592265,140,73.2,4153592259,3,,4153592267,141,28.5,4156128901,388,,4153592261,168,,4153592263,56,Center,4153592271,213,0.2,4153592269,212,12.0,14xb29tv90y8uataijmh03rah,D. Heymans,,,,,,,,,,,,,,,,,,,,,,,,,,,,,,,,,,,,,,,,,
2526734057,96,1,1,11,31,920raeoumft3q2wmvc296uceo,0,67.5,19,2023-04-01T16:27:13.893Z,2023-04-02T12:04:44Z,4153592335,3,,4153592353,213,0.8,4153592347,141,43.6,4153592351,212,22.8,4153592343,140,82.3,4153592339,56,Center,4156128997,388,,,,,72xzl0yjdetvqp2n1pmzyqvze,A. Hosseinzadeh,,,,,,,,,,,,,,,,,,,,,,,,,,,,,,,,,,,,,,,,,
2526734079,92,1,1,11,33,2nhn3ikl1ciq34w3hcp883d6p,1,20.8,54.7,2023-04-01T16:27:16.254Z,2023-04-02T12:04:44Z,4153592449,56,Back,4153592455,212,11.1,4153592457,213,3.3,4156129051,178,,4153592451,140,10.3,4153592447,3,,4153592453,141,52.8,,,,5ujoracvgg00kzd0a8rh8oa1h,R. Neustädter,,,,,,,,,,,,,,,,,,,,,,,,,,,,,,,,,,,,,,,,,
2526734083,93,52,1,11,34,2nhn3ikl1ciq34w3hcp883d6p,1,9.6,50.2,2023-04-01T16:27:17.525Z,2023-04-02T12:04:43Z,4156129089,178,,4155070497,377,,,,,,,,,,,,,,,,,,,,6qlfe04qjldj3rkeeme6gdi39,S. Bolat,,,,,,,,,,,,,,,,,,,,,,,,,,,,,,,,,,,,,,,,,
2526734091,94,1,1,11,35,2nhn3ikl1ciq34w3hcp883d6p,1,9.9,48.6,2023-04-01T16:27:18.664Z,2023-04-02T12:04:43Z,4153592531,213,5.3,4153592527,141,18.5,4153592525,140,22.0,4153592523,56,Back,4153592521,123,,4156129117,178,,4153592529,212,24.1,4153592551,287,,6qlfe04qjldj3rkeeme6gdi39,S. Bolat,,,,,,,,,,,,,,,,,,,,,,,,,,,,,,,,,,,,,,,,,
2526734189,95,1,1,11,42,2nhn3ikl1ciq34w3hcp883d6p,1,29.3,13.3,2023-04-01T16:27:24.782Z,2023-04-02T12:04:41Z,4153593039,140,18.7,4153593043,212,18.1,4153593041,141,34.2,4156129149,178,,4153593045,213,2.2,4153593037,56,Back,,,,,,,8hl43dvm1d57g011yacyoooa1,M. Fixelles,,,,,,,,,,,,,,,,,,,,,,,,,,,,,,,,,,,,,,,,,
2526734233,96,1,1,11,44,2nhn3ikl1ciq34w3hcp883d6p,1,20.9,27,2023-04-01T16:27:27.478Z,2023-04-02T12:04:41Z,4157207555,1,,4153593267,141,76.9,4156129211,178,,4153593271,213,1.5,4153593265,140,23.7,4153593263,56,Back,4153593269,212,34.1,,,,5ujoracvgg00kzd0a8rh8oa1h,R. Neustädter,,,,,,,,,,,,,,,,,,,,,,,,,,,,,,,,,,,,,,,,,
2526734281,97,1,1,11,49,2nhn3ikl1ciq34w3hcp883d6p,1,24.9,85.6,2023-04-01T16:27:32.293Z,2023-04-02T12:04:39Z,4153593519,212,25.5,4153593513,56,Back,4153593521,213,4.3,4156129267,178,,4153593515,140,14.3,4153593517,141,51.9,,,,,,,9kywhmzih4xhuz5d1rrxjcpd6,R. Tagir,,,,,,,,,,,,,,,,,,,,,,,,,,,,,,,,,,,,,,,,,
2526734307,98,1,1,11,54,2nhn3ikl1ciq34w3hcp883d6p,1,15.9,43.3,2023-04-01T16:27:37.493Z,2023-04-02T12:04:37Z,4153593679,213,6.0,4153593675,141,40.9,4153593673,140,21.7,4153593671,56,Back,4153593677,212,6.3,4156129307,178,,,,,,,,6qlfe04qjldj3rkeeme6gdi39,S. Bolat,,,,,,,,,,,,,,,,,,,,,,,,,,,,,,,,,,,,,,,,,
2526734335,99,1,1,11,56,2nhn3ikl1ciq34w3hcp883d6p,1,22,38.3,2023-04-01T16:27:39.694Z,2023-04-02T12:04:37Z,4156129347,178,,4153593859,141,65.4,4153593857,140,23.6,4153593863,213,1.5,4153593855,56,Back,4153593861,212,18.5,,,,,,,5ujoracvgg00kzd0a8rh8oa1h,R. Neustädter,,,,,,,,,,,,,,,,,,,,,,,,,,,,,,,,,,,,,,,,,
2526734357,100,1,1,11,59,2nhn3ikl1ciq34w3hcp883d6p,1,19,77,2023-04-01T16:27:42.493Z,2023-04-02T12:04:36Z,4153594009,141,53.4,4153594011,212,17.4,4156129407,178,,4153594007,140,12.5,4153594013,213,4.3,4153594005,56,Back,,,,,,,9kywhmzih4xhuz5d1rrxjcpd6,R. Tagir,,,,,,,,,,,,,,,,,,,,,,,,,,,,,,,,,,,,,,,,,
2526734389,101,1,1,12,2,2nhn3ikl1ciq34w3hcp883d6p,1,13.4,48.4,2023-04-01T16:27:45.678Z,2023-04-02T12:04:35Z,4153594195,140,21.3,4153594197,141,78.7,4153594201,213,1.2,4153594199,212,22.2,4156129447,178,,4153594193,56,Back,,,,,,,6qlfe04qjldj3rkeeme6gdi39,S. Bolat,,,,,,,,,,,,,,,,,,,,,,,,,,,,,,,,,,,,,,,,,
2526734423,102,1,1,12,6,2nhn3ikl1ciq34w3hcp883d6p,1,20.8,89.7,2023-04-01T16:27:49.446Z,2023-04-02T12:04:34Z,4153594393,212,12.9,4153594387,56,Back,4156129507,178,,4153594391,141,96.6,4153594395,213,0.4,4153594389,140,32.2,,,,,,,9kywhmzih4xhuz5d1rrxjcpd6,R. Tagir,,,,,,,,,,,,,,,,,,,,,,,,,,,,,,,,,,,,,,,,,
2526734449,103,1,1,12,8,2nhn3ikl1ciq34w3hcp883d6p,0,26.9,97.7,2023-04-01T16:27:51.527Z,2023-04-02T12:04:34Z,4153594519,1,,4153594511,140,60.0,4153594507,155,,4153594513,141,60.6,4153594509,56,Center,4153594515,212,42.9,4153594517,213,5.7,4156129571,178,,9qm1adecprlczxw7ldbpvoi51,E. Jordanov,,,,,,,,,,,,,,,,,,,,,,,,,,,,,,,,,,,,,,,,,
2526734463,97,49,1,12,11,920raeoumft3q2wmvc296uceo,1,40.5,35.7,2023-04-01T16:27:53.893Z,2023-04-02T12:04:33Z,,,,,,,,,,,,,,,,,,,,,,,,,3bhmh2ks5ma4rqda9zff6w251,S. Knežević,,,,,,,,,,,,,,,,,,,,,,,,,,,,,,,,,,,,,,,,,
2526734503,98,1,1,12,15,920raeoumft3q2wmvc296uceo,1,39.3,43,2023-04-01T16:27:58.601Z,2023-04-02T12:04:32Z,4153594785,56,Back,4153594793,213,4.2,4153594787,140,34.3,4153594791,212,10.3,4153594789,141,30.0,4156129761,178,,,,,,,,3bhmh2ks5ma4rqda9zff6w251,S. Knežević,,,,,,,,,,,,,,,,,,,,,,,,,,,,,,,,,,,,,,,,,
2526734583,99,1,1,12,17,920raeoumft3q2wmvc296uceo,1,30.9,32.4,2023-04-01T16:27:59.749Z,2023-04-02T12:04:31Z,4156130063,178,,4153595131,141,82.4,4153595127,56,Back,4153595133,212,34.2,4153595137,1,,4153595129,140,34.8,4153595135,213,1.5,,,,164kbzdgdvclxn5zikw5hug6i,V. Ozornwafor,,,,,,,,,,,,,,,,,,,,,,,,,,,,,,,,,,,,,,,,,
2526734611,100,1,1,12,24,920raeoumft3q2wmvc296uceo,1,33.6,79.2,2023-04-01T16:28:07.263Z,2023-04-02T12:04:29Z,4153595275,141,65.2,4156130147,178,,4153595277,212,13.7,4153595279,213,5.5,4153595273,140,43.0,4153595271,56,Back,,,,,,,87d73x3gkomc4soukr5uweqc5,I. Mbenza,,,,,,,,,,,,,,,,,,,,,,,,,,,,,,,,,,,,,,,,,
2526734619,101,1,1,12,26,920raeoumft3q2wmvc296uceo,0,45.9,67.2,2023-04-01T16:28:08.863Z,2023-04-02T12:04:29Z,4153595329,56,Back,4153595335,212,8.0,4153595331,140,42.6,4153595337,213,2.0,4156130191,178,,4153595333,141,77.8,,,,,,,14xb29tv90y8uataijmh03rah,D. Heymans,,,,,,,,,,,,,,,,,,,,,,,,,,,,,,,,,,,,,,,,,
2526734623,104,1,1,12,26,2nhn3ikl1ciq34w3hcp883d6p,0,53,27.7,2023-04-01T16:28:09.429Z,2023-04-02T12:04:29Z,4153595365,212,10.7,4153595363,141,16.5,4156130241,178,,4153595367,213,5.5,4153595361,140,60.1,4153595359,56,Right,,,,,,,dd711ekg0nlaosmsy2lz13syy,T. Van den Keybus,,,,,,,,,,,,,,,,,,,,,,,,,,,,,,,,,,,,,,,,,
2526734667,103,1,1,12,28,920raeoumft3q2wmvc296uceo,1,43.9,89.5,2023-04-01T16:28:10.854Z,2023-04-02T12:04:28Z,4153595559,212,11.1,4153595553,56,Back,4153595555,140,44.3,4156130291,178,,4153595561,213,4.8,4153595557,141,73.2,,,,,,,5ecklu1u6t21rhh8fh4zoq2cq,A. Zorgane,,,,,,,,,,,,,,,,,,,,,,,,,,,,,,,,,,,,,,,,,
2526734633,102,43,1,12,28,920raeoumft3q2wmvc296uceo,1,0,0,2023-04-01T16:28:11.025Z,2023-04-01T17:13:40Z,4153797627,144,1,4153595417,56,Back,4153595425,213,1.6,4153595423,212,9.1,4153595421,141,91.2,4153595419,140,42.5,,,,,,,8zz5lnxo7twq8ntb7e0qfvbv9,M. Ilaimaharitra,,,,,,,,,,,,,,,,,,,,,,,,,,,,,,,,,,,,,,,,,
2527205933,1146,83,1,12,30,2nhn3ikl1ciq34w3hcp883d6p,1,57.2,25.8,2023-04-01T16:28:13.131Z,2023-04-02T12:04:27Z,4156172557,399,173906,,,,,,,,,,,,,,,,,,,,,,dd711ekg0nlaosmsy2lz13syy,T. Van den Keybus,,,,,,,,,,,,,,,,,,,,,,,,,,,,,,,,,,,,,,,,,
2526734671,104,61,1,12,30,920raeoumft3q2wmvc296uceo,1,42.6,73.9,2023-04-01T16:28:13.165Z,2023-04-02T12:04:27Z,4156130435,178,,4153595569,56,Back,,,,,,,,,,,,,,,,,,,8zz5lnxo7twq8ntb7e0qfvbv9,M. Ilaimaharitra,,,,,,,,,,,,,,,,,,,,,,,,,,,,,,,,,,,,,,,,,
2526734653,105,43,1,12,30,2nhn3ikl1ciq34w3hcp883d6p,1,0,0,2023-04-01T16:28:13.680Z,2023-04-01T16:28:15Z,4153595505,56,Center,4153595589,144,45,4153595507,285,0,,,,,,,,,,,,,,,,dd711ekg0nlaosmsy2lz13syy,T. Van den Keybus,,,,,,,,,,,,,,,,,,,,,,,,,,,,,,,,,,,,,,,,,
2526734729,105,1,1,12,32,920raeoumft3q2wmvc296uceo,0,46,65.8,2023-04-01T16:28:15.456Z,2023-04-02T12:04:26Z,4153595859,213,5.3,4153595851,56,Right,4153595847,155,,4153595853,140,75.8,4153595855,141,0.0,4153595861,1,,4153595849,196,,4153595857,212,55.2,5ecklu1u6t21rhh8fh4zoq2cq,A. Zorgane,4156130797,178,,,,,,,,,,,,,,,,,,,,,,,,,,,,,,,,,,,,,,,
2526734735,106,5,1,12,36,920raeoumft3q2wmvc296uceo,0,74.2,-1.6,2023-04-01T16:28:19.637Z,2023-04-02T05:00:09Z,4153596407,233,106,4153595875,347,,4153595873,56,Right,,,,,,,,,,,,,,,,39bcswfqnpa07b4afevezejo4,J. Tchatchoua,,,,,,,,,,,,,,,,,,,,,,,,,,,,,,,,,,,,,,,,,
2526734825,106,5,1,12,36,2nhn3ikl1ciq34w3hcp883d6p,1,25.8,101.6,2023-04-01T16:28:19.637Z,2023-04-02T05:00:09Z,4153596377,347,,4153596379,233,106,4153596375,56,Back,,,,,,,,,,,,,,,,9qm1adecprlczxw7ldbpvoi51,E. Jordanov,,,,,,,,,,,,,,,,,,,,,,,,,,,,,,,,,,,,,,,,,
2526734845,107,1,1,12,50,2nhn3ikl1ciq34w3hcp883d6p,1,25.7,100,2023-04-01T16:28:33.486Z,2023-04-02T12:04:25Z,4153596485,141,90.6,4153596487,212,10.8,4153596479,107,,4153596489,213,5.5,4153596481,56,Back,4153596483,140,33.3,,,,,,,9qm1adecprlczxw7ldbpvoi51,E. Jordanov,,,,,,,,,,,,,,,,,,,,,,,,,,,,,,,,,,,,,,,,,
2526734863,108,1,1,12,51,2nhn3ikl1ciq34w3hcp883d6p,1,30.7,98.3,2023-04-01T16:28:34.706Z,2023-04-02T12:04:25Z,4153596595,213,4.0,4153596589,140,28.7,4156131043,178,,4153596593,212,3.1,4153596587,56,Back,4153596591,141,95.0,,,,,,,auqy1bigw2a1owxg441wojzyt,L. Van Eenoo,,,,,,,,,,,,,,,,,,,,,,,,,,,,,,,,,,,,,,,,,
2526734877,109,1,1,12,54,2nhn3ikl1ciq34w3hcp883d6p,1,20.8,99.9,2023-04-01T16:28:37.350Z,2023-04-02T12:04:24Z,4153596645,141,90.8,4156131111,178,,4153596647,212,7.2,4153596649,213,4.2,4153596643,140,17.3,4153596641,56,Back,,,,,,,9qm1adecprlczxw7ldbpvoi51,E. Jordanov,,,,,,,,,,,,,,,,,,,,,,,,,,,,,,,,,,,,,,,,,
2526734899,110,1,1,12,56,2nhn3ikl1ciq34w3hcp883d6p,0,15.9,99.9,2023-04-01T16:28:38.953Z,2023-04-02T12:04:23Z,4153596767,140,38.2,4153596765,56,Back,4153596773,213,6.2,4153596771,212,23.6,4153596769,141,96.0,4156131153,178,,,,,,,,9kywhmzih4xhuz5d1rrxjcpd6,R. Tagir,,,,,,,,,,,,,,,,,,,,,,,,,,,,,,,,,,,,,,,,,
2526734931,107,1,1,12,57,920raeoumft3q2wmvc296uceo,0,61.2,1.5,2023-04-01T16:28:40.359Z,2023-04-02T12:04:23Z,4156131267,178,,4153596937,141,28.2,4153596933,56,Center,4153596941,213,0.7,4153596939,212,28.5,4153596935,140,82.1,,,,,,,ae26s08xs4l50sfm0r6jbsley,S. Andreou,,,,,,,,,,,,,,,,,,,,,,,,,,,,,,,,,,,,,,,,,
2526734963,111,1,1,13,1,2nhn3ikl1ciq34w3hcp883d6p,1,17.4,70.5,2023-04-01T16:28:44.373Z,2023-04-02T12:04:22Z,4153597153,141,40.3,4153597151,140,30.0,4156131297,178,,4153597157,213,5.3,4153597155,212,24.4,4153597149,56,Back,,,,,,,5ujoracvgg00kzd0a8rh8oa1h,R. Neustädter,,,,,,,,,,,,,,,,,,,,,,,,,,,,,,,,,,,,,,,,,
2526734999,112,1,1,13,5,2nhn3ikl1ciq34w3hcp883d6p,1,39.8,37.7,2023-04-01T16:28:48.166Z,2023-04-02T12:04:21Z,4153597349,141,8.2,4153597345,56,Right,4153597351,212,24.6,4153597347,140,53.3,4156131347,178,,4153597353,213,5.3,,,,,,,8hl43dvm1d57g011yacyoooa1,M. Fixelles,,,,,,,,,,,,,,,,,,,,,,,,,,,,,,,,,,,,,,,,,
2526735011,113,1,1,13,10,2nhn3ikl1ciq34w3hcp883d6p,1,58.2,7.3,2023-04-01T16:28:53.187Z,2023-04-02T12:04:20Z,4153597437,212,12.5,4156131405,178,,4153597435,141,25.6,4153597431,56,Center,4153597433,140,58.9,4153597439,213,1.5,,,,,,,e2z19y8is5m24brpa3gzn02qx,B. Reynolds,,,,,,,,,,,,,,,,,,,,,,,,,,,,,,,,,,,,,,,,,
2526735035,114,1,1,13,11,2nhn3ikl1ciq34w3hcp883d6p,1,57.8,21.3,2023-04-01T16:28:54.134Z,2023-04-02T12:04:20Z,4153597565,141,9.2,4153597569,213,4.9,4153597567,212,8.4,4153597561,56,Right,4156131445,178,,4153597563,140,59.2,,,,,,,7xs1rx9jos4ls85u362y9hqeh,N. Madsen,,,,,,,,,,,,,,,,,,,,,,,,,,,,,,,,,,,,,,,,,
2526735067,115,1,1,13,14,2nhn3ikl1ciq34w3hcp883d6p,1,62.8,4.1,2023-04-01T16:28:57.405Z,2023-04-02T12:04:19Z,4153597761,141,16.1,4153597763,212,28.1,4156131481,178,,4153597757,56,Right,4153597759,140,88.4,4153597765,213,0.3,,,,,,,e2z19y8is5m24brpa3gzn02qx,B. Reynolds,,,,,,,,,,,,,,,,,,,,,,,,,,,,,,,,,,,,,,,,,
2526735073,116,1,1,13,17,2nhn3ikl1ciq34w3hcp883d6p,0,83.6,9.8,2023-04-01T16:28:59.799Z,2023-04-02T12:04:18Z,4153597799,212,5.5,4153597801,213,1.1,4153597793,56,Right,4156131517,178,,4153597795,140,86.0,4153597797,141,17.0,,,,,,,12c7rhdjh6rja1d2j45n3exyi,K. Vaesen,,,,,,,,,,,,,,,,,,,,,,,,,,,,,,,,,,,,,,,,,
2526735095,108,49,1,13,18,920raeoumft3q2wmvc296uceo,1,12.6,85.3,2023-04-01T16:29:00.976Z,2023-04-02T12:04:18Z,,,,,,,,,,,,,,,,,,,,,,,,,164kbzdgdvclxn5zikw5hug6i,V. Ozornwafor,,,,,,,,,,,,,,,,,,,,,,,,,,,,,,,,,,,,,,,,,
2526735117,109,1,1,13,18,920raeoumft3q2wmvc296uceo,1,12.9,83.5,2023-04-01T16:29:01.471Z,2023-04-02T12:04:17Z,4153597949,141,85.4,4153597945,56,Back,4153597951,212,9.6,4153597947,140,22.0,4153597953,213,0.1,4156131687,178,,,,,,,,164kbzdgdvclxn5zikw5hug6i,V. Ozornwafor,,,,,,,,,,,,,,,,,,,,,,,,,,,,,,,,,,,,,,,,,
2526735169,110,1,1,13,21,920raeoumft3q2wmvc296uceo,1,27,89.4,2023-04-01T16:29:04.166Z,2023-04-02T12:04:16Z,4153598201,212,13.2,4153598199,141,71.5,4153598203,213,5.1,4156131743,178,,4153598195,56,Back,4153598197,140,31.8,,,,,,,5ecklu1u6t21rhh8fh4zoq2cq,A. Zorgane,,,,,,,,,,,,,,,,,,,,,,,,,,,,,,,,,,,,,,,,,
2526735221,111,1,1,13,25,920raeoumft3q2wmvc296uceo,1,26.3,60.3,2023-04-01T16:29:08.552Z,2023-04-02T12:04:14Z,4153598457,213,0.1,4156131777,178,,4153598449,56,Back,4153598455,212,7.8,4153598451,140,33.6,4153598453,141,62.0,,,,,,,8zz5lnxo7twq8ntb7e0qfvbv9,M. Ilaimaharitra,,,,,,,,,,,,,,,,,,,,,,,,,,,,,,,,,,,,,,,,,
2526735243,112,1,1,13,30,920raeoumft3q2wmvc296uceo,1,50.5,78.3,2023-04-01T16:29:13.508Z,2023-04-02T12:04:12Z,4153598617,56,Left,4156131833,178,,4153598625,213,1.1,4153598623,212,13.1,4153598621,141,95.4,4153598619,140,56.3,,,,,,,72xzl0yjdetvqp2n1pmzyqvze,A. Hosseinzadeh,,,,,,,,,,,,,,,,,,,,,,,,,,,,,,,,,,,,,,,,,
2526735273,113,1,1,13,34,920raeoumft3q2wmvc296uceo,1,59.7,96.3,2023-04-01T16:29:16.942Z,2023-04-02T12:04:11Z,4156132189,178,,4153598835,213,6.1,4153598829,140,79.3,4153598827,56,Left,4153598831,141,91.8,4153598833,212,20.8,,,,,,,5ecklu1u6t21rhh8fh4zoq2cq,A. Zorgane,,,,,,,,,,,,,,,,,,,,,,,,,,,,,,,,,,,,,,,,,
2526735307,114,1,1,13,39,920raeoumft3q2wmvc296uceo,1,80.8,99.6,2023-04-01T16:29:21.984Z,2023-04-02T12:04:10Z,4153599021,212,17.0,4156132257,178,,4153599023,213,5.7,4153599019,141,85.6,4153599017,140,94.2,4153599015,56,Left,,,,,,,72xzl0yjdetvqp2n1pmzyqvze,A. Hosseinzadeh,,,,,,,,,,,,,,,,,,,,,,,,,,,,,,,,,,,,,,,,,
2526735315,115,1,1,13,43,920raeoumft3q2wmvc296uceo,1,94.9,80.2,2023-04-01T16:29:25.987Z,2023-04-02T12:04:08Z,4153599057,140,87.0,4153599063,213,4.1,4153599061,212,14.4,4153599055,56,Center,4156132347,178,,4153599059,141,62.9,,,,,,,5ecklu1u6t21rhh8fh4zoq2cq,A. Zorgane,,,,,,,,,,,,,,,,,,,,,,,,,,,,,,,,,,,,,,,,,
2526735321,116,3,1,13,45,920raeoumft3q2wmvc296uceo,0,84.1,57.4,2023-04-01T16:29:27.799Z,2023-04-02T12:04:08Z,4153599069,286,,4153599067,56,Center,4155108357,464,,4156132397,178,,4153599139,233,117,,,,,,,,,,dqazrm2wmu9zqpvp8xbeeb7jd,V. Bayo,,,,,,,,,,,,,,,,,,,,,,,,,,,,,,,,,,,,,,,,,
2526735325,117,7,1,13,45,2nhn3ikl1ciq34w3hcp883d6p,0,15.9,42.6,2023-04-01T16:29:27.800Z,2023-04-02T12:04:07Z,4155108287,385,,4153599085,56,Back,4153599087,285,,4153599127,233,116,4156132439,178,,,,,,,,,,,f03fccqnepjczr841h0zqdeui,Y. Matsuo,,,,,,,,,,,,,,,,,,,,,,,,,,,,,,,,,,,,,,,,,
2526735327,117,61,1,13,45,920raeoumft3q2wmvc296uceo,1,83.7,59.6,2023-04-01T16:29:27.863Z,2023-04-02T12:04:07Z,4153599089,56,Center,4156132479,178,,,,,,,,,,,,,,,,,,,,dqazrm2wmu9zqpvp8xbeeb7jd,V. Bayo,,,,,,,,,,,,,,,,,,,,,,,,,,,,,,,,,,,,,,,,,
2526735345,118,49,1,13,46,2nhn3ikl1ciq34w3hcp883d6p,1,12.9,50.4,2023-04-01T16:29:29.558Z,2023-04-02T12:04:07Z,,,,,,,,,,,,,,,,,,,,,,,,,auqy1bigw2a1owxg441wojzyt,L. Van Eenoo,,,,,,,,,,,,,,,,,,,,,,,,,,,,,,,,,,,,,,,,,
2526735367,119,1,1,13,46,2nhn3ikl1ciq34w3hcp883d6p,0,13,50.4,2023-04-01T16:29:29.607Z,2023-04-02T12:04:06Z,4156132597,178,,4153599337,213,6.2,4153599329,56,Back,4153599335,212,32.1,4153599333,141,46.3,4157203327,1,,4153599331,140,43.5,,,,auqy1bigw2a1owxg441wojzyt,L. Van Eenoo,,,,,,,,,,,,,,,,,,,,,,,,,,,,,,,,,,,,,,,,,
2526735373,120,43,1,13,51,2nhn3ikl1ciq34w3hcp883d6p,1,0,0,2023-04-01T16:29:33.743Z,2023-04-01T16:29:47Z,4153599363,56,Back,4153599921,144,61,,,,,,,,,,,,,,,,,,,12c7rhdjh6rja1d2j45n3exyi,K. Vaesen,,,,,,,,,,,,,,,,,,,,,,,,,,,,,,,,,,,,,,,,,
2526735429,118,49,1,13,52,920raeoumft3q2wmvc296uceo,1,34.2,39.5,2023-04-01T16:29:35.327Z,2023-04-02T12:04:06Z,,,,,,,,,,,,,,,,,,,,,,,,,btyk45f7gmz3ck2dafpp22yg9,H. Koffi,,,,,,,,,,,,,,,,,,,,,,,,,,,,,,,,,,,,,,,,,
2526735441,119,1,1,13,52,920raeoumft3q2wmvc296uceo,1,34.3,39.7,2023-04-01T16:29:35.371Z,2023-04-02T12:04:06Z,4153599639,141,64.8,4153599643,213,1.3,4153599635,56,Back,4153599641,212,18.0,4156132863,178,,4153599637,140,39.6,,,,,,,btyk45f7gmz3ck2dafpp22yg9,H. Koffi,,,,,,,,,,,,,,,,,,,,,,,,,,,,,,,,,,,,,,,,,
2526735463,120,43,1,14,0,920raeoumft3q2wmvc296uceo,1,0,0,2023-04-01T16:29:42.897Z,2023-04-01T22:28:22Z,4153599755,213,4.3,4153599749,140,36.3,4155110049,144,1,4153599747,56,Back,4153599751,141,49.9,4153599753,212,12.7,,,,,,,3bhmh2ks5ma4rqda9zff6w251,S. Knežević,,,,,,,,,,,,,,,,,,,,,,,,,,,,,,,,,,,,,,,,,
2526735469,121,43,1,14,1,920raeoumft3q2wmvc296uceo,1,0,0,2023-04-01T16:29:43.761Z,2023-04-01T22:28:19Z,4153599793,213,1.3,4153599787,140,39.6,4155109909,144,1,4153599791,212,12.7,4153599785,56,Back,4153599789,141,67.8,,,,,,,164kbzdgdvclxn5zikw5hug6i,V. Ozornwafor,,,,,,,,,,,,,,,,,,,,,,,,,,,,,,,,,,,,,,,,,
2526735557,122,1,1,14,1,920raeoumft3q2wmvc296uceo,1,46.3,70.5,2023-04-01T16:29:44.104Z,2023-04-02T12:04:04Z,4153600177,56,Left,4153600185,213,1.0,4153600183,212,20.9,4153600181,141,95.9,4156133045,178,,4153600179,140,57.5,,,,,,,3bhmh2ks5ma4rqda9zff6w251,S. Knežević,,,,,,,,,,,,,,,,,,,,,,,,,,,,,,,,,,,,,,,,,
2526735547,121,45,1,14,7,2nhn3ikl1ciq34w3hcp883d6p,0,31.4,3.2,2023-04-01T16:29:50.473Z,2023-04-02T12:04:02Z,4153600149,285,,4153600147,56,Back,4153600331,233,123,,,,,,,,,,,,,,,,8hl43dvm1d57g011yacyoooa1,M. Fixelles,,,,,,,,,,,,,,,,,,,,,,,,,,,,,,,,,,,,,,,,,
2526735575,123,3,1,14,7,920raeoumft3q2wmvc296uceo,1,68.6,96.8,2023-04-01T16:29:50.473Z,2023-04-02T12:04:01Z,4156133183,178,,4153600307,286,,4153600305,56,Left,4153600327,233,121,4155110531,464,,,,,,,,,,,87d73x3gkomc4soukr5uweqc5,I. Mbenza,,,,,,,,,,,,,,,,,,,,,,,,,,,,,,,,,,,,,,,,,
2526735579,124,3,1,14,9,920raeoumft3q2wmvc296uceo,0,83.6,91.5,2023-04-01T16:29:52.243Z,2023-04-02T11:43:58Z,4156133417,178,,4153600337,286,,4153600375,233,122,4153600335,56,Left,4155110789,465,,,,,,,,,,,87d73x3gkomc4soukr5uweqc5,I. Mbenza,,,,,,,,,,,,,,,,,,,,,,,,,,,,,,,,,,,,,,,,,
2526735581,122,7,1,14,10,2nhn3ikl1ciq34w3hcp883d6p,1,16.4,8.5,2023-04-01T16:29:52.774Z,2023-04-02T11:43:58Z,4153600345,285,,4153600369,233,124,4153600343,56,Back,4155110877,384,,4156133513,178,,,,,,,,,,,e2z19y8is5m24brpa3gzn02qx,B. Reynolds,,,,,,,,,,,,,,,,,,,,,,,,,,,,,,,,,,,,,,,,,
2526735583,123,49,1,14,12,2nhn3ikl1ciq34w3hcp883d6p,1,7.8,26,2023-04-01T16:29:54.818Z,2023-04-02T12:04:00Z,,,,,,,,,,,,,,,,,,,,,,,,,5ujoracvgg00kzd0a8rh8oa1h,R. Neustädter,,,,,,,,,,,,,,,,,,,,,,,,,,,,,,,,,,,,,,,,,
2526735593,124,1,1,14,12,2nhn3ikl1ciq34w3hcp883d6p,1,7.8,26,2023-04-01T16:29:54.846Z,2023-04-02T12:04:00Z,4156133695,178,,4153600439,213,5.2,4153600431,56,Back,4153600433,140,12.2,4153600429,155,,4153600435,141,13.4,4153600437,212,9.7,,,,5ujoracvgg00kzd0a8rh8oa1h,R. Neustädter,,,,,,,,,,,,,,,,,,,,,,,,,,,,,,,,,,,,,,,,,
2526735605,125,1,1,14,13,2nhn3ikl1ciq34w3hcp883d6p,0,12.7,7.8,2023-04-01T16:29:56.397Z,2023-04-02T12:04:00Z,4153600503,213,0.0,4156133751,178,,4153600495,56,Back,4153600499,141,8.2,4153600501,212,10.5,4153600497,140,22.7,,,,,,,8hl43dvm1d57g011yacyoooa1,M. Fixelles,,,,,,,,,,,,,,,,,,,,,,,,,,,,,,,,,,,,,,,,,
2526735611,125,49,1,14,15,920raeoumft3q2wmvc296uceo,1,72.7,95.7,2023-04-01T16:29:58.680Z,2023-04-02T12:04:00Z,,,,,,,,,,,,,,,,,,,,,,,,,5ecklu1u6t21rhh8fh4zoq2cq,A. Zorgane,,,,,,,,,,,,,,,,,,,,,,,,,,,,,,,,,,,,,,,,,
2526735645,126,1,1,14,15,920raeoumft3q2wmvc296uceo,1,72.5,95.9,2023-04-01T16:29:58.702Z,2023-04-02T12:04:00Z,4153600709,212,5.1,4153600703,56,Left,4156133993,178,,4153600705,140,67.7,4153600711,213,3.3,4153600707,141,95.0,,,,,,,5ecklu1u6t21rhh8fh4zoq2cq,A. Zorgane,,,,,,,,,,,,,,,,,,,,,,,,,,,,,,,,,,,,,,,,,
2526735679,127,1,1,14,18,920raeoumft3q2wmvc296uceo,1,60.4,92.5,2023-04-01T16:30:00.990Z,2023-04-02T12:03:59Z,4153600897,56,Left,4153600905,141,86.8,4153600907,212,15.7,4156134051,178,,4153600909,213,6.0,4153600903,140,74.9,,,,,,,3bhmh2ks5ma4rqda9zff6w251,S. Knežević,,,,,,,,,,,,,,,,,,,,,,,,,,,,,,,,,,,,,,,,,
2526735747,128,1,1,14,21,920raeoumft3q2wmvc296uceo,1,69.8,80.3,2023-04-01T16:30:03.741Z,2023-04-02T12:03:59Z,4153601195,141,93.5,4153601199,213,0.8,4153601193,140,77.5,4156134105,178,,4153601191,56,Left,4153601197,212,12.1,,,,,,,14xb29tv90y8uataijmh03rah,D. Heymans,,,,,,,,,,,,,,,,,,,,,,,,,,,,,,,,,,,,,,,,,
2526735761,129,1,1,14,25,920raeoumft3q2wmvc296uceo,1,62.5,84.1,2023-04-01T16:30:08.384Z,2023-04-02T12:03:55Z,4153601243,213,5.5,4153601239,141,66.0,4156134165,178,,4153601241,212,16.8,4153601235,56,Center,4153601237,140,73.4,,,,,,,5ecklu1u6t21rhh8fh4zoq2cq,A. Zorgane,,,,,,,,,,,,,,,,,,,,,,,,,,,,,,,,,,,,,,,,,
2526735781,130,1,1,14,27,920raeoumft3q2wmvc296uceo,1,69.9,60.7,2023-04-01T16:30:10.144Z,2023-04-02T12:03:55Z,4153601349,141,41.5,4153601345,56,Center,4156134267,178,,4153601351,212,15.1,4153601347,140,62.7,4153601353,213,4.2,,,,,,,dqazrm2wmu9zqpvp8xbeeb7jd,V. Bayo,,,,,,,,,,,,,,,,,,,,,,,,,,,,,,,,,,,,,,,,,
2526735801,131,1,1,14,29,920raeoumft3q2wmvc296uceo,1,63.4,37.6,2023-04-01T16:30:12.496Z,2023-04-02T12:03:54Z,4153601451,140,76.7,4153601453,141,37.7,4153601449,56,Center,4153601455,212,14.0,4153601457,213,0.0,4156134309,178,,,,,,,,8zz5lnxo7twq8ntb7e0qfvbv9,M. Ilaimaharitra,,,,,,,,,,,,,,,,,,,,,,,,,,,,,,,,,,,,,,,,,
2526735805,132,1,1,14,30,920raeoumft3q2wmvc296uceo,0,79,39.1,2023-04-01T16:30:13.445Z,2023-04-02T12:03:54Z,4153601489,212,5.1,4153601483,56,Center,4153601485,140,75.9,4156134399,178,,4153601491,213,2.3,4153601487,141,44.9,,,,,,,39bcswfqnpa07b4afevezejo4,J. Tchatchoua,,,,,,,,,,,,,,,,,,,,,,,,,,,,,,,,,,,,,,,,,
2526735809,126,49,1,14,31,2nhn3ikl1ciq34w3hcp883d6p,1,21.9,51.9,2023-04-01T16:30:14.210Z,2023-04-02T12:03:53Z,,,,,,,,,,,,,,,,,,,,,,,,,auqy1bigw2a1owxg441wojzyt,L. Van Eenoo,,,,,,,,,,,,,,,,,,,,,,,,,,,,,,,,,,,,,,,,,
2526735837,127,1,1,14,31,2nhn3ikl1ciq34w3hcp883d6p,1,22,53.8,2023-04-01T16:30:14.552Z,2023-04-02T12:03:53Z,4156134499,178,,4153601629,213,0.1,4153601621,56,Back,4153601623,140,32.2,4153601625,141,56.0,4153601627,212,10.8,,,,,,,auqy1bigw2a1owxg441wojzyt,L. Van Eenoo,,,,,,,,,,,,,,,,,,,,,,,,,,,,,,,,,,,,,,,,,
2526735855,128,1,1,14,33,2nhn3ikl1ciq34w3hcp883d6p,1,28.3,53.6,2023-04-01T16:30:16.183Z,2023-04-02T12:03:52Z,4156134583,178,,4153601717,213,5.2,4153601715,212,9.5,4153601709,56,Back,4153601713,141,41.5,4153601711,140,32.9,,,,,,,dd711ekg0nlaosmsy2lz13syy,T. Van den Keybus,,,,,,,,,,,,,,,,,,,,,,,,,,,,,,,,,,,,,,,,,
2526735861,129,1,1,14,36,2nhn3ikl1ciq34w3hcp883d6p,0,33.9,45.9,2023-04-01T16:30:18.813Z,2023-04-02T12:03:51Z,4153601957,236,,4153601745,56,Back,4153601763,212,2.6,4153601963,286,,4153601761,141,49.3,4153601959,233,133,4156134637,178,,4153601759,140,32.7,7xs1rx9jos4ls85u362y9hqeh,N. Madsen,4153601765,213,2.1,,,,,,,,,,,,,,,,,,,,,,,,,,,,,,,,,,,,,,
2526735889,133,74,1,14,36,920raeoumft3q2wmvc296uceo,1,64.6,50.9,2023-04-01T16:30:18.894Z,2023-04-02T12:03:51Z,4156134687,178,,4153601927,56,Center,4153601929,285,,4153601965,233,129,,,,,,,,,,,,,72xzl0yjdetvqp2n1pmzyqvze,A. Hosseinzadeh,,,,,,,,,,,,,,,,,,,,,,,,,,,,,,,,,,,,,,,,,
2526735909,134,49,1,14,37,920raeoumft3q2wmvc296uceo,1,66.2,44.1,2023-04-01T16:30:19.856Z,2023-04-02T12:03:50Z,,,,,,,,,,,,,,,,,,,,,,,,,14xb29tv90y8uataijmh03rah,D. Heymans,,,,,,,,,,,,,,,,,,,,,,,,,,,,,,,,,,,,,,,,,
2526735919,135,1,1,14,37,920raeoumft3q2wmvc296uceo,1,66.2,44.1,2023-04-01T16:30:19.884Z,2023-04-02T12:03:50Z,4153602077,140,55.8,4153602075,56,Center,4153602081,212,10.9,4153602083,213,3.1,4156134825,178,,4153602079,141,45.2,,,,,,,14xb29tv90y8uataijmh03rah,D. Heymans,,,,,,,,,,,,,,,,,,,,,,,,,,,,,,,,,,,,,,,,,
2526770967,423,1,1,14,38,920raeoumft3q2wmvc296uceo,1,54.3,48.5,2023-04-01T16:30:21.659Z,2023-04-02T12:03:49Z,4153787627,141,60.6,4156134899,178,,4153787631,212,10.3,4153787635,213,0.9,4153787623,140,60.2,4153787621,56,Center,,,,,,,39bcswfqnpa07b4afevezejo4,J. Tchatchoua,,,,,,,,,,,,,,,,,,,,,,,,,,,,,,,,,,,,,,,,,
2526735955,136,1,1,14,39,920raeoumft3q2wmvc296uceo,1,59.6,58.4,2023-04-01T16:30:22.696Z,2023-04-02T12:03:49Z,4153602253,212,14.0,4153602247,56,Center,4153602251,141,39.5,4156134943,178,,4153602255,213,5.1,4153602249,140,64.9,,,,,,,5ecklu1u6t21rhh8fh4zoq2cq,A. Zorgane,,,,,,,,,,,,,,,,,,,,,,,,,,,,,,,,,,,,,,,,,
2526735961,137,1,1,14,41,920raeoumft3q2wmvc296uceo,1,57.8,41.7,2023-04-01T16:30:23.826Z,2023-04-02T12:03:49Z,4153602295,56,Center,4153602299,141,53.6,4153602301,212,8.5,4153602297,140,60.4,4156134991,178,,4153602303,213,1.2,,,,,,,39bcswfqnpa07b4afevezejo4,J. Tchatchoua,,,,,,,,,,,,,,,,,,,,,,,,,,,,,,,,,,,,,,,,,
2526771725,424,1,1,14,42,920raeoumft3q2wmvc296uceo,0,57.6,56.4,2023-04-01T16:30:25.268Z,2023-04-02T12:03:48Z,4153791813,141,41.2,4153791811,140,66.1,4153791817,213,5.4,4153791815,212,13.7,4153791809,56,Center,4156135027,178,,,,,,,,5ecklu1u6t21rhh8fh4zoq2cq,A. Zorgane,,,,,,,,,,,,,,,,,,,,,,,,,,,,,,,,,,,,,,,,,
2526735937,130,8,1,14,43,2nhn3ikl1ciq34w3hcp883d6p,1,32.2,57.5,2023-04-01T16:30:25.978Z,2023-04-02T12:03:48Z,4153602189,56,Back,4156135119,389,,4155113413,384,,,,,,,,,,,,,,,,,auqy1bigw2a1owxg441wojzyt,L. Van Eenoo,,,,,,,,,,,,,,,,,,,,,,,,,,,,,,,,,,,,,,,,,
2526735949,131,49,1,14,44,2nhn3ikl1ciq34w3hcp883d6p,1,32.9,44,2023-04-01T16:30:26.789Z,2023-04-02T12:03:48Z,,,,,,,,,,,,,,,,,,,,,,,,,7xs1rx9jos4ls85u362y9hqeh,N. Madsen,,,,,,,,,,,,,,,,,,,,,,,,,,,,,,,,,,,,,,,,,
2526736009,132,1,1,14,46,2nhn3ikl1ciq34w3hcp883d6p,1,33.7,51.5,2023-04-01T16:30:28.752Z,2023-04-02T12:03:46Z,4153602587,213,2.1,4156135563,178,,4153602585,212,18.2,4153602583,141,75.1,4153602581,140,25.6,4153602579,56,Back,,,,,,,7xs1rx9jos4ls85u362y9hqeh,N. Madsen,,,,,,,,,,,,,,,,,,,,,,,,,,,,,,,,,,,,,,,,,
2526736063,133,1,1,14,49,2nhn3ikl1ciq34w3hcp883d6p,1,35,92.5,2023-04-01T16:30:31.820Z,2023-04-02T12:03:46Z,4153602887,56,Back,4156135611,178,,4153602893,212,12.7,4153602891,141,78.4,4153602895,213,5.4,4153602889,140,43.0,,,,,,,9qm1adecprlczxw7ldbpvoi51,E. Jordanov,,,,,,,,,,,,,,,,,,,,,,,,,,,,,,,,,,,,,,,,,
2526736069,134,50,1,14,52,2nhn3ikl1ciq34w3hcp883d6p,1,41.5,93.3,2023-04-01T16:30:35.026Z,2023-04-02T12:03:44Z,4153602933,286,,4153603151,233,138,4153602927,56,Back,,,,,,,,,,,,,,,,f03fccqnepjczr841h0zqdeui,Y. Matsuo,,,,,,,,,,,,,,,,,,,,,,,,,,,,,,,,,,,,,,,,,
2526736109,138,7,1,14,52,920raeoumft3q2wmvc296uceo,0,58.5,6.7,2023-04-01T16:30:35.355Z,2023-04-02T12:03:44Z,4156135855,178,,4153603147,233,134,4153603127,285,,4153603125,56,Right,4155113829,385,,,,,,,,,,,8zz5lnxo7twq8ntb7e0qfvbv9,M. Ilaimaharitra,,,,,,,,,,,,,,,,,,,,,,,,,,,,,,,,,,,,,,,,,
2526736149,135,1,1,14,56,2nhn3ikl1ciq34w3hcp883d6p,1,12.2,89.9,2023-04-01T16:30:39.455Z,2023-04-02T12:03:44Z,4153603233,141,56.7,4156135945,178,,4153603231,140,4.7,4153603237,213,4.4,4153603235,212,23.9,4153603229,56,Back,,,,,,,f03fccqnepjczr841h0zqdeui,Y. Matsuo,,,,,,,,,,,,,,,,,,,,,,,,,,,,,,,,,,,,,,,,,
2526736193,136,1,1,14,59,2nhn3ikl1ciq34w3hcp883d6p,1,3.6,62.6,2023-04-01T16:30:42.479Z,2023-04-02T12:03:43Z,4153603477,140,36.6,4156116863,178,,4153603485,1,,4153603475,56,Back,4153603483,213,0.5,4153603473,155,,4153603481,212,39.7,4153603479,141,91.2,6qlfe04qjldj3rkeeme6gdi39,S. Bolat,,,,,,,,,,,,,,,,,,,,,,,,,,,,,,,,,,,,,,,,,
2526736201,137,44,1,15,2,2nhn3ikl1ciq34w3hcp883d6p,1,39.3,98.9,2023-04-01T16:30:45.255Z,2023-04-02T11:41:23Z,4153603525,285,,4153603541,233,139,4153603523,56,Back,,,,,,,,,,,,,,,,9qm1adecprlczxw7ldbpvoi51,E. Jordanov,,,,,,,,,,,,,,,,,,,,,,,,,,,,,,,,,,,,,,,,,
2526736181,139,44,1,15,2,920raeoumft3q2wmvc296uceo,0,60.7,1.1,2023-04-01T16:30:45.256Z,2023-04-02T11:41:24Z,4153603421,286,,4153603563,233,137,4153603419,56,Right,,,,,,,,,,,,,,,,39bcswfqnpa07b4afevezejo4,J. Tchatchoua,,,,,,,,,,,,,,,,,,,,,,,,,,,,,,,,,,,,,,,,,
2526736211,138,1,1,15,2,2nhn3ikl1ciq34w3hcp883d6p,0,38.6,94.1,2023-04-01T16:30:45.277Z,2023-04-02T12:03:43Z,4153603581,168,,4153603583,56,Back,4153603579,3,,4153603589,212,3.4,4153603587,141,89.7,4153603591,213,5.2,4156117013,388,,4153603585,140,40.2,9qm1adecprlczxw7ldbpvoi51,E. Jordanov,,,,,,,,,,,,,,,,,,,,,,,,,,,,,,,,,,,,,,,,,
2526736203,140,61,1,15,2,920raeoumft3q2wmvc296uceo,1,60.8,1.1,2023-04-01T16:30:45.314Z,2023-04-02T12:03:42Z,4156117203,388,,4153603527,56,Right,4156117201,15,,,,,,,,,,,,,,,,,39bcswfqnpa07b4afevezejo4,J. Tchatchoua,,,,,,,,,,,,,,,,,,,,,,,,,,,,,,,,,,,,,,,,,
2526736251,141,49,1,15,4,920raeoumft3q2wmvc296uceo,1,53,12.1,2023-04-01T16:30:47.057Z,2023-04-02T12:03:42Z,,,,,,,,,,,,,,,,,,,,,,,,,ae26s08xs4l50sfm0r6jbsley,S. Andreou,,,,,,,,,,,,,,,,,,,,,,,,,,,,,,,,,,,,,,,,,
2526736297,142,1,1,15,5,920raeoumft3q2wmvc296uceo,1,53.7,24.7,2023-04-01T16:30:48.439Z,2023-04-02T12:03:41Z,4153603975,56,Center,4156117313,178,,4153603977,140,68.6,4153603979,141,52.8,4153603981,212,24.7,4153603983,213,0.9,,,,,,,ae26s08xs4l50sfm0r6jbsley,S. Andreou,,,,,,,,,,,,,,,,,,,,,,,,,,,,,,,,,,,,,,,,,
2526736323,143,1,1,15,10,920raeoumft3q2wmvc296uceo,1,67.2,69.4,2023-04-01T16:30:53.263Z,2023-04-02T12:03:39Z,4153604121,213,6.0,4153604113,56,Center,4153604119,212,9.3,4156117397,178,,4153604117,141,65.7,4153604115,140,75.7,,,,,,,5ecklu1u6t21rhh8fh4zoq2cq,A. Zorgane,,,,,,,,,,,,,,,,,,,,,,,,,,,,,,,,,,,,,,,,,
2526736367,144,1,1,15,11,920raeoumft3q2wmvc296uceo,1,75.1,69.3,2023-04-01T16:30:54.199Z,2023-04-02T12:03:39Z,4153604291,140,68.7,4153604293,141,85.3,4153604289,56,Left,4153604295,212,12.8,4153604297,213,2.1,4156117841,178,,,,,,,,14xb29tv90y8uataijmh03rah,D. Heymans,,,,,,,,,,,,,,,,,,,,,,,,,,,,,,,,,,,,,,,,,
2526736411,145,1,1,15,15,920raeoumft3q2wmvc296uceo,1,60.9,78.1,2023-04-01T16:30:57.931Z,2023-04-02T12:03:38Z,4153604547,212,16.5,4153604545,141,72.6,4153604543,140,76.2,4153604541,56,Center,4156117941,178,,4153604549,213,6.1,,,,,,,87d73x3gkomc4soukr5uweqc5,I. Mbenza,,,,,,,,,,,,,,,,,,,,,,,,,,,,,,,,,,,,,,,,,
2526736447,146,1,1,15,16,920raeoumft3q2wmvc296uceo,1,68.6,69.6,2023-04-01T16:30:59.046Z,2023-04-02T12:03:37Z,4153604721,140,54.2,4156118003,178,,4153604723,141,66.7,4153604719,56,Center,4153604727,213,3.3,4153604725,212,15.2,,,,,,,5ecklu1u6t21rhh8fh4zoq2cq,A. Zorgane,,,,,,,,,,,,,,,,,,,,,,,,,,,,,,,,,,,,,,,,,
2526736505,147,1,1,15,20,920raeoumft3q2wmvc296uceo,1,51.6,58.8,2023-04-01T16:31:03.248Z,2023-04-02T12:03:37Z,4153604997,140,58.6,4153605001,212,29.1,4156118043,178,,4153605003,213,5.0,4153604995,56,Right,4153604999,141,17.4,,,,,,,3bhmh2ks5ma4rqda9zff6w251,S. Knežević,,,,,,,,,,,,,,,,,,,,,,,,,,,,,,,,,,,,,,,,,
2526736537,148,1,1,15,24,920raeoumft3q2wmvc296uceo,1,56.5,8,2023-04-01T16:31:07.575Z,2023-04-02T12:03:36Z,4153605155,140,65.8,4153605161,213,1.2,4153605159,212,25.8,4156118097,178,,4153605153,56,Center,4153605157,141,43.1,,,,,,,ae26s08xs4l50sfm0r6jbsley,S. Andreou,,,,,,,,,,,,,,,,,,,,,,,,,,,,,,,,,,,,,,,,,
2526736559,149,1,1,15,26,920raeoumft3q2wmvc296uceo,1,63.2,34.9,2023-04-01T16:31:09.326Z,2023-04-02T12:03:35Z,4153605279,213,0.9,4153605267,140,71.6,4153605271,141,50.7,4156118137,178,,4153605263,56,Center,4153605277,212,13.9,,,,,,,8zz5lnxo7twq8ntb7e0qfvbv9,M. Ilaimaharitra,,,,,,,,,,,,,,,,,,,,,,,,,,,,,,,,,,,,,,,,,
2526736577,150,1,1,15,27,920raeoumft3q2wmvc296uceo,1,72.1,43.1,2023-04-01T16:31:10.285Z,2023-04-02T12:03:35Z,4153605361,56,Center,4156118221,178,,4153605363,140,65.0,4155115413,156,,4153605367,141,50.0,4153605371,212,8.8,4153605373,213,2.6,,,,dqazrm2wmu9zqpvp8xbeeb7jd,V. Bayo,,,,,,,,,,,,,,,,,,,,,,,,,,,,,,,,,,,,,,,,,
2526736635,151,1,1,15,29,920raeoumft3q2wmvc296uceo,1,65.2,50.8,2023-04-01T16:31:12.657Z,2023-04-02T12:03:34Z,4153605587,140,76.4,4153605591,141,86.0,4153605599,213,1.1,4156118267,178,,4153605585,56,Left,4153605595,212,26.7,,,,,,,8zz5lnxo7twq8ntb7e0qfvbv9,M. Ilaimaharitra,,,,,,,,,,,,,,,,,,,,,,,,,,,,,,,,,,,,,,,,,
2526736675,152,1,1,15,33,920raeoumft3q2wmvc296uceo,1,75.8,78.1,2023-04-01T16:31:16.326Z,2023-04-02T12:03:32Z,4153605797,56,Center,4153605805,213,5.9,4153605795,155,,4156118369,178,,4153605803,212,13.5,4153605799,140,87.6,4153605801,141,70.2,,,,87d73x3gkomc4soukr5uweqc5,I. Mbenza,,,,,,,,,,,,,,,,,,,,,,,,,,,,,,,,,,,,,,,,,
2526736733,153,1,1,15,35,920raeoumft3q2wmvc296uceo,1,86.9,73.2,2023-04-01T16:31:18.217Z,2023-04-02T12:03:32Z,4153606091,140,87.6,4153606087,56,Center,4153606093,141,47.0,4156118425,178,,4153606097,212,17.8,4153606083,155,,4153606099,213,4.8,4153606565,210,15,5ecklu1u6t21rhh8fh4zoq2cq,A. Zorgane,4153606567,154,,1,,,,,,,,,,,,,,,,,,,,,,,,,,,,,,,,,,,,,
2526736741,154,44,1,15,37,920raeoumft3q2wmvc296uceo,1,91.5,48.2,2023-04-01T16:31:19.995Z,2023-04-02T12:03:32Z,4153606149,56,Center,4153606151,286,,4153606189,233,139,,,,,,,,,,,,,,,,72xzl0yjdetvqp2n1pmzyqvze,A. Hosseinzadeh,,,,,,,,,,,,,,,,,,,,,,,,,,,,,,,,,,,,,,,,,
2526736723,139,44,1,15,37,2nhn3ikl1ciq34w3hcp883d6p,0,8.5,51.8,2023-04-01T16:31:19.996Z,2023-04-02T12:03:31Z,4153606193,233,154,4153606053,56,Back,4153606055,285,,,,,,,,,,,,,,,,,9kywhmzih4xhuz5d1rrxjcpd6,R. Tagir,,,,,,,,,,,,,,,,,,,,,,,,,,,,,,,,,,,,,,,,,
2526736745,155,15,1,15,37,920raeoumft3q2wmvc296uceo,1,90.4,49,2023-04-01T16:31:20.077Z,2023-04-02T12:03:31Z,4153606627,233,141,4153606615,328,,4156118641,388,,4153606605,55,153,4153606597,15,,4153606609,102,46.3,4153606167,22,,4153606619,147,51,72xzl0yjdetvqp2n1pmzyqvze,A. Hosseinzadeh,4153606601,29,,,4153606617,146,98,4153606603,154,4153606169,17,,4153606611,103,4153606599,80,4153606171,56,Center,,,,,4.4,,,,,,,,,,,,,,,,,
2526736793,141,10,1,15,38,2nhn3ikl1ciq34w3hcp883d6p,1,1.9,51.5,2023-04-01T16:31:21.029Z,2023-04-02T12:03:30Z,4153606393,182,,4153606391,179,,4153606673,233,155,4155116663,376,,4153606395,56,Back,4153606389,176,,,,,,,,6qlfe04qjldj3rkeeme6gdi39,S. Bolat,,,,,,,,,,,,,,,,,,,,,,,,,,,,,,,,,,,,,,,,,
2526736785,140,52,1,15,38,2nhn3ikl1ciq34w3hcp883d6p,1,1.9,52.1,2023-04-01T16:31:21.206Z,2023-04-02T12:03:30Z,4156118773,179,,4155116829,376,,,,,,,,,,,,,,,,,,,,6qlfe04qjldj3rkeeme6gdi39,S. Bolat,,,,,,,,,,,,,,,,,,,,,,,,,,,,,,,,,,,,,,,,,
2526736977,142,1,1,15,55,2nhn3ikl1ciq34w3hcp883d6p,1,8.5,47.1,2023-04-01T16:31:37.941Z,2023-04-02T12:03:30Z,4155117473,189,,4153607369,140,22.5,4156118925,178,,4153607375,213,0.9,4153607371,141,74.5,4153607365,123,,4153607373,212,23.7,4153607367,56,Back,6qlfe04qjldj3rkeeme6gdi39,S. Bolat,,,,,,,,,,,,,,,,,,,,,,,,,,,,,,,,,,,,,,,,,
2526737003,143,1,1,15,57,2nhn3ikl1ciq34w3hcp883d6p,1,18.2,75,2023-04-01T16:31:40.476Z,2023-04-02T12:03:29Z,4156118999,178,,4153607497,141,94.2,4153607501,213,0.6,4153607495,140,36.3,4153607493,56,Back,4153607499,212,23.1,,,,,,,9kywhmzih4xhuz5d1rrxjcpd6,R. Tagir,,,,,,,,,,,,,,,,,,,,,,,,,,,,,,,,,,,,,,,,,
2526737047,144,1,1,16,0,2nhn3ikl1ciq34w3hcp883d6p,1,33.9,99.9,2023-04-01T16:31:43.348Z,2023-04-02T12:03:29Z,4153607659,141,85.6,4153607663,213,4.0,4153607655,56,Back,4153607661,212,12.6,4156119055,178,,4153607657,140,26.2,,,,,,,9qm1adecprlczxw7ldbpvoi51,E. Jordanov,,,,,,,,,,,,,,,,,,,,,,,,,,,,,,,,,,,,,,,,,
2526737099,145,1,1,16,2,2nhn3ikl1ciq34w3hcp883d6p,1,21.9,84.7,2023-04-01T16:31:45.555Z,2023-04-02T12:03:28Z,4153607975,141,64.6,4153607977,212,13.7,4153607979,213,4.8,4153607973,140,23.0,4156119111,178,,4153607971,56,Back,,,,,,,9kywhmzih4xhuz5d1rrxjcpd6,R. Tagir,,,,,,,,,,,,,,,,,,,,,,,,,,,,,,,,,,,,,,,,,
2526737153,146,1,1,16,6,2nhn3ikl1ciq34w3hcp883d6p,1,25.2,37,2023-04-01T16:31:49.014Z,2023-04-02T12:03:27Z,4153608349,141,9.7,4153608345,56,Back,4156119199,178,,4153608353,213,5.1,4153608351,212,20.0,4153608347,140,32.3,,,,,,,7xs1rx9jos4ls85u362y9hqeh,N. Madsen,,,,,,,,,,,,,,,,,,,,,,,,,,,,,,,,,,,,,,,,,
2526737209,147,1,1,16,9,2nhn3ikl1ciq34w3hcp883d6p,1,45.6,3.1,2023-04-01T16:31:52.438Z,2023-04-02T12:03:27Z,4153608637,141,14.1,4153608635,140,95.0,4153608633,56,Right,4153608631,155,,4156119249,178,,4153608639,212,52.4,4153608643,1,,4153608641,213,0.1,e2z19y8is5m24brpa3gzn02qx,B. Reynolds,,,,,,,,,,,,,,,,,,,,,,,,,,,,,,,,,,,,,,,,,
2526737227,148,1,1,16,14,2nhn3ikl1ciq34w3hcp883d6p,0,97.7,15.5,2023-04-01T16:31:57.063Z,2023-04-02T12:03:26Z,4153608717,141,34.0,4156119311,178,,4153608713,56,Center,4153608721,213,2.2,4153608715,140,89.4,4153608719,212,15.3,,,,,,,8hl43dvm1d57g011yacyoooa1,M. Fixelles,,,,,,,,,,,,,,,,,,,,,,,,,,,,,,,,,,,,,,,,,
2526737257,156,49,1,16,15,920raeoumft3q2wmvc296uceo,1,11.1,61.7,2023-04-01T16:31:58.542Z,2023-04-02T12:03:26Z,,,,,,,,,,,,,,,,,,,,,,,,,164kbzdgdvclxn5zikw5hug6i,V. Ozornwafor,,,,,,,,,,,,,,,,,,,,,,,,,,,,,,,,,,,,,,,,,
2526737323,157,1,1,16,17,920raeoumft3q2wmvc296uceo,1,0.1,67.5,2023-04-01T16:32:00.648Z,2023-04-02T12:03:25Z,4156119433,178,,4153609211,140,9.0,4153609213,141,81.7,4153609209,56,Back,4153609215,212,13.4,4153609217,213,0.8,,,,,,,164kbzdgdvclxn5zikw5hug6i,V. Ozornwafor,,,,,,,,,,,,,,,,,,,,,,,,,,,,,,,,,,,,,,,,,
2526737353,158,1,1,16,20,920raeoumft3q2wmvc296uceo,0,13.8,84.3,2023-04-01T16:32:03.582Z,2023-04-02T12:03:24Z,4153609409,1,,4153609397,157,,4156119489,178,,4153609403,141,43.6,4153609401,140,48.5,4153609405,212,45.8,4153609399,56,Back,4153609407,213,5.6,87d73x3gkomc4soukr5uweqc5,I. Mbenza,,,,,,,,,,,,,,,,,,,,,,,,,,,,,,,,,,,,,,,,,
2526737375,149,1,1,16,23,2nhn3ikl1ciq34w3hcp883d6p,1,54.8,51.9,2023-04-01T16:32:06.449Z,2023-04-02T12:03:24Z,4153609541,140,60.1,4156119573,178,,4153609543,141,41.5,4153609539,56,Center,4153609547,213,5.4,4153609537,3,,4153609545,212,9.0,,,,9kywhmzih4xhuz5d1rrxjcpd6,R. Tagir,,,,,,,,,,,,,,,,,,,,,,,,,,,,,,,,,,,,,,,,,
2526737383,150,49,1,16,25,2nhn3ikl1ciq34w3hcp883d6p,1,57.8,41.6,2023-04-01T16:32:07.927Z,2023-04-02T12:03:24Z,,,,,,,,,,,,,,,,,,,,,,,,,7xs1rx9jos4ls85u362y9hqeh,N. Madsen,,,,,,,,,,,,,,,,,,,,,,,,,,,,,,,,,,,,,,,,,
2526737441,151,1,1,16,29,2nhn3ikl1ciq34w3hcp883d6p,1,68.4,29.6,2023-04-01T16:32:12.253Z,2023-04-02T12:03:22Z,4153609857,212,10.8,4156119699,178,,4153609855,141,13.8,4153609851,56,Right,4153609853,140,67.8,4153609859,213,4.7,,,,,,,7xs1rx9jos4ls85u362y9hqeh,N. Madsen,,,,,,,,,,,,,,,,,,,,,,,,,,,,,,,,,,,,,,,,,
2526737453,152,1,1,16,30,2nhn3ikl1ciq34w3hcp883d6p,1,64.5,13.4,2023-04-01T16:32:13.357Z,2023-04-02T12:03:22Z,4153609919,56,Right,4153609923,141,8.9,4153609921,140,73.3,4156119761,178,,4153609925,212,9.7,4153609927,213,6.0,,,,,,,auqy1bigw2a1owxg441wojzyt,L. Van Eenoo,,,,,,,,,,,,,,,,,,,,,,,,,,,,,,,,,,,,,,,,,
2526737481,153,1,1,16,31,2nhn3ikl1ciq34w3hcp883d6p,1,68.4,4.6,2023-04-01T16:32:14.406Z,2023-04-02T12:03:22Z,4153610099,56,Right,4153610107,213,1.9,4153610105,212,4.8,4153610103,141,11.3,4153610101,140,67.0,4156119829,178,,,,,,,,8hl43dvm1d57g011yacyoooa1,M. Fixelles,,,,,,,,,,,,,,,,,,,,,,,,,,,,,,,,,,,,,,,,,
2526737559,154,1,1,16,34,2nhn3ikl1ciq34w3hcp883d6p,0,64.5,15,2023-04-01T16:32:16.894Z,2023-04-02T12:03:21Z,4153610375,155,,4153610385,213,0.4,4153610387,1,,4153610377,56,Center,4155118351,4,,4153610379,140,100.0,4156119907,178,,4153610381,141,39.8,auqy1bigw2a1owxg441wojzyt,L. Van Eenoo,4153610383,212,41.5,,,,,,,,,,,,,,,,,,,,,,,,,,,,,,,,,,,,,,
2526737571,155,5,1,16,37,2nhn3ikl1ciq34w3hcp883d6p,0,100.9,40.3,2023-04-01T16:32:20.724Z,2023-04-02T04:48:15Z,4153610491,233,159,4153610415,56,Center,4153610417,346,,,,,,,,,,,,,,,,,auqy1bigw2a1owxg441wojzyt,L. Van Eenoo,,,,,,,,,,,,,,,,,,,,,,,,,,,,,,,,,,,,,,,,,
2526737567,159,5,1,16,37,920raeoumft3q2wmvc296uceo,1,-0.9,59.7,2023-04-01T16:32:20.724Z,2023-04-02T04:48:15Z,4153610407,346,,4153610405,56,Back,4153610473,233,155,,,,,,,,,,,,,,,,87d73x3gkomc4soukr5uweqc5,I. Mbenza,,,,,,,,,,,,,,,,,,,,,,,,,,,,,,,,,,,,,,,,,
2526737891,160,1,1,16,56,920raeoumft3q2wmvc296uceo,1,5.4,50.1,2023-04-01T16:32:39.623Z,2023-04-02T12:03:20Z,4153612137,124,,4153612145,212,10.5,4153612151,237,,4153612147,213,5.2,4155119291,189,,4153612141,140,10.4,4153612139,56,Back,4153612143,141,36.7,btyk45f7gmz3ck2dafpp22yg9,H. Koffi,,,,,,,,,,,,,,,,,,,,,,,,,,,,,,,,,,,,,,,,,
2526737913,161,1,1,16,58,920raeoumft3q2wmvc296uceo,1,5.7,60.9,2023-04-01T16:32:40.892Z,2023-04-02T12:03:20Z,4156120075,178,,4153612269,140,8.4,4153612275,213,5.1,4153612273,212,7.3,4153612271,141,51.0,4155119253,189,,4153612267,56,Back,,,,3bhmh2ks5ma4rqda9zff6w251,S. Knežević,,,,,,,,,,,,,,,,,,,,,,,,,,,,,,,,,,,,,,,,,
2526737929,162,1,1,17,0,920raeoumft3q2wmvc296uceo,1,7.2,43.5,2023-04-01T16:32:43.701Z,2023-04-02T12:03:19Z,4153612351,157,,4156120273,178,,4153612353,56,Center,4153612359,212,63.0,4153612357,141,26.1,4153612363,1,,4153612355,140,66.1,4153612361,213,6.1,btyk45f7gmz3ck2dafpp22yg9,H. Koffi,,,,,,,,,,,,,,,,,,,,,,,,,,,,,,,,,,,,,,,,,
2526737935,163,44,1,17,3,920raeoumft3q2wmvc296uceo,1,56,25.6,2023-04-01T16:32:46.692Z,2023-04-02T12:03:19Z,4153612385,56,Center,4153612387,286,,4153612457,233,156,,,,,,,,,,,,,,,,14xb29tv90y8uataijmh03rah,D. Heymans,,,,,,,,,,,,,,,,,,,,,,,,,,,,,,,,,,,,,,,,,
2526737927,156,44,1,17,3,2nhn3ikl1ciq34w3hcp883d6p,0,44,74.4,2023-04-01T16:32:46.693Z,2023-04-02T12:03:18Z,4153612337,285,,4153612335,56,Back,4153612483,233,163,,,,,,,,,,,,,,,,9kywhmzih4xhuz5d1rrxjcpd6,R. Tagir,,,,,,,,,,,,,,,,,,,,,,,,,,,,,,,,,,,,,,,,,
2526737989,164,1,1,17,3,920raeoumft3q2wmvc296uceo,0,55.1,25.3,2023-04-01T16:32:46.712Z,2023-04-02T12:03:18Z,4153612655,56,Center,4153612657,140,72.2,4153612651,3,,4153612653,168,,4153612663,213,0.0,4153612661,212,18.0,4153612659,141,26.4,4156120395,388,,14xb29tv90y8uataijmh03rah,D. Heymans,,,,,,,,,,,,,,,,,,,,,,,,,,,,,,,,,,,,,,,,,
2527207499,1211,67,1,17,5,2nhn3ikl1ciq34w3hcp883d6p,1,35.8,80.1,2023-04-01T16:32:48.086Z,2023-04-02T12:03:17Z,4156180321,233,1221,,,,,,,,,,,,,,,,,,,,,,9qm1adecprlczxw7ldbpvoi51,E. Jordanov,,,,,,,,,,,,,,,,,,,,,,,,,,,,,,,,,,,,,,,,,
2527207497,1221,67,1,17,5,920raeoumft3q2wmvc296uceo,0,64.2,19.9,2023-04-01T16:32:48.087Z,2023-04-02T12:03:17Z,4156180333,233,1211,,,,,,,,,,,,,,,,,,,,,,39bcswfqnpa07b4afevezejo4,J. Tchatchoua,,,,,,,,,,,,,,,,,,,,,,,,,,,,,,,,,,,,,,,,,
2526737963,157,1,1,17,5,2nhn3ikl1ciq34w3hcp883d6p,0,36.9,78.8,2023-04-01T16:32:48.093Z,2023-04-02T12:03:16Z,4153612535,212,6.8,4153612529,56,Back,4153612537,213,4.0,4153612533,141,71.5,4156120457,178,,4153612531,140,32.5,,,,,,,9qm1adecprlczxw7ldbpvoi51,E. Jordanov,,,,,,,,,,,,,,,,,,,,,,,,,,,,,,,,,,,,,,,,,
2526737997,165,61,1,17,5,920raeoumft3q2wmvc296uceo,1,64.2,20.1,2023-04-01T16:32:48.264Z,2023-04-02T12:03:16Z,4156120515,178,,4153612703,56,Right,4156120513,21,,,,,,,,,,,,,,,,,39bcswfqnpa07b4afevezejo4,J. Tchatchoua,,,,,,,,,,,,,,,,,,,,,,,,,,,,,,,,,,,,,,,,,
2526738027,166,1,1,17,9,920raeoumft3q2wmvc296uceo,1,53.3,23.1,2023-04-01T16:32:52.708Z,2023-04-02T12:03:15Z,4153612861,213,5.6,4153612855,140,59.9,4153612857,141,14.1,4153612859,212,9.2,4156120645,178,,4153612853,56,Right,,,,,,,8zz5lnxo7twq8ntb7e0qfvbv9,M. Ilaimaharitra,,,,,,,,,,,,,,,,,,,,,,,,,,,,,,,,,,,,,,,,,
2526738067,167,1,1,17,11,920raeoumft3q2wmvc296uceo,1,58.2,0.9,2023-04-01T16:32:54.470Z,2023-04-02T12:03:15Z,4156120707,178,,4153613099,212,15.2,4153613093,56,Right,4153613095,140,71.6,4153613101,213,0.4,4153613097,141,9.4,,,,,,,39bcswfqnpa07b4afevezejo4,J. Tchatchoua,,,,,,,,,,,,,,,,,,,,,,,,,,,,,,,,,,,,,,,,,
2526738085,168,1,1,17,16,920raeoumft3q2wmvc296uceo,1,67.7,6.7,2023-04-01T16:32:58.862Z,2023-04-02T12:03:12Z,4153613167,141,34.6,4153613171,213,1.8,4156120773,178,,4153613165,140,62.7,4153613163,56,Center,4153613169,212,19.7,,,,,,,72xzl0yjdetvqp2n1pmzyqvze,A. Hosseinzadeh,,,,,,,,,,,,,,,,,,,,,,,,,,,,,,,,,,,,,,,,,
2526738125,169,1,1,17,16,920raeoumft3q2wmvc296uceo,1,60.2,28.7,2023-04-01T16:32:59.660Z,2023-04-02T12:03:12Z,4156120891,178,,4153613367,56,Center,4153613373,212,16.1,4153613371,141,49.7,4153613375,213,1.1,4153613369,140,67.3,,,,,,,5ecklu1u6t21rhh8fh4zoq2cq,A. Zorgane,,,,,,,,,,,,,,,,,,,,,,,,,,,,,,,,,,,,,,,,,
2526738137,170,1,1,17,18,920raeoumft3q2wmvc296uceo,1,69.2,47.1,2023-04-01T16:33:01.315Z,2023-04-02T12:03:11Z,4153613445,141,59.1,4156120959,178,,4153613447,212,11.6,4153613449,213,0.8,4153613443,140,77.0,4153613441,56,Center,,,,,,,14xb29tv90y8uataijmh03rah,D. Heymans,,,,,,,,,,,,,,,,,,,,,,,,,,,,,,,,,,,,,,,,,
2526738203,171,1,1,17,21,920raeoumft3q2wmvc296uceo,1,79.1,61.5,2023-04-01T16:33:04.176Z,2023-04-02T12:03:11Z,4156121025,178,,4153613755,213,0.7,4153613749,140,90.8,4153613747,56,Center,4153613751,141,76.1,4153613753,212,15.8,,,,,,,dqazrm2wmu9zqpvp8xbeeb7jd,V. Bayo,,,,,,,,,,,,,,,,,,,,,,,,,,,,,,,,,,,,,,,,,
2527202357,936,43,1,17,25,2nhn3ikl1ciq34w3hcp883d6p,1,0,0,2023-04-01T16:33:08.493Z,2023-04-02T05:46:50Z,4156185423,144,83,4156153467,399,204454,,,,,,,,,,,,,,,,,,,8hl43dvm1d57g011yacyoooa1,M. Fixelles,,,,,,,,,,,,,,,,,,,,,,,,,,,,,,,,,,,,,,,,,
2526738289,172,1,1,17,25,920raeoumft3q2wmvc296uceo,1,83.7,67.7,2023-04-01T16:33:08.512Z,2023-04-02T12:03:08Z,4153614129,140,81.7,4153614135,213,4.6,4153614697,210,13,4153614131,141,29.7,4153614127,56,Center,4153614133,212,25.9,4156121077,178,,,,,87d73x3gkomc4soukr5uweqc5,I. Mbenza,,,,1,,,,,,,,,,,,,,,,,,,,,,,,,,,,,,,,,,,,,
2526738293,173,13,1,17,29,920raeoumft3q2wmvc296uceo,1,86.7,32.8,2023-04-01T16:33:12.525Z,2023-04-02T12:03:07Z,4153614733,29,,4153614731,84,,4156726463,63,,4153614157,56,Center,4156121171,178,,4153614735,55,172,4153614743,215,,4153614739,102,41.7,39bcswfqnpa07b4afevezejo4,J. Tchatchoua,4153614741,103,4.2,,4153614745,230,97.9,4153614149,22,4153614505,72,,4153614747,231,,,,,,,,,,46.7,,,,,,,,,,,,,,,,,
2526738321,158,5,1,17,31,2nhn3ikl1ciq34w3hcp883d6p,1,-1.3,59.8,2023-04-01T16:33:14.122Z,2023-04-02T04:49:36Z,4153614355,233,174,4153614317,346,,4153614315,56,Back,,,,,,,,,,,,,,,,9qm1adecprlczxw7ldbpvoi51,E. Jordanov,,,,,,,,,,,,,,,,,,,,,,,,,,,,,,,,,,,,,,,,,
2526738309,174,5,1,17,31,920raeoumft3q2wmvc296uceo,0,101.3,40.2,2023-04-01T16:33:14.122Z,2023-04-02T04:49:36Z,4153614233,56,Center,4153614237,346,,4153615489,361,,4153614377,233,158,,,,,,,,,,,,,39bcswfqnpa07b4afevezejo4,J. Tchatchoua,,,,,,,,,,,,,,,,,,,,,,,,,,,,,,,,,,,,,,,,,
2526738639,159,1,1,17,56,2nhn3ikl1ciq34w3hcp883d6p,0,5.7,44.1,2023-04-01T16:33:39.299Z,2023-04-02T11:47:33Z,4153615953,212,53.1,4153615951,141,33.9,4153615947,56,Center,4153615945,155,,4153615943,124,,4153615957,1,,4153615961,74,,4153615949,140,55.8,6qlfe04qjldj3rkeeme6gdi39,S. Bolat,4153615955,213,6.2,,,,,,,,,,,,,,,,,,,,,,,,,,,,,,,,,,,,,,
2526738635,175,44,1,17,59,920raeoumft3q2wmvc296uceo,1,47.6,66.8,2023-04-01T16:33:42.079Z,2023-04-02T12:03:07Z,4153615925,56,Back,4153616021,233,160,4153615927,285,,,,,,,,,,,,,,,,,164kbzdgdvclxn5zikw5hug6i,V. Ozornwafor,,,,,,,,,,,,,,,,,,,,,,,,,,,,,,,,,,,,,,,,,
2526738643,160,44,1,17,59,2nhn3ikl1ciq34w3hcp883d6p,0,52.4,33.2,2023-04-01T16:33:42.080Z,2023-04-02T12:03:06Z,4153615983,56,Center,4153615985,286,,4153616029,233,175,,,,,,,,,,,,,,,,12c7rhdjh6rja1d2j45n3exyi,K. Vaesen,,,,,,,,,,,,,,,,,,,,,,,,,,,,,,,,,,,,,,,,,
2526738653,176,1,1,17,59,920raeoumft3q2wmvc296uceo,1,47,65,2023-04-01T16:33:42.147Z,2023-04-02T12:03:06Z,4153616047,56,Center,4153616051,141,68.8,4153616053,212,16.6,4153616045,3,,4156121571,388,,4153616055,213,0.2,4153616049,140,62.6,,,,164kbzdgdvclxn5zikw5hug6i,V. Ozornwafor,,,,,,,,,,,,,,,,,,,,,,,,,,,,,,,,,,,,,,,,,
2526738659,177,1,1,18,0,920raeoumft3q2wmvc296uceo,1,57.5,69.1,2023-04-01T16:33:43.067Z,2023-04-02T12:03:06Z,4153616079,56,Center,4156121627,178,,4153616819,210,15,4153616083,141,68.7,4153616081,140,74.3,4153616085,212,17.6,4153616087,213,6.3,,,,5ecklu1u6t21rhh8fh4zoq2cq,A. Zorgane,,,,1,,,,,,,,,,,,,,,,,,,,,,,,,,,,,,,,,,,,,
2526738663,178,49,1,18,1,920raeoumft3q2wmvc296uceo,1,67.3,73.8,2023-04-01T16:33:44.408Z,2023-04-02T12:03:05Z,,,,,,,,,,,,,,,,,,,,,,,,,dqazrm2wmu9zqpvp8xbeeb7jd,V. Bayo,,,,,,,,,,,,,,,,,,,,,,,,,,,,,,,,,,,,,,,,,
2526738687,179,15,1,18,4,920raeoumft3q2wmvc296uceo,1,71.6,61.6,2023-04-01T16:33:47.429Z,2023-04-02T12:03:04Z,4153617479,215,,4155122823,76,,4153616831,55,177,4153616829,29,,4153616837,103,19,4153616839,146,78.2,4153616843,230,93,4153616841,147,61.7,dqazrm2wmu9zqpvp8xbeeb7jd,V. Bayo,4153616415,233,161,,4153616399,20,,4153616229,22,4153616835,102,53.1,4153616231,18,4153616233,56,4153616407,82,,4153616845,231,,,,Center,52.5,4156121795,178,,,,,,,,,,,,,
2526738697,161,10,1,18,4,2nhn3ikl1ciq34w3hcp883d6p,1,26.8,37.6,2023-04-01T16:33:47.533Z,2023-04-02T12:03:03Z,4153616289,94,,4153616291,56,Back,4156121843,178,,4153616421,233,179,,,,,,,,,,,,,5ujoracvgg00kzd0a8rh8oa1h,R. Neustädter,,,,,,,,,,,,,,,,,,,,,,,,,,,,,,,,,,,,,,,,,
2526738739,162,49,1,18,6,2nhn3ikl1ciq34w3hcp883d6p,1,37.6,36.9,2023-04-01T16:33:48.829Z,2023-04-02T12:03:03Z,,,,,,,,,,,,,,,,,,,,,,,,,dd711ekg0nlaosmsy2lz13syy,T. Van den Keybus,,,,,,,,,,,,,,,,,,,,,,,,,,,,,,,,,,,,,,,,,
2526738789,163,1,1,18,7,2nhn3ikl1ciq34w3hcp883d6p,1,38.8,27.3,2023-04-01T16:33:50.432Z,2023-04-02T12:03:02Z,4153616753,140,38.2,4153616751,56,Back,4153616759,212,12.5,4156122009,178,,4153616761,213,4.7,4153616755,141,8.9,,,,,,,dd711ekg0nlaosmsy2lz13syy,T. Van den Keybus,,,,,,,,,,,,,,,,,,,,,,,,,,,,,,,,,,,,,,,,,
2526738799,164,3,1,18,13,2nhn3ikl1ciq34w3hcp883d6p,0,44.1,0.6,2023-04-01T16:33:56.090Z,2023-04-02T12:03:01Z,4153616957,233,180,4156122129,178,,4153616797,286,,4155123647,464,,4153616795,56,Back,,,,,,,,,,8hl43dvm1d57g011yacyoooa1,M. Fixelles,,,,,,,,,,,,,,,,,,,,,,,,,,,,,,,,,,,,,,,,,
2526738847,180,7,1,18,13,920raeoumft3q2wmvc296uceo,1,55.9,99.4,2023-04-01T16:33:56.317Z,2023-04-02T12:03:01Z,4155123405,385,,4153616921,167,,4153616923,56,Left,4156122183,178,,4153616925,285,,4153616931,233,164,,,,,,,3bhmh2ks5ma4rqda9zff6w251,S. Knežević,,,,,,,,,,,,,,,,,,,,,,,,,,,,,,,,,,,,,,,,,
2526739027,165,5,1,18,14,2nhn3ikl1ciq34w3hcp883d6p,1,38.8,-1.6,2023-04-01T16:33:57.381Z,2023-04-02T04:50:38Z,4153617831,347,,4153617829,56,Back,4153617871,233,181,,,,,,,,,,,,,,,,8hl43dvm1d57g011yacyoooa1,M. Fixelles,,,,,,,,,,,,,,,,,,,,,,,,,,,,,,,,,,,,,,,,,
2526738849,181,5,1,18,14,920raeoumft3q2wmvc296uceo,0,61.2,101.6,2023-04-01T16:33:57.381Z,2023-04-02T04:50:38Z,4153617883,233,165,4153616929,347,,4153616927,56,Left,,,,,,,,,,,,,,,,3bhmh2ks5ma4rqda9zff6w251,S. Knežević,,,,,,,,,,,,,,,,,,,,,,,,,,,,,,,,,,,,,,,,,
2526739049,166,1,1,18,28,2nhn3ikl1ciq34w3hcp883d6p,1,47.3,0,2023-04-01T16:34:11.208Z,2023-04-02T12:03:01Z,4153617933,140,28.8,4153617931,56,Back,4153617939,213,2.4,4157195373,1,,4155123993,189,,4153617937,212,25.8,4153617935,141,23.3,4153617929,107,,e2z19y8is5m24brpa3gzn02qx,B. Reynolds,,,,,,,,,,,,,,,,,,,,,,,,,,,,,,,,,,,,,,,,,
2526739079,167,1,1,18,30,2nhn3ikl1ciq34w3hcp883d6p,1,30.6,11,2023-04-01T16:34:12.819Z,2023-04-02T12:03:01Z,4153618115,141,73.2,4156122341,178,,4153618117,212,42.4,4153618119,213,1.5,4155123903,189,,4153618113,140,33.4,4153618121,1,,4153618111,56,Back,5ujoracvgg00kzd0a8rh8oa1h,R. Neustädter,,,,,,,,,,,,,,,,,,,,,,,,,,,,,,,,,,,,,,,,,
2526739107,168,1,1,18,35,2nhn3ikl1ciq34w3hcp883d6p,1,37.3,73.5,2023-04-01T16:34:17.758Z,2023-04-02T12:03:00Z,4153618265,56,Back,4156122669,178,,4153618273,213,5.3,4153618271,212,7.3,4153618267,140,40.9,4153618269,141,64.3,,,,,,,9kywhmzih4xhuz5d1rrxjcpd6,R. Tagir,,,,,,,,,,,,,,,,,,,,,,,,,,,,,,,,,,,,,,,,,
2526739143,169,1,1,18,37,2nhn3ikl1ciq34w3hcp883d6p,1,38.5,62.3,2023-04-01T16:34:19.764Z,2023-04-02T12:02:59Z,4153618463,141,37.6,4153618461,140,33.2,4153618465,212,17.7,4156122729,178,,4153618467,213,4.4,4153618459,56,Back,,,,,,,auqy1bigw2a1owxg441wojzyt,L. Van Eenoo,,,,,,,,,,,,,,,,,,,,,,,,,,,,,,,,,,,,,,,,,
2526739209,170,1,1,18,39,2nhn3ikl1ciq34w3hcp883d6p,1,38.4,30.8,2023-04-01T16:34:22.453Z,2023-04-02T12:02:59Z,4156122821,178,,4153618737,140,55.8,4153618741,212,22.7,4153618739,141,10.9,4153618743,213,5.6,4153618735,56,Right,,,,,,,5ujoracvgg00kzd0a8rh8oa1h,R. Neustädter,,,,,,,,,,,,,,,,,,,,,,,,,,,,,,,,,,,,,,,,,
2526739307,171,1,1,18,43,2nhn3ikl1ciq34w3hcp883d6p,1,53.6,3.3,2023-04-01T16:34:25.770Z,2023-04-02T12:02:58Z,4153619285,56,Back,4153619293,141,24.3,4153619287,140,36.6,4156122887,178,,4153619301,213,2.5,4153619297,212,22.9,,,,,,,e2z19y8is5m24brpa3gzn02qx,B. Reynolds,,,,,,,,,,,,,,,,,,,,,,,,,,,,,,,,,,,,,,,,,
2526739337,172,1,1,18,48,2nhn3ikl1ciq34w3hcp883d6p,1,46.1,34.3,2023-04-01T16:34:31.277Z,2023-04-02T12:02:57Z,4153619499,141,66.6,4153619495,56,Back,4153619501,212,23.1,4153619503,213,1.9,4156122941,178,,4153619497,140,39.2,,,,,,,5ujoracvgg00kzd0a8rh8oa1h,R. Neustädter,,,,,,,,,,,,,,,,,,,,,,,,,,,,,,,,,,,,,,,,,
2526739377,173,1,1,18,50,2nhn3ikl1ciq34w3hcp883d6p,1,38.3,73.7,2023-04-01T16:34:33.582Z,2023-04-02T12:02:56Z,4153619709,141,96.0,4153619705,56,Left,4156122995,178,,4153619711,212,19.9,4153619707,140,50.5,4153619713,213,0.9,,,,,,,9kywhmzih4xhuz5d1rrxjcpd6,R. Tagir,,,,,,,,,,,,,,,,,,,,,,,,,,,,,,,,,,,,,,,,,
2526739397,174,1,1,18,54,2nhn3ikl1ciq34w3hcp883d6p,1,48.6,97.1,2023-04-01T16:34:36.756Z,2023-04-02T12:02:54Z,4153619823,140,48.2,4156123059,178,,4153619821,56,Back,4153619831,213,4.7,4153619827,212,12.5,4153619825,141,78.8,,,,,,,9qm1adecprlczxw7ldbpvoi51,E. Jordanov,,,,,,,,,,,,,,,,,,,,,,,,,,,,,,,,,,,,,,,,,
2526739467,175,1,1,18,54,2nhn3ikl1ciq34w3hcp883d6p,1,49.2,85,2023-04-01T16:34:37.542Z,2023-04-02T12:02:54Z,4153620213,56,Back,4153620221,213,3.3,4153620219,212,14.9,4153620217,141,81.2,4153620215,140,35.2,4156123115,178,,,,,,,,auqy1bigw2a1owxg441wojzyt,L. Van Eenoo,,,,,,,,,,,,,,,,,,,,,,,,,,,,,,,,,,,,,,,,,
2526739545,176,1,1,18,59,2nhn3ikl1ciq34w3hcp883d6p,1,29.5,85.7,2023-04-01T16:34:42.052Z,2023-04-02T12:02:51Z,4153620575,141,55.4,4153620577,212,26.6,4153620579,213,4.0,4153620573,140,13.5,4156123163,178,,4153620571,56,Back,,,,,,,9kywhmzih4xhuz5d1rrxjcpd6,R. Tagir,,,,,,,,,,,,,,,,,,,,,,,,,,,,,,,,,,,,,,,,,
2526739591,177,1,1,19,5,2nhn3ikl1ciq34w3hcp883d6p,1,15.2,48.8,2023-04-01T16:34:48.170Z,2023-04-02T12:02:47Z,4153620789,141,60.0,4156123225,178,,4153620785,56,Back,4153620791,212,13.0,4153620793,213,0.6,4153620787,140,25.2,,,,,,,6qlfe04qjldj3rkeeme6gdi39,S. Bolat,,,,,,,,,,,,,,,,,,,,,,,,,,,,,,,,,,,,,,,,,
2526739621,178,1,1,19,6,2nhn3ikl1ciq34w3hcp883d6p,1,25.1,52.1,2023-04-01T16:34:49.333Z,2023-04-02T12:02:47Z,4153620943,141,53.9,4153620939,56,Back,4153620941,140,11.4,4153620945,212,14.4,4156123277,178,,4153620947,213,3.1,,,,,,,auqy1bigw2a1owxg441wojzyt,L. Van Eenoo,,,,,,,,,,,,,,,,,,,,,,,,,,,,,,,,,,,,,,,,,
2526739705,179,1,1,19,8,2nhn3ikl1ciq34w3hcp883d6p,1,11,46.1,2023-04-01T16:34:51.453Z,2023-04-02T12:02:46Z,4153621383,56,Back,4153621389,212,32.3,4153621387,141,79.3,4156123323,178,,4157193869,1,,4153621391,213,0.8,4153621385,140,33.0,,,,6qlfe04qjldj3rkeeme6gdi39,S. Bolat,,,,,,,,,,,,,,,,,,,,,,,,,,,,,,,,,,,,,,,,,
2526739739,180,1,1,19,12,2nhn3ikl1ciq34w3hcp883d6p,1,35.6,88.8,2023-04-01T16:34:54.811Z,2023-04-02T12:02:46Z,4153621553,213,0.1,4153621551,212,19.9,4153621547,140,54.4,4153621545,56,Left,4156123393,178,,4153621549,141,93.0,,,,,,,9qm1adecprlczxw7ldbpvoi51,E. Jordanov,,,,,,,,,,,,,,,,,,,,,,,,,,,,,,,,,,,,,,,,,
2526739747,181,50,1,19,16,2nhn3ikl1ciq34w3hcp883d6p,1,50,93.4,2023-04-01T16:34:59.284Z,2023-04-02T12:02:45Z,4153621695,233,182,4153621591,286,,4153621589,56,Left,,,,,,,,,,,,,,,,f03fccqnepjczr841h0zqdeui,Y. Matsuo,,,,,,,,,,,,,,,,,,,,,,,,,,,,,,,,,,,,,,,,,
2526739763,182,7,1,19,16,920raeoumft3q2wmvc296uceo,0,50,6.6,2023-04-01T16:34:59.347Z,2023-04-02T12:02:45Z,4153621657,233,181,4153621651,285,,4156123551,389,,4155125545,384,,4153621649,56,Right,,,,,,,,,,ae26s08xs4l50sfm0r6jbsley,S. Andreou,,,,,,,,,,,,,,,,,,,,,,,,,,,,,,,,,,,,,,,,,
2526739749,182,3,1,19,17,2nhn3ikl1ciq34w3hcp883d6p,0,48.7,85.5,2023-04-01T16:35:00.456Z,2023-04-02T12:02:44Z,4156123779,178,,4153621593,56,Back,4155125457,464,,4153621595,286,,4153621737,233,183,,,,,,,,,,f03fccqnepjczr841h0zqdeui,Y. Matsuo,,,,,,,,,,,,,,,,,,,,,,,,,,,,,,,,,,,,,,,,,
2526739771,183,7,1,19,17,920raeoumft3q2wmvc296uceo,0,51.3,14.5,2023-04-01T16:35:00.500Z,2023-04-02T12:02:43Z,4156123841,178,,4153621699,56,Right,4153621707,233,182,4155125801,385,,4153621701,285,,,,,,,,,,,14xb29tv90y8uataijmh03rah,D. Heymans,,,,,,,,,,,,,,,,,,,,,,,,,,,,,,,,,,,,,,,,,
2526739797,183,1,1,19,20,2nhn3ikl1ciq34w3hcp883d6p,1,43.6,65.4,2023-04-01T16:35:03.388Z,2023-04-02T12:02:42Z,4153621841,212,17.4,4156123913,178,,4153621843,213,4.1,4153621839,141,44.3,4153621837,140,34.3,4153621835,56,Back,,,,,,,f03fccqnepjczr841h0zqdeui,Y. Matsuo,,,,,,,,,,,,,,,,,,,,,,,,,,,,,,,,,,,,,,,,,
2526739889,184,1,1,19,22,2nhn3ikl1ciq34w3hcp883d6p,1,37.4,43.6,2023-04-01T16:35:05.572Z,2023-04-02T12:02:41Z,4153622303,213,4.8,4156123979,178,,4153622295,141,21.8,4153622293,140,38.1,4153622291,56,Back,4153622299,212,14.8,,,,,,,5ujoracvgg00kzd0a8rh8oa1h,R. Neustädter,,,,,,,,,,,,,,,,,,,,,,,,,,,,,,,,,,,,,,,,,
2526739959,185,1,1,19,28,2nhn3ikl1ciq34w3hcp883d6p,1,47.8,40.1,2023-04-01T16:35:11.653Z,2023-04-02T12:02:38Z,4153622649,141,74.4,4156124029,178,,4153622645,56,Back,4153622647,140,45.7,4153622651,212,23.4,4153622653,213,1.7,,,,,,,7xs1rx9jos4ls85u362y9hqeh,N. Madsen,,,,,,,,,,,,,,,,,,,,,,,,,,,,,,,,,,,,,,,,,
2526739991,186,1,1,19,32,2nhn3ikl1ciq34w3hcp883d6p,1,50.7,87.4,2023-04-01T16:35:15.154Z,2023-04-02T12:02:38Z,4153622759,56,Left,4153622767,213,0.4,4156124081,178,,4153622765,212,9.6,4153622761,140,58.9,4153622763,141,93.5,,,,,,,9kywhmzih4xhuz5d1rrxjcpd6,R. Tagir,,,,,,,,,,,,,,,,,,,,,,,,,,,,,,,,,,,,,,,,,
2526740033,187,1,1,19,33,2nhn3ikl1ciq34w3hcp883d6p,1,60.1,97.6,2023-04-01T16:35:16.156Z,2023-04-02T12:02:37Z,4156124129,178,,4153622905,56,Left,4153622909,141,81.4,4153622913,213,5.1,4153622907,140,64.3,4153622911,212,11.9,,,,,,,9qm1adecprlczxw7ldbpvoi51,E. Jordanov,,,,,,,,,,,,,,,,,,,,,,,,,,,,,,,,,,,,,,,,,
2526740051,188,1,1,19,34,2nhn3ikl1ciq34w3hcp883d6p,0,66.7,80.6,2023-04-01T16:35:16.893Z,2023-04-02T12:02:37Z,4153623027,141,100.0,4153623031,213,1.1,4153623025,140,73.4,4153623021,56,Left,4153623029,212,15.9,4156124161,178,,,,,,,,12c7rhdjh6rja1d2j45n3exyi,K. Vaesen,,,,,,,,,,,,,,,,,,,,,,,,,,,,,,,,,,,,,,,,,
2526740211,185,5,1,19,36,920raeoumft3q2wmvc296uceo,1,23.2,-1.8,2023-04-01T16:35:19.104Z,2023-04-02T04:53:06Z,4153623939,56,Back,4153623941,347,,4153624459,233,190,,,,,,,,,,,,,,,,164kbzdgdvclxn5zikw5hug6i,V. Ozornwafor,,,,,,,,,,,,,,,,,,,,,,,,,,,,,,,,,,,,,,,,,
2526740251,190,5,1,19,36,2nhn3ikl1ciq34w3hcp883d6p,0,76.8,101.8,2023-04-01T16:35:19.104Z,2023-04-02T04:53:06Z,4153624165,347,,4153624491,233,185,4153624163,56,Left,,,,,,,,,,,,,,,,auqy1bigw2a1owxg441wojzyt,L. Van Eenoo,,,,,,,,,,,,,,,,,,,,,,,,,,,,,,,,,,,,,,,,,
2526740073,189,43,1,19,36,2nhn3ikl1ciq34w3hcp883d6p,1,0,0,2023-04-01T16:35:19.295Z,2023-04-01T16:35:28Z,4153623197,141,80.5,4153623193,56,Left,4153623615,144,1,4153623201,213,5.7,4153623199,212,21.4,4153623195,140,87.7,,,,,,,9qm1adecprlczxw7ldbpvoi51,E. Jordanov,,,,,,,,,,,,,,,,,,,,,,,,,,,,,,,,,,,,,,,,,
2526740121,184,43,1,19,41,920raeoumft3q2wmvc296uceo,1,0,0,2023-04-01T16:35:24.355Z,2023-04-01T16:35:29Z,4153623707,144,55,,,,,,,,,,,,,,,,,,,,,,164kbzdgdvclxn5zikw5hug6i,V. Ozornwafor,,,,,,,,,,,,,,,,,,,,,,,,,,,,,,,,,,,,,,,,,
2526740347,186,1,1,19,54,920raeoumft3q2wmvc296uceo,1,21.6,0,2023-04-01T16:35:36.767Z,2023-04-02T12:02:37Z,4153624529,107,,4153624535,141,13.2,4153624537,212,11.0,4153624539,213,1.2,4153624531,56,Back,4153624533,140,25.1,,,,,,,39bcswfqnpa07b4afevezejo4,J. Tchatchoua,,,,,,,,,,,,,,,,,,,,,,,,,,,,,,,,,,,,,,,,,
2526740427,187,1,1,19,54,920raeoumft3q2wmvc296uceo,1,21.9,9.5,2023-04-01T16:35:37.704Z,2023-04-02T12:02:36Z,4153624953,213,0.1,4153624951,212,37.9,4153624947,140,57.9,4153624945,56,Right,4153624943,157,,4156124379,178,,4153624949,141,12.6,4153624955,1,,8zz5lnxo7twq8ntb7e0qfvbv9,M. Ilaimaharitra,,,,,,,,,,,,,,,,,,,,,,,,,,,,,,,,,,,,,,,,,
2526740477,188,1,1,20,0,920raeoumft3q2wmvc296uceo,1,40.7,1.2,2023-04-01T16:35:43.106Z,2023-04-02T12:02:35Z,4153625201,140,37.2,4153625199,56,Back,4153625203,141,19.2,4153625205,212,12.8,4156124429,178,,4153625207,213,1.9,,,,,,,dqazrm2wmu9zqpvp8xbeeb7jd,V. Bayo,,,,,,,,,,,,,,,,,,,,,,,,,,,,,,,,,,,,,,,,,
2527203767,998,83,1,20,3,2nhn3ikl1ciq34w3hcp883d6p,1,67.2,84,2023-04-01T16:35:45.935Z,2023-04-02T12:02:33Z,4156161189,399,173906,,,,,,,,,,,,,,,,,,,,,,dd711ekg0nlaosmsy2lz13syy,T. Van den Keybus,,,,,,,,,,,,,,,,,,,,,,,,,,,,,,,,,,,,,,,,,
2526740505,189,1,1,20,3,920raeoumft3q2wmvc296uceo,1,32.8,16.4,2023-04-01T16:35:45.951Z,2023-04-02T12:02:33Z,4153625377,213,0.9,4153625369,56,Back,4153625375,212,15.9,4156124497,178,,4153625371,140,42.1,4153625373,141,34.9,,,,,,,8zz5lnxo7twq8ntb7e0qfvbv9,M. Ilaimaharitra,,,,,,,,,,,,,,,,,,,,,,,,,,,,,,,,,,,,,,,,,
2526740549,190,1,1,20,4,920raeoumft3q2wmvc296uceo,1,37.1,31.5,2023-04-01T16:35:47.583Z,2023-04-02T12:02:33Z,4153625599,141,39.2,4153625601,212,5.8,4153625583,56,Back,4153625603,213,2.0,4153625597,140,34.7,4156124559,178,,,,,,,,5ecklu1u6t21rhh8fh4zoq2cq,A. Zorgane,,,,,,,,,,,,,,,,,,,,,,,,,,,,,,,,,,,,,,,,,
2526740603,191,1,1,20,7,920raeoumft3q2wmvc296uceo,0,33.9,38.5,2023-04-01T16:35:50.328Z,2023-04-02T12:02:32Z,4153625855,213,6.2,4153625849,140,77.7,4153625857,1,,4153625845,155,,4153625847,56,Center,4153625851,141,34.8,4156124601,178,,4153625853,212,46.1,8zz5lnxo7twq8ntb7e0qfvbv9,M. Ilaimaharitra,,,,,,,,,,,,,,,,,,,,,,,,,,,,,,,,,,,,,,,,,
2526740619,191,59,1,20,10,2nhn3ikl1ciq34w3hcp883d6p,1,0,0,2023-04-01T16:35:53.548Z,2023-04-02T12:02:31Z,4153625961,56,Back,,,,,,,,,,,,,,,,,,,,,,6qlfe04qjldj3rkeeme6gdi39,S. Bolat,,,,,,,,,,,,,,,,,,,,,,,,,,,,,,,,,,,,,,,,,
2526740635,193,49,1,20,10,2nhn3ikl1ciq34w3hcp883d6p,1,23,61.1,2023-04-01T16:35:53.604Z,2023-04-02T12:02:31Z,,,,,,,,,,,,,,,,,,,,,,,,,6qlfe04qjldj3rkeeme6gdi39,S. Bolat,,,,,,,,,,,,,,,,,,,,,,,,,,,,,,,,,,,,,,,,,
2526740629,192,3,1,20,10,2nhn3ikl1ciq34w3hcp883d6p,1,23.1,61.4,2023-04-01T16:35:53.633Z,2023-04-02T12:02:30Z,4153626005,285,,4153626003,56,Back,4153626041,233,192,4156124739,178,,4155128427,465,,,,,,,,,,,6qlfe04qjldj3rkeeme6gdi39,S. Bolat,,,,,,,,,,,,,,,,,,,,,,,,,,,,,,,,,,,,,,,,,
2526740621,192,45,1,20,10,920raeoumft3q2wmvc296uceo,0,76.9,38.6,2023-04-01T16:35:53.633Z,2023-04-02T12:02:31Z,4153625965,286,,4153625963,56,Center,4153626083,233,192,,,,,,,,,,,,,,,,dqazrm2wmu9zqpvp8xbeeb7jd,V. Bayo,,,,,,,,,,,,,,,,,,,,,,,,,,,,,,,,,,,,,,,,,
2526740725,194,1,1,20,13,2nhn3ikl1ciq34w3hcp883d6p,1,31.7,60.9,2023-04-01T16:35:56.036Z,2023-04-02T12:02:30Z,4153626389,212,19.4,4153626383,56,Back,4153626385,140,38.3,4156124793,178,,4153626391,213,1.2,4153626387,141,87.5,,,,,,,6qlfe04qjldj3rkeeme6gdi39,S. Bolat,,,,,,,,,,,,,,,,,,,,,,,,,,,,,,,,,,,,,,,,,
2526740765,195,1,1,20,19,2nhn3ikl1ciq34w3hcp883d6p,1,45.1,99.4,2023-04-01T16:36:02.212Z,2023-04-02T12:02:28Z,4153626603,141,84.5,4153626601,140,55.4,4156124863,178,,4153626607,213,5.5,4153626605,212,14.8,4153626599,56,Left,,,,,,,9qm1adecprlczxw7ldbpvoi51,E. Jordanov,,,,,,,,,,,,,,,,,,,,,,,,,,,,,,,,,,,,,,,,,
2526740771,196,1,1,20,20,2nhn3ikl1ciq34w3hcp883d6p,0,51,87.8,2023-04-01T16:36:02.965Z,2023-04-02T12:02:28Z,4153626625,140,60.5,4153626629,212,10.6,4153626631,213,0.4,4153626627,141,93.2,4156124913,178,,4153626623,56,Left,,,,,,,dd711ekg0nlaosmsy2lz13syy,T. Van den Keybus,,,,,,,,,,,,,,,,,,,,,,,,,,,,,,,,,,,,,,,,,
2526740767,193,61,1,20,21,920raeoumft3q2wmvc296uceo,0,40.7,7.6,2023-04-01T16:36:04.003Z,2023-04-02T12:02:27Z,4153626611,56,Back,4156125211,178,,,,,,,,,,,,,,,,,,,,ae26s08xs4l50sfm0r6jbsley,S. Andreou,,,,,,,,,,,,,,,,,,,,,,,,,,,,,,,,,,,,,,,,,
2526765617,428,61,1,20,22,2nhn3ikl1ciq34w3hcp883d6p,1,58.4,93.8,2023-04-01T16:36:04.844Z,2023-04-02T12:02:27Z,4156125607,178,,4153758915,56,Left,,,,,,,,,,,,,,,,,,,f03fccqnepjczr841h0zqdeui,Y. Matsuo,,,,,,,,,,,,,,,,,,,,,,,,,,,,,,,,,,,,,,,,,
2527203963,1011,67,1,20,22,2nhn3ikl1ciq34w3hcp883d6p,1,57.5,91.7,2023-04-01T16:36:04.965Z,2023-04-02T11:41:10Z,4156162327,233,1006,,,,,,,,,,,,,,,,,,,,,,9qm1adecprlczxw7ldbpvoi51,E. Jordanov,,,,,,,,,,,,,,,,,,,,,,,,,,,,,,,,,,,,,,,,,
2527203961,1006,67,1,20,22,920raeoumft3q2wmvc296uceo,0,42.5,8.3,2023-04-01T16:36:04.966Z,2023-04-02T11:41:10Z,4156162331,233,1011,,,,,,,,,,,,,,,,,,,,,,ae26s08xs4l50sfm0r6jbsley,S. Andreou,,,,,,,,,,,,,,,,,,,,,,,,,,,,,,,,,,,,,,,,,
2527014847,889,61,1,20,22,2nhn3ikl1ciq34w3hcp883d6p,1,57.2,96.6,2023-04-01T16:36:05.041Z,2023-04-02T12:02:27Z,4156125691,178,,4155131759,56,Left,,,,,,,,,,,,,,,,,,,9qm1adecprlczxw7ldbpvoi51,E. Jordanov,,,,,,,,,,,,,,,,,,,,,,,,,,,,,,,,,,,,,,,,,
2526740843,194,1,1,20,23,920raeoumft3q2wmvc296uceo,0,47,3.4,2023-04-01T16:36:06.175Z,2023-04-02T12:02:26Z,4153626919,213,2.7,4153626915,141,7.1,4156125799,178,,4153626911,56,Back,4153626917,212,5.4,4153626913,140,42.4,,,,,,,5ecklu1u6t21rhh8fh4zoq2cq,A. Zorgane,,,,,,,,,,,,,,,,,,,,,,,,,,,,,,,,,,,,,,,,,
2526740823,197,61,1,20,23,2nhn3ikl1ciq34w3hcp883d6p,1,54.1,98.3,2023-04-01T16:36:06.226Z,2023-04-02T12:02:26Z,4153626803,56,Left,4156125895,178,,,,,,,,,,,,,,,,,,,,f03fccqnepjczr841h0zqdeui,Y. Matsuo,,,,,,,,,,,,,,,,,,,,,,,,,,,,,,,,,,,,,,,,,
2526741029,195,5,1,20,24,920raeoumft3q2wmvc296uceo,1,37.2,-2,2023-04-01T16:36:07.622Z,2023-04-02T04:55:42Z,4153627877,347,,4153627933,233,198,4153627875,56,Back,,,,,,,,,,,,,,,,5ecklu1u6t21rhh8fh4zoq2cq,A. Zorgane,,,,,,,,,,,,,,,,,,,,,,,,,,,,,,,,,,,,,,,,,
2526740835,198,5,1,20,24,2nhn3ikl1ciq34w3hcp883d6p,0,62.8,102,2023-04-01T16:36:07.622Z,2023-04-02T04:55:42Z,4153626859,56,Left,4153626861,347,,4153627949,233,195,,,,,,,,,,,,,,,,f03fccqnepjczr841h0zqdeui,Y. Matsuo,,,,,,,,,,,,,,,,,,,,,,,,,,,,,,,,,,,,,,,,,
2526741065,196,1,1,20,40,920raeoumft3q2wmvc296uceo,1,40.9,0,2023-04-01T16:36:22.996Z,2023-04-02T12:11:54Z,4153628091,1,,4153628069,141,25.5,4153628087,212,28.8,4153628061,56,Center,4153628065,140,61.8,4153628059,107,,4153628089,213,0.7,4155132213,189,,39bcswfqnpa07b4afevezejo4,J. Tchatchoua,,,,,,,,,,,,,,,,,,,,,,,,,,,,,,,,,,,,,,,,,
2526741083,198,61,1,20,40,920raeoumft3q2wmvc296uceo,1,60.9,10.9,2023-04-01T16:36:23.094Z,2023-04-02T12:02:25Z,4153628143,56,Right,4153628377,189,,4156126655,178,,,,,,,,,,,,,,,,,dqazrm2wmu9zqpvp8xbeeb7jd,V. Bayo,,,,,,,,,,,,,,,,,,,,,,,,,,,,,,,,,,,,,,,,,
2526741023,199,49,1,20,41,2nhn3ikl1ciq34w3hcp883d6p,1,42.9,88.3,2023-04-01T16:36:23.781Z,2023-04-02T12:02:25Z,,,,,,,,,,,,,,,,,,,,,,,,,7xs1rx9jos4ls85u362y9hqeh,N. Madsen,,,,,,,,,,,,,,,,,,,,,,,,,,,,,,,,,,,,,,,,,
2526741049,200,1,1,20,41,2nhn3ikl1ciq34w3hcp883d6p,1,42.9,88.3,2023-04-01T16:36:23.802Z,2023-04-02T12:02:25Z,4156126891,178,,4153627997,140,35.1,4153628003,213,2.8,4153627995,56,Back,4153628001,212,8.6,4153627999,141,92.0,,,,,,,7xs1rx9jos4ls85u362y9hqeh,N. Madsen,,,,,,,,,,,,,,,,,,,,,,,,,,,,,,,,,,,,,,,,,
2526741077,201,1,1,20,42,2nhn3ikl1ciq34w3hcp883d6p,1,40.3,89.8,2023-04-01T16:36:24.801Z,2023-04-02T12:02:24Z,4153628109,140,32.5,4153628115,213,4.1,4153628111,141,71.4,4153628107,56,Back,4153628113,212,15.0,4156126987,178,,,,,,,,9kywhmzih4xhuz5d1rrxjcpd6,R. Tagir,,,,,,,,,,,,,,,,,,,,,,,,,,,,,,,,,,,,,,,,,
2526741075,197,43,1,20,44,920raeoumft3q2wmvc296uceo,1,0,0,2023-04-01T16:36:27.138Z,2023-04-01T16:36:30Z,4153628241,144,45,4153628105,285,0,4153628103,56,Center,,,,,,,,,,,,,,,,dqazrm2wmu9zqpvp8xbeeb7jd,V. Bayo,,,,,,,,,,,,,,,,,,,,,,,,,,,,,,,,,,,,,,,,,
2526741135,202,1,1,20,44,2nhn3ikl1ciq34w3hcp883d6p,1,30.6,75.6,2023-04-01T16:36:27.659Z,2023-04-02T12:02:23Z,4156127093,178,,4153628399,140,31.7,4153628405,213,4.7,4153628401,141,28.8,4153628403,212,31.8,4153628397,56,Back,,,,,,,5ujoracvgg00kzd0a8rh8oa1h,R. Neustädter,,,,,,,,,,,,,,,,,,,,,,,,,,,,,,,,,,,,,,,,,
2526741177,203,1,1,20,49,2nhn3ikl1ciq34w3hcp883d6p,1,37.3,21.1,2023-04-01T16:36:31.771Z,2023-04-02T12:02:22Z,4153628565,141,36.9,4156127201,178,,4153628567,212,11.3,4153628569,213,1.9,4153628563,140,33.9,4153628561,56,Back,,,,,,,e2z19y8is5m24brpa3gzn02qx,B. Reynolds,,,,,,,,,,,,,,,,,,,,,,,,,,,,,,,,,,,,,,,,,
2526741205,204,1,1,20,51,2nhn3ikl1ciq34w3hcp883d6p,0,40,30.6,2023-04-01T16:36:34.341Z,2023-04-02T12:02:22Z,4153628733,56,Center,4153628731,155,,4153628743,1,,4153628739,212,40.2,4156127235,178,,4153628741,213,0.5,4153628737,141,60.2,4153628735,140,73.1,8hl43dvm1d57g011yacyoooa1,M. Fixelles,,,,,,,,,,,,,,,,,,,,,,,,,,,,,,,,,,,,,,,,,
2526741233,199,1,1,20,53,920raeoumft3q2wmvc296uceo,1,25.4,43.5,2023-04-01T16:36:36.651Z,2023-04-02T12:02:21Z,4153628895,3,,4153628905,213,1.2,4153628897,56,Back,4153628899,140,27.8,4153628903,212,7.0,4156127339,388,,4153628901,141,53.1,,,,ae26s08xs4l50sfm0r6jbsley,S. Andreou,,,,,,,,,,,,,,,,,,,,,,,,,,,,,,,,,,,,,,,,,
2526741261,200,1,1,20,55,920raeoumft3q2wmvc296uceo,1,25.4,53.3,2023-04-01T16:36:38.325Z,2023-04-02T12:02:21Z,4153629059,213,5.9,4156130837,178,,4153629047,140,44.6,4153629051,141,42.8,4153629061,1,,4153629055,212,21.4,4153629043,56,Back,4153629041,157,,164kbzdgdvclxn5zikw5hug6i,V. Ozornwafor,,,,,,,,,,,,,,,,,,,,,,,,,,,,,,,,,,,,,,,,,
2527015187,874,49,1,20,58,920raeoumft3q2wmvc296uceo,1,44.7,45.3,2023-04-01T16:36:40.746Z,2023-04-02T12:02:21Z,,,,,,,,,,,,,,,,,,,,,,,,,dqazrm2wmu9zqpvp8xbeeb7jd,V. Bayo,,,,,,,,,,,,,,,,,,,,,,,,,,,,,,,,,,,,,,,,,
2526741263,201,50,1,20,58,920raeoumft3q2wmvc296uceo,1,44.7,43.2,2023-04-01T16:36:41.716Z,2023-04-02T12:02:20Z,4153629073,286,,4153629069,56,Back,4153629141,233,205,,,,,,,,,,,,,,,,dqazrm2wmu9zqpvp8xbeeb7jd,V. Bayo,,,,,,,,,,,,,,,,,,,,,,,,,,,,,,,,,,,,,,,,,
2526741271,205,7,1,20,59,2nhn3ikl1ciq34w3hcp883d6p,0,55.3,56.8,2023-04-01T16:36:41.771Z,2023-04-02T12:02:20Z,4155134977,383,,4153629103,56,Center,4156131171,21,,4153629105,285,,4153629121,233,201,4156131169,178,,,,,,,,5ujoracvgg00kzd0a8rh8oa1h,R. Neustädter,,,,,,,,,,,,,,,,,,,,,,,,,,,,,,,,,,,,,,,,,
2526741319,202,61,1,21,0,920raeoumft3q2wmvc296uceo,1,40.3,41.1,2023-04-01T16:36:42.798Z,2023-04-02T12:02:19Z,4153629373,56,Back,4156131277,178,,,,,,,,,,,,,,,,,,,,72xzl0yjdetvqp2n1pmzyqvze,A. Hosseinzadeh,,,,,,,,,,,,,,,,,,,,,,,,,,,,,,,,,,,,,,,,,
2526741327,203,1,1,21,3,920raeoumft3q2wmvc296uceo,1,36.2,35.1,2023-04-01T16:36:46.111Z,2023-04-02T12:02:19Z,4153629409,212,21.0,4153629403,56,Back,4153629405,140,35.3,4153629411,213,1.6,4153629407,141,66.0,4156131353,178,,,,,,,,5ecklu1u6t21rhh8fh4zoq2cq,A. Zorgane,,,,,,,,,,,,,,,,,,,,,,,,,,,,,,,,,,,,,,,,,
2526741437,204,1,1,21,5,920raeoumft3q2wmvc296uceo,1,36.9,69.3,2023-04-01T16:36:48.281Z,2023-04-02T12:02:18Z,4153630017,213,1.3,4153630015,212,15.5,4153630009,56,Back,4153630013,141,91.1,4153630011,140,41.3,4156131425,178,,,,,,,,8zz5lnxo7twq8ntb7e0qfvbv9,M. Ilaimaharitra,,,,,,,,,,,,,,,,,,,,,,,,,,,,,,,,,,,,,,,,,
2526741479,205,1,1,21,11,920raeoumft3q2wmvc296uceo,1,47.3,78.9,2023-04-01T16:36:54.327Z,2023-04-02T12:02:15Z,4153630235,196,,4153630247,1,,4153630245,213,5.0,4153630237,56,Right,4153630243,212,54.1,4153630239,140,63.6,4156131477,178,,4153630241,141,3.4,87d73x3gkomc4soukr5uweqc5,I. Mbenza,4153630233,155,,,,,,,,,,,,,,,,,,,,,,,,,,,,,,,,,,,,,,,
2526741513,206,1,1,21,15,920raeoumft3q2wmvc296uceo,1,63,1.4,2023-04-01T16:36:58.352Z,2023-04-02T12:02:15Z,4153630435,213,1.7,4153630429,140,62.2,4153630427,56,Right,4153630431,141,13.7,4153630433,212,8.4,4156131513,178,,,,,,,,39bcswfqnpa07b4afevezejo4,J. Tchatchoua,,,,,,,,,,,,,,,,,,,,,,,,,,,,,,,,,,,,,,,,,
2526741575,207,1,1,21,19,920raeoumft3q2wmvc296uceo,0,69.1,4.7,2023-04-01T16:37:01.967Z,2023-04-02T12:02:13Z,4153630755,141,22.7,4156131569,178,,4153630757,212,26.9,4153630759,213,0.5,4153630753,140,91.9,4153630751,56,Center,,,,,,,5ecklu1u6t21rhh8fh4zoq2cq,A. Zorgane,,,,,,,,,,,,,,,,,,,,,,,,,,,,,,,,,,,,,,,,,
2526741581,206,49,1,21,21,2nhn3ikl1ciq34w3hcp883d6p,1,10.3,76.9,2023-04-01T16:37:04.425Z,2023-04-02T12:02:12Z,,,,,,,,,,,,,,,,,,,,,,,,,9kywhmzih4xhuz5d1rrxjcpd6,R. Tagir,,,,,,,,,,,,,,,,,,,,,,,,,,,,,,,,,,,,,,,,,
2526741699,207,1,1,21,26,2nhn3ikl1ciq34w3hcp883d6p,0,4.5,97.9,2023-04-01T16:37:09.134Z,2023-04-02T12:02:11Z,4156131647,178,,4153631499,213,6.1,4153631491,56,Back,4153631493,140,43.6,4153631489,155,,4153631495,141,86.6,4153631501,1,,4153631497,212,41.8,9kywhmzih4xhuz5d1rrxjcpd6,R. Tagir,,,,,,,,,,,,,,,,,,,,,,,,,,,,,,,,,,,,,,,,,
2526741709,208,1,1,21,28,920raeoumft3q2wmvc296uceo,0,57.5,8.1,2023-04-01T16:37:11.357Z,2023-04-02T12:54:34Z,4153631543,56,Center,4153631549,212,18.4,4156131783,388,,4153631551,213,0.9,4153631547,141,28.5,4157531347,21,,4153631545,140,69.0,,,,164kbzdgdvclxn5zikw5hug6i,V. Ozornwafor,,,,,,,,,,,,,,,,,,,,,,,,,,,,,,,,,,,,,,,,,
2526741735,208,1,1,21,32,2nhn3ikl1ciq34w3hcp883d6p,1,30.3,81.1,2023-04-01T16:37:15.529Z,2023-04-02T12:02:09Z,4153631635,213,4.8,4153631629,140,31.7,4156131911,178,,4153631627,56,Back,4153631631,141,64.0,4153631633,212,11.7,,,,,,,auqy1bigw2a1owxg441wojzyt,L. Van Eenoo,,,,,,,,,,,,,,,,,,,,,,,,,,,,,,,,,,,,,,,,,
2526741769,209,1,1,21,33,2nhn3ikl1ciq34w3hcp883d6p,1,30.9,68.1,2023-04-01T16:37:16.364Z,2023-04-02T12:02:09Z,4153631859,212,6.3,4153631853,56,Back,4153631855,140,25.9,4153631861,213,2.5,4156132011,178,,4153631857,141,73.3,,,,,,,7xs1rx9jos4ls85u362y9hqeh,N. Madsen,,,,,,,,,,,,,,,,,,,,,,,,,,,,,,,,,,,,,,,,,
2526741797,210,1,1,21,36,2nhn3ikl1ciq34w3hcp883d6p,1,17.6,78.8,2023-04-01T16:37:18.812Z,2023-04-02T12:02:08Z,4153632045,140,5.7,4156132069,178,,4153632047,141,56.6,4153632051,213,4.0,4153632049,212,19.6,4153632043,56,Back,,,,,,,9kywhmzih4xhuz5d1rrxjcpd6,R. Tagir,,,,,,,,,,,,,,,,,,,,,,,,,,,,,,,,,,,,,,,,,
2526741839,211,1,1,21,39,2nhn3ikl1ciq34w3hcp883d6p,1,6.8,52.1,2023-04-01T16:37:21.884Z,2023-04-02T12:02:07Z,4153632297,213,5.2,4153632289,56,Back,4153632295,212,31.2,4153632291,140,20.7,4153632293,141,11.6,4156132137,178,,,,,,,,6qlfe04qjldj3rkeeme6gdi39,S. Bolat,,,,,,,,,,,,,,,,,,,,,,,,,,,,,,,,,,,,,,,,,
2526741867,212,1,1,21,42,2nhn3ikl1ciq34w3hcp883d6p,1,31.7,5.2,2023-04-01T16:37:25.348Z,2023-04-02T12:02:06Z,4156132217,178,,4153632435,213,0.9,4153632429,141,19.1,4153632431,212,12.4,4153632427,140,39.4,4153632425,56,Back,,,,,,,e2z19y8is5m24brpa3gzn02qx,B. Reynolds,,,,,,,,,,,,,,,,,,,,,,,,,,,,,,,,,,,,,,,,,
2526741883,213,1,1,21,43,2nhn3ikl1ciq34w3hcp883d6p,1,43.6,14.2,2023-04-01T16:37:26.642Z,2023-04-02T12:02:06Z,4153632511,140,32.2,4156132385,178,,4153632513,141,22.7,4153632517,213,2.7,4153632509,56,Back,4153632515,212,13.3,,,,,,,8hl43dvm1d57g011yacyoooa1,M. Fixelles,,,,,,,,,,,,,,,,,,,,,,,,,,,,,,,,,,,,,,,,,
2526741909,214,1,1,21,44,2nhn3ikl1ciq34w3hcp883d6p,1,36.2,15.9,2023-04-01T16:37:27.657Z,2023-04-02T12:02:06Z,4153632679,141,34.2,4153632683,213,1.7,4153632681,212,12.5,4153632675,56,Back,4153632677,140,35.0,4156132445,178,,,,,,,,e2z19y8is5m24brpa3gzn02qx,B. Reynolds,,,,,,,,,,,,,,,,,,,,,,,,,,,,,,,,,,,,,,,,,
2526741963,215,1,1,21,47,2nhn3ikl1ciq34w3hcp883d6p,1,33.2,33.6,2023-04-01T16:37:29.787Z,2023-04-02T12:02:05Z,4153632967,56,Back,4153632979,213,1.8,4156132509,178,,4153632975,141,67.8,4153632977,212,24.0,4153632969,140,27.7,,,,,,,7xs1rx9jos4ls85u362y9hqeh,N. Madsen,,,,,,,,,,,,,,,,,,,,,,,,,,,,,,,,,,,,,,,,,
2526742015,216,1,1,21,50,2nhn3ikl1ciq34w3hcp883d6p,1,27.3,68.9,2023-04-01T16:37:33.140Z,2023-04-02T12:02:04Z,4156132555,178,,4153633187,56,Back,4153633193,141,93.9,4153633189,140,42.6,4153633195,212,23.4,4153633197,213,0.8,,,,,,,9kywhmzih4xhuz5d1rrxjcpd6,R. Tagir,,,,,,,,,,,,,,,,,,,,,,,,,,,,,,,,,,,,,,,,,
2526742081,217,1,1,21,53,2nhn3ikl1ciq34w3hcp883d6p,1,47,96.1,2023-04-01T16:37:36.412Z,2023-04-02T12:02:03Z,4153633501,140,30.8,4153633503,141,79.4,4156132603,178,,4153633505,212,20.5,4153633499,56,Back,4153633507,213,3.7,,,,,,,9qm1adecprlczxw7ldbpvoi51,E. Jordanov,,,,,,,,,,,,,,,,,,,,,,,,,,,,,,,,,,,,,,,,,
2526742145,218,1,1,21,57,2nhn3ikl1ciq34w3hcp883d6p,1,35,74.3,2023-04-01T16:37:39.893Z,2023-04-02T12:02:02Z,4153633893,140,29.7,4153633891,56,Back,4156132691,178,,4153633899,213,4.5,4153633897,212,23.3,4153633895,141,41.0,,,,,,,9kywhmzih4xhuz5d1rrxjcpd6,R. Tagir,,,,,,,,,,,,,,,,,,,,,,,,,,,,,,,,,,,,,,,,,
2526742239,219,1,1,22,1,2nhn3ikl1ciq34w3hcp883d6p,1,31.6,43.2,2023-04-01T16:37:44.707Z,2023-04-02T12:02:01Z,4153634467,140,37.8,4156132747,178,,4153634471,212,27.6,4153634465,56,Back,4153634473,213,1.3,4153634469,141,82.7,,,,,,,5ujoracvgg00kzd0a8rh8oa1h,R. Neustädter,,,,,,,,,,,,,,,,,,,,,,,,,,,,,,,,,,,,,,,,,
2526742271,220,1,1,22,7,2nhn3ikl1ciq34w3hcp883d6p,1,39.3,83.7,2023-04-01T16:37:50.292Z,2023-04-02T12:01:59Z,4153634637,140,30.4,4153634635,56,Back,4156132867,178,,4157188721,1,,4153634641,212,33.2,4153634643,213,4.4,4153634639,141,36.9,,,,auqy1bigw2a1owxg441wojzyt,L. Van Eenoo,,,,,,,,,,,,,,,,,,,,,,,,,,,,,,,,,,,,,,,,,
2526742337,221,1,1,22,10,2nhn3ikl1ciq34w3hcp883d6p,1,35.1,39.4,2023-04-01T16:37:53.091Z,2023-04-02T12:01:58Z,4153634979,140,34.6,4153634981,141,8.6,4153634983,212,21.0,4153634985,213,4.7,4156132993,178,,4153634977,56,Back,,,,,,,5ujoracvgg00kzd0a8rh8oa1h,R. Neustädter,,,,,,,,,,,,,,,,,,,,,,,,,,,,,,,,,,,,,,,,,
2526742371,222,1,1,22,13,2nhn3ikl1ciq34w3hcp883d6p,0,43.5,3.6,2023-04-01T16:37:56.109Z,2023-04-02T12:01:57Z,4156133101,178,,4153635173,212,25.6,4153635165,56,Center,4153635171,141,23.6,4153635175,213,0.6,4153635169,140,64.1,,,,,,,e2z19y8is5m24brpa3gzn02qx,B. Reynolds,,,,,,,,,,,,,,,,,,,,,,,,,,,,,,,,,,,,,,,,,
2526742395,209,49,1,22,15,920raeoumft3q2wmvc296uceo,1,35,86.4,2023-04-01T16:37:57.880Z,2023-04-02T12:01:57Z,,,,,,,,,,,,,,,,,,,,,,,,,3bhmh2ks5ma4rqda9zff6w251,S. Knežević,,,,,,,,,,,,,,,,,,,,,,,,,,,,,,,,,,,,,,,,,
2526742435,210,3,1,22,17,920raeoumft3q2wmvc296uceo,0,43.5,99.3,2023-04-01T16:38:00.055Z,2023-04-02T12:01:56Z,4155138687,464,,4153635425,56,Back,4153635559,233,223,4156133321,178,,4153635427,286,,,,,,,,,,,3bhmh2ks5ma4rqda9zff6w251,S. Knežević,,,,,,,,,,,,,,,,,,,,,,,,,,,,,,,,,,,,,,,,,
2526742443,223,7,1,22,17,2nhn3ikl1ciq34w3hcp883d6p,1,56.5,0.7,2023-04-01T16:38:00.136Z,2023-04-02T12:01:55Z,4153635541,233,210,4153635473,167,,4155138367,385,,4153635477,285,,4156133459,178,,4153635475,56,Right,,,,,,,8hl43dvm1d57g011yacyoooa1,M. Fixelles,,,,,,,,,,,,,,,,,,,,,,,,,,,,,,,,,,,,,,,,,
2526742599,211,5,1,22,18,920raeoumft3q2wmvc296uceo,1,33.9,102,2023-04-01T16:38:01.484Z,2023-04-02T05:02:35Z,4153636341,347,,4153636339,56,Back,4153636345,233,224,,,,,,,,,,,,,,,,3bhmh2ks5ma4rqda9zff6w251,S. Knežević,,,,,,,,,,,,,,,,,,,,,,,,,,,,,,,,,,,,,,,,,
2526742453,224,5,1,22,18,2nhn3ikl1ciq34w3hcp883d6p,0,66.1,-2,2023-04-01T16:38:01.484Z,2023-04-02T05:02:35Z,4153635525,347,,4153636371,233,211,4153635523,56,Right,,,,,,,,,,,,,,,,8hl43dvm1d57g011yacyoooa1,M. Fixelles,,,,,,,,,,,,,,,,,,,,,,,,,,,,,,,,,,,,,,,,,
2526742631,212,1,1,22,27,920raeoumft3q2wmvc296uceo,1,42.5,100,2023-04-01T16:38:10.613Z,2023-04-02T12:01:55Z,4153636505,107,,4153636507,56,Back,4153636513,212,20.0,4153636511,141,72.6,4153636515,213,4.7,4153636509,140,41.9,,,,,,,87d73x3gkomc4soukr5uweqc5,I. Mbenza,,,,,,,,,,,,,,,,,,,,,,,,,,,,,,,,,,,,,,,,,
2526742649,213,1,1,22,30,920raeoumft3q2wmvc296uceo,1,47.5,75.6,2023-04-01T16:38:12.954Z,2023-04-02T12:01:54Z,4153636669,212,7.5,4153636663,140,54.3,4153636661,56,Center,4153636665,141,72.0,4153636673,213,6.0,4156133735,178,,4153636659,3,,,,,5ecklu1u6t21rhh8fh4zoq2cq,A. Zorgane,,,,,,,,,,,,,,,,,,,,,,,,,,,,,,,,,,,,,,,,,
2526742661,214,3,1,22,30,920raeoumft3q2wmvc296uceo,1,50.8,74.7,2023-04-01T16:38:13.620Z,2023-04-02T12:01:53Z,4156133795,178,,4153636737,286,,4153636735,56,Center,4153636753,233,225,4155139519,464,,,,,,,,,,,72xzl0yjdetvqp2n1pmzyqvze,A. Hosseinzadeh,,,,,,,,,,,,,,,,,,,,,,,,,,,,,,,,,,,,,,,,,
2526742635,225,45,1,22,30,2nhn3ikl1ciq34w3hcp883d6p,0,49.2,25.3,2023-04-01T16:38:13.620Z,2023-04-02T12:01:54Z,4153636771,233,214,4153636531,285,,4153636527,56,Back,,,,,,,,,,,,,,,,f03fccqnepjczr841h0zqdeui,Y. Matsuo,,,,,,,,,,,,,,,,,,,,,,,,,,,,,,,,,,,,,,,,,
2526742739,215,1,1,22,31,920raeoumft3q2wmvc296uceo,1,51.2,70.3,2023-04-01T16:38:14.477Z,2023-04-02T12:01:53Z,4156133885,178,,4153637203,141,56.1,4153637199,56,Center,4153637201,140,52.6,4153637205,212,9.8,4153637207,213,4.9,,,,,,,72xzl0yjdetvqp2n1pmzyqvze,A. Hosseinzadeh,,,,,,,,,,,,,,,,,,,,,,,,,,,,,,,,,,,,,,,,,
2527016263,875,1,1,22,32,920raeoumft3q2wmvc296uceo,1,50.8,60,2023-04-01T16:38:15.567Z,2023-04-02T12:01:52Z,4155140447,212,31.5,4155140445,141,14.1,4155140443,140,55.0,4155140441,56,Right,4155140449,213,4.9,4156134005,178,,,,,,,,14xb29tv90y8uataijmh03rah,D. Heymans,,,,,,,,,,,,,,,,,,,,,,,,,,,,,,,,,,,,,,,,,
2526742783,216,1,1,22,39,920raeoumft3q2wmvc296uceo,1,62.8,21.5,2023-04-01T16:38:22.539Z,2023-04-02T12:01:50Z,4153637429,141,26.7,4156134275,178,,4153637425,56,Back,4153637427,140,48.7,4153637431,212,15.2,4153637433,213,2.9,,,,,,,39bcswfqnpa07b4afevezejo4,J. Tchatchoua,,,,,,,,,,,,,,,,,,,,,,,,,,,,,,,,,,,,,,,,,
2526742849,217,1,1,22,42,920raeoumft3q2wmvc296uceo,0,51,22.1,2023-04-01T16:38:25.522Z,2023-04-02T12:01:49Z,4153637837,56,Right,4153637845,213,5.6,4153637841,141,0.0,4153637839,140,70.2,4153637843,212,26.0,4156134569,178,,,,,,,,ae26s08xs4l50sfm0r6jbsley,S. Andreou,,,,,,,,,,,,,,,,,,,,,,,,,,,,,,,,,,,,,,,,,
2526742857,219,5,1,22,45,920raeoumft3q2wmvc296uceo,0,69,-1.6,2023-04-01T16:38:27.915Z,2023-04-02T05:03:34Z,4153637881,347,,4153637879,56,Right,4153638889,233,226,,,,,,,,,,,,,,,,72xzl0yjdetvqp2n1pmzyqvze,A. Hosseinzadeh,,,,,,,,,,,,,,,,,,,,,,,,,,,,,,,,,,,,,,,,,
2526743045,226,5,1,22,45,2nhn3ikl1ciq34w3hcp883d6p,1,31,101.6,2023-04-01T16:38:27.915Z,2023-04-02T05:03:34Z,4153638841,56,Back,4153638865,233,219,4153638843,347,,,,,,,,,,,,,,,,,9qm1adecprlczxw7ldbpvoi51,E. Jordanov,,,,,,,,,,,,,,,,,,,,,,,,,,,,,,,,,,,,,,,,,
2526742851,218,43,1,22,48,920raeoumft3q2wmvc296uceo,1,0,0,2023-04-01T16:38:31.162Z,2023-04-01T16:39:00Z,4153640023,144,61,4153637859,56,Right,,,,,,,,,,,,,,,,,,,72xzl0yjdetvqp2n1pmzyqvze,A. Hosseinzadeh,,,,,,,,,,,,,,,,,,,,,,,,,,,,,,,,,,,,,,,,,
2526743091,227,1,1,23,3,2nhn3ikl1ciq34w3hcp883d6p,1,26.1,100,2023-04-01T16:38:45.787Z,2023-04-02T12:01:49Z,4153639101,56,Back,4153639103,140,33.6,4153639109,213,5.2,4153639099,107,,4153639107,212,18.4,4153639105,141,77.2,,,,,,,9qm1adecprlczxw7ldbpvoi51,E. Jordanov,,,,,,,,,,,,,,,,,,,,,,,,,,,,,,,,,,,,,,,,,
2526743151,228,1,1,23,6,2nhn3ikl1ciq34w3hcp883d6p,1,31.3,68.6,2023-04-01T16:38:48.884Z,2023-04-02T12:01:48Z,4153639415,213,4.5,4153639409,140,26.0,4156134757,178,,4153639407,56,Back,4153639413,212,28.2,4153639411,141,27.9,,,,,,,12c7rhdjh6rja1d2j45n3exyi,K. Vaesen,,,,,,,,,,,,,,,,,,,,,,,,,,,,,,,,,,,,,,,,,
2526743183,229,1,1,23,9,2nhn3ikl1ciq34w3hcp883d6p,0,40.5,33.3,2023-04-01T16:38:52.644Z,2023-04-02T12:01:47Z,4156134855,178,,4153639561,140,52.5,4153639563,141,42.1,4153639565,212,13.9,4153639559,56,Center,4153639567,213,0.4,,,,,,,e2z19y8is5m24brpa3gzn02qx,B. Reynolds,,,,,,,,,,,,,,,,,,,,,,,,,,,,,,,,,,,,,,,,,
2526743223,220,8,1,23,11,920raeoumft3q2wmvc296uceo,1,48,58.5,2023-04-01T16:38:53.921Z,2023-04-02T12:01:46Z,4156134929,178,,4155141365,383,,4153639765,56,Back,,,,,,,,,,,,,,,,3bhmh2ks5ma4rqda9zff6w251,S. Knežević,,,,,,,,,,,,,,,,,,,,,,,,,,,,,,,,,,,,,,,,,
2526743285,230,1,1,23,15,2nhn3ikl1ciq34w3hcp883d6p,1,65.4,54.7,2023-04-01T16:38:58.641Z,2023-04-02T12:01:45Z,4153640199,213,1.2,4153640191,140,70.0,4153640187,56,Center,4156135019,178,,4153640195,141,73.8,4153640197,212,13.9,,,,,,,e2z19y8is5m24brpa3gzn02qx,B. Reynolds,,,,,,,,,,,,,,,,,,,,,,,,,,,,,,,,,,,,,,,,,
2526743297,231,1,1,23,19,2nhn3ikl1ciq34w3hcp883d6p,0,79.3,66.4,2023-04-01T16:39:01.963Z,2023-04-02T12:01:44Z,4156135115,178,,4153640259,140,80.2,4153640489,233,221,4153640265,213,1.3,4153640261,141,70.9,4153640263,212,3.2,4153640257,56,Center,,,,dd711ekg0nlaosmsy2lz13syy,T. Van den Keybus,,,,,,,,,,,,,,,,,,,,,,,,,,,,,,,,,,,,,,,,,
2526743333,221,61,1,23,19,920raeoumft3q2wmvc296uceo,1,18.1,34.6,2023-04-01T16:39:02.406Z,2023-04-02T12:01:43Z,4153640451,56,Back,4156135275,178,,,,,,,,,,,,,,,,,,,,ae26s08xs4l50sfm0r6jbsley,S. Andreou,,,,,,,,,,,,,,,,,,,,,,,,,,,,,,,,,,,,,,,,,
2526743361,222,49,1,23,20,920raeoumft3q2wmvc296uceo,1,19.9,41,2023-04-01T16:39:03.322Z,2023-04-02T12:01:42Z,,,,,,,,,,,,,,,,,,,,,,,,,72xzl0yjdetvqp2n1pmzyqvze,A. Hosseinzadeh,,,,,,,,,,,,,,,,,,,,,,,,,,,,,,,,,,,,,,,,,
2526743367,223,50,1,23,20,920raeoumft3q2wmvc296uceo,1,20.2,41.6,2023-04-01T16:39:03.468Z,2023-04-02T12:01:42Z,4153640655,285,,4153640651,56,Back,4153640753,233,232,,,,,,,,,,,,,,,,72xzl0yjdetvqp2n1pmzyqvze,A. Hosseinzadeh,,,,,,,,,,,,,,,,,,,,,,,,,,,,,,,,,,,,,,,,,
2526743335,232,7,1,23,21,2nhn3ikl1ciq34w3hcp883d6p,0,79.8,58.4,2023-04-01T16:39:04.091Z,2023-04-02T12:01:41Z,4155142573,385,,4153640459,56,Center,4156135767,178,,4153640461,286,,4153640711,233,223,,,,,,,,,,dd711ekg0nlaosmsy2lz13syy,T. Van den Keybus,,,,,,,,,,,,,,,,,,,,,,,,,,,,,,,,,,,,,,,,,
2527016779,876,1,1,23,22,920raeoumft3q2wmvc296uceo,1,9.5,46,2023-04-01T16:39:05.307Z,2023-04-02T12:01:41Z,4155143389,56,Back,4155143395,212,38.2,4155143397,213,0.0,4156135831,178,,4155143399,1,,4155143391,140,45.8,4155143393,141,48.7,4155143387,157,,3bhmh2ks5ma4rqda9zff6w251,S. Knežević,,,,,,,,,,,,,,,,,,,,,,,,,,,,,,,,,,,,,,,,,
2527016885,877,61,1,23,24,920raeoumft3q2wmvc296uceo,0,44.2,47.6,2023-04-01T16:39:07.181Z,2023-04-02T12:01:41Z,4156135953,388,,4155144049,56,Back,,,,,,,,,,,,,,,,,,,dqazrm2wmu9zqpvp8xbeeb7jd,V. Bayo,,,,,,,,,,,,,,,,,,,,,,,,,,,,,,,,,,,,,,,,,
2526743419,233,1,1,23,26,2nhn3ikl1ciq34w3hcp883d6p,1,62.3,57.2,2023-04-01T16:39:08.924Z,2023-04-02T12:01:40Z,4156136037,178,,4153640933,141,38.0,4153640931,140,65.6,4153640935,212,13.5,4153640929,56,Center,4153640937,213,5.0,,,,,,,auqy1bigw2a1owxg441wojzyt,L. Van Eenoo,,,,,,,,,,,,,,,,,,,,,,,,,,,,,,,,,,,,,,,,,
2526743423,234,49,1,23,27,2nhn3ikl1ciq34w3hcp883d6p,1,60.7,40.1,2023-04-01T16:39:09.821Z,2023-04-02T12:01:40Z,,,,,,,,,,,,,,,,,,,,,,,,,7xs1rx9jos4ls85u362y9hqeh,N. Madsen,,,,,,,,,,,,,,,,,,,,,,,,,,,,,,,,,,,,,,,,,
2526743457,226,45,1,23,27,920raeoumft3q2wmvc296uceo,0,37.4,61.3,2023-04-01T16:39:10.512Z,2023-04-02T12:01:39Z,4153641135,285,,4153641133,56,Back,4153641221,233,235,,,,,,,,,,,,,,,,14xb29tv90y8uataijmh03rah,D. Heymans,,,,,,,,,,,,,,,,,,,,,,,,,,,,,,,,,,,,,,,,,
2526743435,235,3,1,23,27,2nhn3ikl1ciq34w3hcp883d6p,1,62.6,38.7,2023-04-01T16:39:10.512Z,2023-04-02T12:01:39Z,4153641037,56,Center,4155144521,464,,4153641039,286,,4156136327,178,,4153641167,233,226,,,,,,,,,,7xs1rx9jos4ls85u362y9hqeh,N. Madsen,,,,,,,,,,,,,,,,,,,,,,,,,,,,,,,,,,,,,,,,,
2526743447,236,1,1,23,29,2nhn3ikl1ciq34w3hcp883d6p,0,65.6,35.9,2023-04-01T16:39:11.852Z,2023-04-02T12:01:38Z,4153641095,140,70.1,4153641101,213,5.3,4153641097,141,25.8,4156136443,178,,4153641099,212,8.3,4153641093,56,Center,,,,,,,7xs1rx9jos4ls85u362y9hqeh,N. Madsen,,,,,,,,,,,,,,,,,,,,,,,,,,,,,,,,,,,,,,,,,
2526743437,224,43,1,23,29,920raeoumft3q2wmvc296uceo,1,0,0,2023-04-01T16:39:11.947Z,2023-04-01T22:43:28Z,4153641053,56,Back,4153641059,212,37.0,4153641057,141,47.9,4153641041,157,0,4153641061,213,6.3,4153641055,140,48.7,4153641063,1,0,4155144821,144,1,3bhmh2ks5ma4rqda9zff6w251,S. Knežević,,,,,,,,,,,,,,,,,,,,,,,,,,,,,,,,,,,,,,,,,
2526743467,227,8,1,23,29,920raeoumft3q2wmvc296uceo,1,35.1,73.1,2023-04-01T16:39:12.131Z,2023-04-02T12:01:38Z,4153641185,56,Back,4155145207,384,,4156136509,178,,,,,,,,,,,,,,,,,14xb29tv90y8uataijmh03rah,D. Heymans,,,,,,,,,,,,,,,,,,,,,,,,,,,,,,,,,,,,,,,,,
2526743445,225,43,1,23,29,920raeoumft3q2wmvc296uceo,1,0,0,2023-04-01T16:39:12.259Z,2023-04-01T22:43:29Z,4155144873,144,61,4153641091,56,Back,,,,,,,,,,,,,,,,,,,dqazrm2wmu9zqpvp8xbeeb7jd,V. Bayo,,,,,,,,,,,,,,,,,,,,,,,,,,,,,,,,,,,,,,,,,
2526743485,228,49,1,23,31,920raeoumft3q2wmvc296uceo,1,24,81.2,2023-04-01T16:39:14.346Z,2023-04-02T12:01:37Z,,,,,,,,,,,,,,,,,,,,,,,,,87d73x3gkomc4soukr5uweqc5,I. Mbenza,,,,,,,,,,,,,,,,,,,,,,,,,,,,,,,,,,,,,,,,,
2526743513,229,1,1,23,32,920raeoumft3q2wmvc296uceo,1,24.2,80.9,2023-04-01T16:39:14.863Z,2023-04-02T12:01:36Z,4156136647,178,,4153641435,213,5.8,4153641429,141,71.7,4153641427,140,35.3,4153641431,212,13.2,4153641425,56,Back,,,,,,,87d73x3gkomc4soukr5uweqc5,I. Mbenza,,,,,,,,,,,,,,,,,,,,,,,,,,,,,,,,,,,,,,,,,
2526743527,230,1,1,23,33,920raeoumft3q2wmvc296uceo,1,32.5,71.3,2023-04-01T16:39:15.979Z,2023-04-02T12:01:36Z,4153641489,141,61.5,4156136723,178,,4153641485,56,Back,4153641493,213,4.6,4153641487,140,31.9,4153641491,212,6.7,,,,,,,8zz5lnxo7twq8ntb7e0qfvbv9,M. Ilaimaharitra,,,,,,,,,,,,,,,,,,,,,,,,,,,,,,,,,,,,,,,,,
2526743615,231,1,1,23,39,920raeoumft3q2wmvc296uceo,0,35.3,66.2,2023-04-01T16:39:22.103Z,2023-04-02T12:01:33Z,4153642029,56,Right,4156136845,178,,4153642035,141,0.0,4153642047,1,,4153642021,155,,4153642043,213,5.3,4153642039,212,55.4,4153642025,196,,5ecklu1u6t21rhh8fh4zoq2cq,A. Zorgane,4153642031,140,64.2,,,,,,,,,,,,,,,,,,,,,,,,,,,,,,,,,,,,,,
2526743627,232,5,1,23,43,920raeoumft3q2wmvc296uceo,0,62.3,-1.8,2023-04-01T16:39:26.715Z,2023-04-02T05:05:39Z,4153642093,56,Right,4153642923,233,237,4153642095,347,,,,,,,,,,,,,,,,,5ecklu1u6t21rhh8fh4zoq2cq,A. Zorgane,,,,,,,,,,,,,,,,,,,,,,,,,,,,,,,,,,,,,,,,,
2526743765,237,5,1,23,43,2nhn3ikl1ciq34w3hcp883d6p,1,37.7,101.8,2023-04-01T16:39:26.715Z,2023-04-02T05:05:38Z,4153642875,347,,4153642891,233,232,4153642873,56,Back,,,,,,,,,,,,,,,,9qm1adecprlczxw7ldbpvoi51,E. Jordanov,,,,,,,,,,,,,,,,,,,,,,,,,,,,,,,,,,,,,,,,,
2526743795,238,1,1,23,54,2nhn3ikl1ciq34w3hcp883d6p,1,33.7,100,2023-04-01T16:39:37.218Z,2023-04-02T12:01:33Z,4153643049,212,13.9,4153643041,107,,4153643043,56,Back,4153643045,140,40.0,4153643047,141,84.1,4153643051,213,5.2,,,,,,,9qm1adecprlczxw7ldbpvoi51,E. Jordanov,,,,,,,,,,,,,,,,,,,,,,,,,,,,,,,,,,,,,,,,,
2526743833,239,1,1,23,55,2nhn3ikl1ciq34w3hcp883d6p,1,34.9,96.2,2023-04-01T16:39:38.117Z,2023-04-02T12:01:32Z,4153643237,212,6.4,4156137361,178,,4153643235,141,94.4,4153643231,56,Back,4153643233,140,40.9,4153643239,213,6.1,,,,,,,auqy1bigw2a1owxg441wojzyt,L. Van Eenoo,,,,,,,,,,,,,,,,,,,,,,,,,,,,,,,,,,,,,,,,,
2526743853,240,1,1,23,56,2nhn3ikl1ciq34w3hcp883d6p,0,35.1,96.6,2023-04-01T16:39:38.972Z,2023-04-02T12:01:32Z,4153643353,141,85.3,4156137491,178,,4153643351,140,59.5,4153643347,155,,4153643357,212,26.7,4153643349,56,Left,4153643361,213,6.0,,,,9qm1adecprlczxw7ldbpvoi51,E. Jordanov,,,,,,,,,,,,,,,,,,,,,,,,,,,,,,,,,,,,,,,,,
2526743859,233,44,1,23,57,920raeoumft3q2wmvc296uceo,1,42.7,14.1,2023-04-01T16:39:40.670Z,2023-04-02T12:01:31Z,4153643385,56,Back,4153643387,285,,4153643451,233,241,,,,,,,,,,,,,,,,164kbzdgdvclxn5zikw5hug6i,V. Ozornwafor,,,,,,,,,,,,,,,,,,,,,,,,,,,,,,,,,,,,,,,,,
2526743867,241,44,1,23,57,2nhn3ikl1ciq34w3hcp883d6p,0,57.3,85.9,2023-04-01T16:39:40.671Z,2023-04-02T12:01:31Z,4153643397,56,Left,4153643399,286,,4153643513,233,233,,,,,,,,,,,,,,,,12c7rhdjh6rja1d2j45n3exyi,K. Vaesen,,,,,,,,,,,,,,,,,,,,,,,,,,,,,,,,,,,,,,,,,
2526743887,234,1,1,23,57,920raeoumft3q2wmvc296uceo,0,41.8,11.4,2023-04-01T16:39:40.726Z,2023-04-02T12:01:31Z,4153643491,141,0.0,4153643487,56,Back,4153643493,212,10.0,4153643485,3,,4156137587,388,,4153643489,140,37.8,4153643495,213,4.3,,,,164kbzdgdvclxn5zikw5hug6i,V. Ozornwafor,,,,,,,,,,,,,,,,,,,,,,,,,,,,,,,,,,,,,,,,,
2526743897,235,5,1,24,0,920raeoumft3q2wmvc296uceo,0,38.4,-1.6,2023-04-01T16:39:43.468Z,2023-04-02T05:06:22Z,4153643981,233,242,4153643555,56,Back,4153643557,347,,,,,,,,,,,,,,,,,164kbzdgdvclxn5zikw5hug6i,V. Ozornwafor,,,,,,,,,,,,,,,,,,,,,,,,,,,,,,,,,,,,,,,,,
2526743987,242,5,1,24,0,2nhn3ikl1ciq34w3hcp883d6p,1,61.6,101.6,2023-04-01T16:39:43.468Z,2023-04-02T05:06:21Z,4153643947,56,Left,4153643975,233,235,4153643949,347,,,,,,,,,,,,,,,,,12c7rhdjh6rja1d2j45n3exyi,K. Vaesen,,,,,,,,,,,,,,,,,,,,,,,,,,,,,,,,,,,,,,,,,
2526744009,243,1,1,24,3,2nhn3ikl1ciq34w3hcp883d6p,1,47.9,100,2023-04-01T16:39:46.531Z,2023-04-02T12:01:30Z,4153644043,107,,4153644057,212,28.7,4155146239,189,,4153644055,141,81.7,4153644051,140,71.9,4153644047,56,Left,4153644059,213,5.8,4157185913,1,,9qm1adecprlczxw7ldbpvoi51,E. Jordanov,,,,,,,,,,,,,,,,,,,,,,,,,,,,,,,,,,,,,,,,,
2526744015,244,50,1,24,6,2nhn3ikl1ciq34w3hcp883d6p,1,75.5,86.7,2023-04-01T16:39:48.792Z,2023-04-02T12:01:30Z,4153644081,56,Left,4153644083,286,,4153644429,233,236,,,,,,,,,,,,,,,,12c7rhdjh6rja1d2j45n3exyi,K. Vaesen,,,,,,,,,,,,,,,,,,,,,,,,,,,,,,,,,,,,,,,,,
2526744053,236,7,1,24,6,920raeoumft3q2wmvc296uceo,1,24.5,13.3,2023-04-01T16:39:49.020Z,2023-04-02T12:01:29Z,4155146421,384,,4153644299,285,,4153644397,233,244,4156138049,178,,4153644297,56,Back,,,,,,,,,,8zz5lnxo7twq8ntb7e0qfvbv9,M. Ilaimaharitra,,,,,,,,,,,,,,,,,,,,,,,,,,,,,,,,,,,,,,,,,
2526744065,237,49,1,24,8,920raeoumft3q2wmvc296uceo,1,25.1,14.9,2023-04-01T16:39:50.782Z,2023-04-02T12:01:29Z,,,,,,,,,,,,,,,,,,,,,,,,,164kbzdgdvclxn5zikw5hug6i,V. Ozornwafor,,,,,,,,,,,,,,,,,,,,,,,,,,,,,,,,,,,,,,,,,
2526744141,238,1,1,24,10,920raeoumft3q2wmvc296uceo,1,34.4,23.2,2023-04-01T16:39:52.984Z,2023-04-02T12:01:28Z,4156138367,178,,4153644675,56,Back,4153644685,213,1.4,4153644681,141,42.1,4153644683,212,12.9,4153644679,140,35.9,,,,,,,164kbzdgdvclxn5zikw5hug6i,V. Ozornwafor,,,,,,,,,,,,,,,,,,,,,,,,,,,,,,,,,,,,,,,,,
2526744161,239,1,1,24,11,920raeoumft3q2wmvc296uceo,1,34.6,35.2,2023-04-01T16:39:53.816Z,2023-04-02T12:01:28Z,4153644763,212,2.2,4153644761,141,32.5,4153644757,56,Back,4153644759,140,33.4,4153644765,213,4.1,4156138457,178,,,,,,,,5ecklu1u6t21rhh8fh4zoq2cq,A. Zorgane,,,,,,,,,,,,,,,,,,,,,,,,,,,,,,,,,,,,,,,,,
2526744217,240,1,1,24,11,920raeoumft3q2wmvc296uceo,1,32.4,26.4,2023-04-01T16:39:54.682Z,2023-04-02T12:01:27Z,4153645087,56,Back,4153645093,212,28.8,4153645091,141,68.8,4156138619,178,,4153645095,213,1.6,4153645089,140,32.2,,,,,,,164kbzdgdvclxn5zikw5hug6i,V. Ozornwafor,,,,,,,,,,,,,,,,,,,,,,,,,,,,,,,,,,,,,,,,,
2526744305,241,1,1,24,16,920raeoumft3q2wmvc296uceo,1,39.1,57.6,2023-04-01T16:39:59.443Z,2023-04-02T12:01:26Z,4153645547,213,0.2,4153645537,155,,4156138665,178,,4153645545,212,40.2,4153645541,140,76.9,4153645543,141,67.2,4153645539,56,Center,4153645549,1,,87d73x3gkomc4soukr5uweqc5,I. Mbenza,,,,,,,,,,,,,,,,,,,,,,,,,,,,,,,,,,,,,,,,,
2526744325,242,1,1,24,23,920raeoumft3q2wmvc296uceo,1,79.1,67.6,2023-04-01T16:40:06.441Z,2023-04-02T12:01:24Z,4153645675,141,51.3,4153645679,213,4.9,4156138755,178,,4153645673,140,80.8,4153645671,56,Center,4153645677,212,11.2,,,,,,,dqazrm2wmu9zqpvp8xbeeb7jd,V. Bayo,,,,,,,,,,,,,,,,,,,,,,,,,,,,,,,,,,,,,,,,,
2526744339,243,1,1,24,25,920raeoumft3q2wmvc296uceo,0,80.1,57.4,2023-04-01T16:40:07.747Z,2023-04-02T12:01:23Z,4153645761,56,Center,4153645763,140,86.2,4156138859,178,,4153645815,233,245,4153645769,213,6.3,4153645759,155,,4153645767,212,6.4,4153645765,141,57.2,72xzl0yjdetvqp2n1pmzyqvze,A. Hosseinzadeh,,,,,,,,,,,,,,,,,,,,,,,,,,,,,,,,,,,,,,,,,
2526744329,245,61,1,24,25,2nhn3ikl1ciq34w3hcp883d6p,1,17.4,42.2,2023-04-01T16:40:08.017Z,2023-04-02T12:01:23Z,4156138907,21,,4156138909,178,,4153645687,56,Back,,,,,,,,,,,,,,,,9kywhmzih4xhuz5d1rrxjcpd6,R. Tagir,,,,,,,,,,,,,,,,,,,,,,,,,,,,,,,,,,,,,,,,,
2526744397,244,1,1,24,26,920raeoumft3q2wmvc296uceo,1,81.6,59,2023-04-01T16:40:09.449Z,2023-04-02T12:01:22Z,4153646063,141,75.4,4156139001,178,,4153646055,56,Center,4153646059,140,82.2,4153646067,213,1.5,4153646065,212,11.2,,,,,,,72xzl0yjdetvqp2n1pmzyqvze,A. Hosseinzadeh,,,,,,,,,,,,,,,,,,,,,,,,,,,,,,,,,,,,,,,,,
2526744427,245,1,1,24,30,920raeoumft3q2wmvc296uceo,1,79,71.7,2023-04-01T16:40:13.344Z,2023-04-02T12:01:21Z,4153646217,212,13.1,4156139059,178,,4153646215,141,73.8,4153646211,56,Center,4153646213,140,91.4,4153646219,213,0.1,,,,,,,14xb29tv90y8uataijmh03rah,D. Heymans,,,,,,,,,,,,,,,,,,,,,,,,,,,,,,,,,,,,,,,,,
2526744445,246,1,1,24,32,920raeoumft3q2wmvc296uceo,0,89.4,76.8,2023-04-01T16:40:15.135Z,2023-04-02T12:01:20Z,4153646311,140,92.1,4153646321,213,5.1,4156139117,178,,4153646317,212,7.2,4153646309,56,Center,4153646315,141,67.0,,,,,,,72xzl0yjdetvqp2n1pmzyqvze,A. Hosseinzadeh,,,,,,,,,,,,,,,,,,,,,,,,,,,,,,,,,,,,,,,,,
2526744449,246,8,1,24,32,2nhn3ikl1ciq34w3hcp883d6p,1,11.1,27.9,2023-04-01T16:40:15.290Z,2023-04-02T12:01:20Z,4153646343,56,Back,4156139157,178,,4155147943,385,,,,,,,,,,,,,,,,,e2z19y8is5m24brpa3gzn02qx,B. Reynolds,,,,,,,,,,,,,,,,,,,,,,,,,,,,,,,,,,,,,,,,,
2526744469,247,6,1,24,34,2nhn3ikl1ciq34w3hcp883d6p,0,0,27.8,2023-04-01T16:40:17.109Z,2023-04-02T05:07:54Z,4153646537,73,,4153646497,56,Back,4153646557,233,247,,,,,,,,,,,,,,,,e2z19y8is5m24brpa3gzn02qx,B. Reynolds,,,,,,,,,,,,,,,,,,,,,,,,,,,,,,,,,,,,,,,,,
2526744475,247,6,1,24,34,920raeoumft3q2wmvc296uceo,1,100,72.2,2023-04-01T16:40:17.109Z,2023-04-02T05:07:53Z,4153646531,73,,4153646529,56,Center,4153646541,233,247,,,,,,,,,,,,,,,,72xzl0yjdetvqp2n1pmzyqvze,A. Hosseinzadeh,,,,,,,,,,,,,,,,,,,,,,,,,,,,,,,,,,,,,,,,,
2526745241,248,1,1,25,19,920raeoumft3q2wmvc296uceo,1,99.5,99.5,2023-04-01T16:41:02.449Z,2023-04-02T12:01:19Z,4153654081,154,,4153650409,213,4.5,4153650399,223,,4153654077,210,13,4153650401,56,Center,4155148111,20,,4153650395,6,,4153650403,140,91.9,5ecklu1u6t21rhh8fh4zoq2cq,A. Zorgane,4156139233,178,,1,4153650397,155,,4153650407,212,4153650411,1,,4153650405,141,4153650393,2,,,,,,,32.3,53.4,,,,,,,,,,,,,,,,,
2526745255,249,44,1,25,21,920raeoumft3q2wmvc296uceo,1,91.3,49.2,2023-04-01T16:41:04.517Z,2023-04-02T11:40:44Z,4153650571,233,248,4153650477,56,Center,4153650479,286,,,,,,,,,,,,,,,,,dqazrm2wmu9zqpvp8xbeeb7jd,V. Bayo,,,,,,,,,,,,,,,,,,,,,,,,,,,,,,,,,,,,,,,,,
2526745223,248,44,1,25,21,2nhn3ikl1ciq34w3hcp883d6p,0,8.7,50.8,2023-04-01T16:41:04.518Z,2023-04-02T11:40:44Z,4153650589,233,249,4153650297,285,,4153650295,56,Back,,,,,,,,,,,,,,,,9kywhmzih4xhuz5d1rrxjcpd6,R. Tagir,,,,,,,,,,,,,,,,,,,,,,,,,,,,,,,,,,,,,,,,,
2526745265,250,13,1,25,21,920raeoumft3q2wmvc296uceo,1,88.8,52.4,2023-04-01T16:41:04.601Z,2023-04-02T12:01:19Z,4153654103,83,,4153651755,25,,4153654135,231,51.1,4153651767,153,,4153654109,154,,4153654105,29,,4153654123,102,59.0,4153654115,55,248,dqazrm2wmu9zqpvp8xbeeb7jd,V. Bayo,4153651757,15,,,4153654127,103,11.1,4153654129,146,4153651765,328,,4153650531,56,4153650529,17,4156139417,388,,4153654133,230,,93.7,Center,,99.4,4153654131,147,,,,,,,53.1,,,,,,
2527019229,880,50,1,25,22,920raeoumft3q2wmvc296uceo,1,93.6,57,2023-04-01T16:41:05.149Z,2023-04-02T12:01:19Z,4155157963,56,Center,4155182821,233,894,4155157965,286,,,,,,,,,,,,,,,,,164kbzdgdvclxn5zikw5hug6i,V. Ozornwafor,,,,,,,,,,,,,,,,,,,,,,,,,,,,,,,,,,,,,,,,,
2527019263,894,7,1,25,22,2nhn3ikl1ciq34w3hcp883d6p,0,6.4,43,2023-04-01T16:41:05.437Z,2023-04-02T12:01:18Z,4155158203,385,,4155158199,56,Back,4155158201,285,,4156139643,178,,4155182807,233,880,,,,,,,,,,12c7rhdjh6rja1d2j45n3exyi,K. Vaesen,,,,,,,,,,,,,,,,,,,,,,,,,,,,,,,,,,,,,,,,,
2527206433,1118,67,1,25,22,920raeoumft3q2wmvc296uceo,1,93.6,57,2023-04-01T16:41:05.541Z,2023-04-02T12:01:18Z,4156175261,233,1165,,,,,,,,,,,,,,,,,,,,,,164kbzdgdvclxn5zikw5hug6i,V. Ozornwafor,,,,,,,,,,,,,,,,,,,,,,,,,,,,,,,,,,,,,,,,,
2527206431,1165,67,1,25,22,2nhn3ikl1ciq34w3hcp883d6p,0,6.4,43,2023-04-01T16:41:05.542Z,2023-04-02T12:01:18Z,4156175267,233,1118,,,,,,,,,,,,,,,,,,,,,,12c7rhdjh6rja1d2j45n3exyi,K. Vaesen,,,,,,,,,,,,,,,,,,,,,,,,,,,,,,,,,,,,,,,,,
2526745285,251,13,1,25,22,920raeoumft3q2wmvc296uceo,1,91.7,56.9,2023-04-01T16:41:05.544Z,2023-04-02T12:01:17Z,4155158607,328,,4153774531,153,,4153776319,391,,4153776327,231,52.7,4153773055,17,,4153776301,75,,4153776317,103,9.7,4153650667,56,Center,164kbzdgdvclxn5zikw5hug6i,V. Ozornwafor,4153776315,102,39.2,,4153776325,230,98.1,4153776321,146,4153774527,20,,4153776323,147,4156140191,178,4155158609,458,,4153774525,25,,98.0,39.5,,,,,,,,,,,,,,,,,
2526745275,249,52,1,25,27,2nhn3ikl1ciq34w3hcp883d6p,1,1.8,67.6,2023-04-01T16:41:10.368Z,2023-04-02T12:01:16Z,4155158765,376,,4156140663,178,,,,,,,,,,,,,,,,,,,,6qlfe04qjldj3rkeeme6gdi39,S. Bolat,,,,,,,,,,,,,,,,,,,,,,,,,,,,,,,,,,,,,,,,,
2526745575,250,1,1,25,43,2nhn3ikl1ciq34w3hcp883d6p,1,9.9,49,2023-04-01T16:41:25.988Z,2023-04-02T12:01:16Z,4153652055,140,29.9,4156140881,178,,4153652063,212,25.4,4153655205,189,,4153652059,141,28.0,4153652047,123,,4153652065,213,5.7,4153652051,56,Back,6qlfe04qjldj3rkeeme6gdi39,S. Bolat,,,,,,,,,,,,,,,,,,,,,,,,,,,,,,,,,,,,,,,,,
2526745615,251,1,1,25,45,2nhn3ikl1ciq34w3hcp883d6p,1,27.9,16.2,2023-04-01T16:41:28.401Z,2023-04-02T12:01:16Z,4153652217,56,Back,4156141019,178,,4153652225,213,5.6,4153652221,141,9.1,4153652223,212,8.1,4153652219,140,34.1,,,,,,,7xs1rx9jos4ls85u362y9hqeh,N. Madsen,,,,,,,,,,,,,,,,,,,,,,,,,,,,,,,,,,,,,,,,,
2526745619,252,3,1,25,50,2nhn3ikl1ciq34w3hcp883d6p,0,46.8,2.6,2023-04-01T16:41:33.020Z,2023-04-02T12:01:14Z,4155161223,464,,4156141275,178,,4153652251,286,,4153652247,56,Back,4153652413,233,252,,,,,,,,,,12c7rhdjh6rja1d2j45n3exyi,K. Vaesen,,,,,,,,,,,,,,,,,,,,,,,,,,,,,,,,,,,,,,,,,
2526745645,252,7,1,25,50,920raeoumft3q2wmvc296uceo,0,53.2,97.4,2023-04-01T16:41:33.588Z,2023-04-02T12:01:14Z,4156141393,178,,4155161153,385,,4153652389,233,252,4153652359,56,Left,4153652361,285,,,,,,,,,,,87d73x3gkomc4soukr5uweqc5,I. Mbenza,,,,,,,,,,,,,,,,,,,,,,,,,,,,,,,,,,,,,,,,,
2526745673,253,1,1,25,52,2nhn3ikl1ciq34w3hcp883d6p,1,32.3,29,2023-04-01T16:41:35.604Z,2023-04-02T12:01:14Z,4153652509,56,Back,4153652515,212,5.8,4156141503,178,,4153652517,213,1.8,4153652511,140,31.2,4153652513,141,37.3,,,,,,,auqy1bigw2a1owxg441wojzyt,L. Van Eenoo,,,,,,,,,,,,,,,,,,,,,,,,,,,,,,,,,,,,,,,,,
2526745693,254,1,1,25,54,2nhn3ikl1ciq34w3hcp883d6p,1,32.6,18.8,2023-04-01T16:41:36.957Z,2023-04-02T12:01:13Z,4153652607,56,Back,4153652613,212,22.3,4153652611,141,51.6,4153652615,213,1.6,4156141579,178,,4153652609,140,32.5,,,,,,,7xs1rx9jos4ls85u362y9hqeh,N. Madsen,,,,,,,,,,,,,,,,,,,,,,,,,,,,,,,,,,,,,,,,,
2526745719,255,1,1,25,55,2nhn3ikl1ciq34w3hcp883d6p,1,29.2,36.6,2023-04-01T16:41:38.698Z,2023-04-02T12:01:13Z,4153652743,213,1.7,4153652739,141,71.1,4153652735,56,Back,4153652741,212,23.7,4156141627,178,,4153652737,140,26.0,,,,,,,auqy1bigw2a1owxg441wojzyt,L. Van Eenoo,,,,,,,,,,,,,,,,,,,,,,,,,,,,,,,,,,,,,,,,,
2526745783,256,1,1,25,58,2nhn3ikl1ciq34w3hcp883d6p,1,24.2,69.5,2023-04-01T16:41:40.843Z,2023-04-02T12:01:12Z,4153653097,140,38.7,4153653101,212,23.3,4153653095,56,Back,4153653103,213,0.9,4156141687,178,,4153653099,141,95.4,,,,,,,9kywhmzih4xhuz5d1rrxjcpd6,R. Tagir,,,,,,,,,,,,,,,,,,,,,,,,,,,,,,,,,,,,,,,,,
2526745853,257,1,1,26,2,2nhn3ikl1ciq34w3hcp883d6p,1,39.7,97.2,2023-04-01T16:41:44.756Z,2023-04-02T12:01:11Z,4153653419,56,Back,4153653423,141,77.0,4156141801,178,,4153653421,140,28.5,4153653425,212,18.1,4153653427,213,4.0,,,,,,,9qm1adecprlczxw7ldbpvoi51,E. Jordanov,,,,,,,,,,,,,,,,,,,,,,,,,,,,,,,,,,,,,,,,,
2526745895,258,1,1,26,5,2nhn3ikl1ciq34w3hcp883d6p,1,27.6,75.4,2023-04-01T16:41:48.123Z,2023-04-02T12:01:10Z,4156141903,178,,4153653659,141,42.8,4153653657,140,25.3,4153653655,56,Back,4153653661,212,22.3,4153653663,213,4.6,,,,,,,9kywhmzih4xhuz5d1rrxjcpd6,R. Tagir,,,,,,,,,,,,,,,,,,,,,,,,,,,,,,,,,,,,,,,,,
2526745945,259,1,1,26,7,2nhn3ikl1ciq34w3hcp883d6p,1,27.3,37.8,2023-04-01T16:41:50.444Z,2023-04-02T12:01:10Z,4153653937,140,28.5,4156141987,178,,4153653941,212,15.8,4153653943,213,4.8,4153653939,141,14.6,4153653935,56,Back,,,,,,,5ujoracvgg00kzd0a8rh8oa1h,R. Neustädter,,,,,,,,,,,,,,,,,,,,,,,,,,,,,,,,,,,,,,,,,
2526745959,260,1,1,26,11,2nhn3ikl1ciq34w3hcp883d6p,1,37,17.1,2023-04-01T16:41:53.780Z,2023-04-02T12:01:09Z,4156142075,178,,4153654029,141,31.0,4153654027,140,39.6,4153654031,212,9.8,4153654033,213,1.3,4153654025,56,Back,,,,,,,7xs1rx9jos4ls85u362y9hqeh,N. Madsen,,,,,,,,,,,,,,,,,,,,,,,,,,,,,,,,,,,,,,,,,
2526745963,261,1,1,26,12,2nhn3ikl1ciq34w3hcp883d6p,1,42.9,33.6,2023-04-01T16:41:54.930Z,2023-04-02T12:01:08Z,4153654055,141,29.5,4153654057,212,11.8,4156142191,178,,4153654059,213,3.4,4153654051,56,Back,4153654053,140,32.0,,,,,,,auqy1bigw2a1owxg441wojzyt,L. Van Eenoo,,,,,,,,,,,,,,,,,,,,,,,,,,,,,,,,,,,,,,,,,
2526745989,262,1,1,26,13,2nhn3ikl1ciq34w3hcp883d6p,1,35.8,25.9,2023-04-01T16:41:55.891Z,2023-04-02T12:01:08Z,4153654195,140,23.7,4153654199,141,42.4,4153654201,212,17.0,4153654185,56,Back,4153654203,213,2.4,4156142277,178,,,,,,,,7xs1rx9jos4ls85u362y9hqeh,N. Madsen,,,,,,,,,,,,,,,,,,,,,,,,,,,,,,,,,,,,,,,,,
2526746051,263,1,1,26,14,2nhn3ikl1ciq34w3hcp883d6p,1,26.7,35.3,2023-04-01T16:41:57.379Z,2023-04-02T12:01:08Z,4153654471,212,24.1,4156142377,178,,4153654469,141,70.5,4153654473,213,1.7,4153654465,56,Back,4153654467,140,24.1,,,,,,,5ujoracvgg00kzd0a8rh8oa1h,R. Neustädter,,,,,,,,,,,,,,,,,,,,,,,,,,,,,,,,,,,,,,,,,
2526746091,264,1,1,26,17,2nhn3ikl1ciq34w3hcp883d6p,1,20.5,68.8,2023-04-01T16:42:00.130Z,2023-04-02T12:01:07Z,4153654689,141,89.9,4153654693,213,0.9,4153654687,140,32.1,4153654691,212,18.8,4156142473,178,,4153654685,56,Back,,,,,,,9kywhmzih4xhuz5d1rrxjcpd6,R. Tagir,,,,,,,,,,,,,,,,,,,,,,,,,,,,,,,,,,,,,,,,,
2526746101,265,1,1,26,20,2nhn3ikl1ciq34w3hcp883d6p,0,30.2,95,2023-04-01T16:42:03.276Z,2023-04-02T12:01:07Z,4153654747,155,,4153654751,140,34.3,4153654919,236,,4153654753,141,94.4,4156142541,178,,4153654921,233,253,4153654757,213,6.2,4153654925,286,,9qm1adecprlczxw7ldbpvoi51,E. Jordanov,4153654749,56,Back,,4153654755,212,4.3,,,,,,,,,,,,,,,,,,,,,,,,,,,,,,,,,,
2526746123,253,74,1,26,20,920raeoumft3q2wmvc296uceo,1,69.7,0.1,2023-04-01T16:42:03.357Z,2023-04-02T12:01:07Z,4153654867,56,Right,4153654869,285,,4156143241,178,,4153654927,233,265,,,,,,,,,,,,,39bcswfqnpa07b4afevezejo4,J. Tchatchoua,,,,,,,,,,,,,,,,,,,,,,,,,,,,,,,,,,,,,,,,,
2526746135,254,5,1,26,22,920raeoumft3q2wmvc296uceo,0,63.7,-1.6,2023-04-01T16:42:05.346Z,2023-04-02T05:11:06Z,4153654945,347,,4153654943,56,Right,4153655245,233,266,,,,,,,,,,,,,,,,39bcswfqnpa07b4afevezejo4,J. Tchatchoua,,,,,,,,,,,,,,,,,,,,,,,,,,,,,,,,,,,,,,,,,
2526746177,266,5,1,26,22,2nhn3ikl1ciq34w3hcp883d6p,1,36.3,101.6,2023-04-01T16:42:05.346Z,2023-04-02T05:11:06Z,4153655157,56,Back,4153655159,347,,4153655217,233,254,,,,,,,,,,,,,,,,9qm1adecprlczxw7ldbpvoi51,E. Jordanov,,,,,,,,,,,,,,,,,,,,,,,,,,,,,,,,,,,,,,,,,
2526746321,267,1,1,26,32,2nhn3ikl1ciq34w3hcp883d6p,1,38,100,2023-04-01T16:42:15.091Z,2023-04-02T12:01:06Z,4153655821,212,8.0,4153655813,107,,4153655823,213,4.6,4153655819,141,89.9,4153655817,140,37.4,4153655815,56,Back,,,,,,,9qm1adecprlczxw7ldbpvoi51,E. Jordanov,,,,,,,,,,,,,,,,,,,,,,,,,,,,,,,,,,,,,,,,,
2526746347,268,1,1,26,33,2nhn3ikl1ciq34w3hcp883d6p,1,40.5,95.8,2023-04-01T16:42:16.542Z,2023-04-02T12:01:06Z,4153655953,141,96.6,4156142745,178,,4153655951,140,35.8,4153655957,213,3.0,4153655955,212,5.0,4153655949,56,Back,,,,,,,auqy1bigw2a1owxg441wojzyt,L. Van Eenoo,,,,,,,,,,,,,,,,,,,,,,,,,,,,,,,,,,,,,,,,,
2526746419,269,1,1,26,35,2nhn3ikl1ciq34w3hcp883d6p,0,38.8,98.1,2023-04-01T16:42:18.102Z,2023-04-02T12:01:05Z,4153656303,56,Left,4153656301,155,,4153656309,212,38.5,4153656311,213,6.1,4156142835,178,,4153656307,141,86.8,4153656313,1,,4153656305,140,74.7,9qm1adecprlczxw7ldbpvoi51,E. Jordanov,,,,,,,,,,,,,,,,,,,,,,,,,,,,,,,,,,,,,,,,,
2526746483,270,4,1,26,37,2nhn3ikl1ciq34w3hcp883d6p,1,60.8,89.6,2023-04-01T16:42:19.822Z,2023-04-02T12:01:05Z,4153656719,56,Left,4153658289,233,256,4153656721,152,,4153656725,286,,4153658233,294,,4153656717,13,,,,,,,,f03fccqnepjczr841h0zqdeui,Y. Matsuo,,,,,,,,,,,,,,,,,,,,,,,,,,,,,,,,,,,,,,,,,
2526746721,256,4,1,26,37,920raeoumft3q2wmvc296uceo,0,39.2,10.4,2023-04-01T16:42:19.823Z,2023-04-02T12:01:05Z,4156142991,178,,4153658275,294,,4153657927,285,,4153658317,233,270,4153657919,13,,4153657923,152,,4153657921,56,Back,,,,164kbzdgdvclxn5zikw5hug6i,V. Ozornwafor,,,,,,,,,,,,,,,,,,,,,,,,,,,,,,,,,,,,,,,,,
2526746405,255,43,1,26,39,920raeoumft3q2wmvc296uceo,1,0,0,2023-04-01T16:42:22.079Z,2023-04-01T16:42:43Z,4153658091,144,49,,,,,,,,,,,,,,,,,,,,,,3bhmh2ks5ma4rqda9zff6w251,S. Knežević,,,,,,,,,,,,,,,,,,,,,,,,,,,,,,,,,,,,,,,,,
2526747047,271,1,1,27,24,2nhn3ikl1ciq34w3hcp883d6p,1,64.7,99.9,2023-04-01T16:43:07.417Z,2023-04-02T12:01:04Z,4156127545,178,,4153659681,141,92.7,4153659673,5,,4153659683,212,6.4,4153659679,140,68.6,4153659677,56,Left,4153659675,152,,4153659685,213,5.4,9kywhmzih4xhuz5d1rrxjcpd6,R. Tagir,,,,,,,,,,,,,,,,,,,,,,,,,,,,,,,,,,,,,,,,,
2526747053,272,1,1,27,26,2nhn3ikl1ciq34w3hcp883d6p,0,68.1,95.3,2023-04-01T16:43:09.410Z,2023-04-02T12:01:04Z,4153659721,141,69.7,4156127633,178,,4153659717,56,Center,4153659723,212,31.3,4153659719,140,92.9,4153659715,155,,4153659725,213,5.7,,,,auqy1bigw2a1owxg441wojzyt,L. Van Eenoo,,,,,,,,,,,,,,,,,,,,,,,,,,,,,,,,,,,,,,,,,
2526747089,257,12,1,27,28,920raeoumft3q2wmvc296uceo,1,8.2,28.4,2023-04-01T16:43:11.376Z,2023-04-02T12:01:04Z,4153659925,56,Back,4153659933,213,6.2,4153659931,212,7.6,4153659927,140,15.4,4153659929,141,27.6,4156127849,388,,,,,,,,ae26s08xs4l50sfm0r6jbsley,S. Andreou,,,,,,,,,,,,,,,,,,,,,,,,,,,,,,,,,,,,,,,,,
2526747085,273,15,1,27,30,2nhn3ikl1ciq34w3hcp883d6p,1,86.1,71.4,2023-04-01T16:43:13.568Z,2023-04-02T12:01:02Z,4153660437,78,,4155163843,215,,4153660101,24,,4156128011,178,,4153659889,64,,4153660103,20,,4153659891,56,Center,4153660445,146,98.4,f03fccqnepjczr841h0zqdeui,Y. Matsuo,4153660447,147,53.4,,4153660441,103,9.5,4153665613,233,4153660443,458,,4153660439,102,,,,,,,,,258,48.4,,,,,,,,,,,,,,,,,
2526747093,258,10,1,27,31,920raeoumft3q2wmvc296uceo,1,1.5,46.8,2023-04-01T16:43:14.335Z,2023-04-02T12:01:02Z,4153665633,233,273,4153665545,179,,4155163927,376,,4153659945,182,,4153665543,177,,4153659947,56,Back,,,,,,,btyk45f7gmz3ck2dafpp22yg9,H. Koffi,,,,,,,,,,,,,,,,,,,,,,,,,,,,,,,,,,,,,,,,,
2526747097,259,52,1,27,31,920raeoumft3q2wmvc296uceo,1,1.9,47.3,2023-04-01T16:43:14.441Z,2023-04-02T12:01:02Z,4155164005,376,,4156128255,179,,,,,,,,,,,,,,,,,,,,btyk45f7gmz3ck2dafpp22yg9,H. Koffi,,,,,,,,,,,,,,,,,,,,,,,,,,,,,,,,,,,,,,,,,
2526747155,260,1,1,27,34,920raeoumft3q2wmvc296uceo,1,6.5,53.7,2023-04-01T16:43:16.767Z,2023-04-02T12:01:01Z,4156128315,178,,4153660295,140,16.0,4153660301,213,1.0,4153660297,141,74.7,4153660299,212,17.4,4153660293,56,Back,4153660291,123,,,,,btyk45f7gmz3ck2dafpp22yg9,H. Koffi,,,,,,,,,,,,,,,,,,,,,,,,,,,,,,,,,,,,,,,,,
2526747191,261,1,1,27,38,920raeoumft3q2wmvc296uceo,1,26.5,72.1,2023-04-01T16:43:21.361Z,2023-04-02T12:00:58Z,4153660485,140,27.6,4153660487,141,57.5,4153660491,213,4.8,4156128375,178,,4153660489,212,10.0,4153660483,56,Back,,,,,,,5ecklu1u6t21rhh8fh4zoq2cq,A. Zorgane,,,,,,,,,,,,,,,,,,,,,,,,,,,,,,,,,,,,,,,,,
2526747289,262,1,1,27,42,920raeoumft3q2wmvc296uceo,1,30.5,50,2023-04-01T16:43:24.778Z,2023-04-02T12:00:57Z,4153660869,56,Back,4153660877,213,5.1,4153660875,212,33.8,4153660873,141,4.1,4153660871,140,42.9,4153660879,1,,4156128441,178,,4153660867,155,,14xb29tv90y8uataijmh03rah,D. Heymans,,,,,,,,,,,,,,,,,,,,,,,,,,,,,,,,,,,,,,,,,
2526747325,263,1,1,27,48,920raeoumft3q2wmvc296uceo,1,72.8,5,2023-04-01T16:43:31.647Z,2023-04-02T12:00:55Z,4153661081,56,Center,4153661083,140,96.4,4153661089,213,0.4,4153661087,212,27.3,4156128529,178,,4153661085,141,21.8,,,,,,,ae26s08xs4l50sfm0r6jbsley,S. Andreou,,,,,,,,,,,,,,,,,,,,,,,,,,,,,,,,,,,,,,,,,
2526747341,264,1,1,27,51,920raeoumft3q2wmvc296uceo,0,94.9,28.3,2023-04-01T16:43:34.127Z,2023-04-02T12:00:55Z,4153661207,141,58.4,4156128589,178,,4153661211,212,20.8,4153661199,140,91.6,4153661215,213,1.7,4155164523,387,,4155164521,225,,4153661183,2,,39bcswfqnpa07b4afevezejo4,J. Tchatchoua,4155164525,20,,,4153661187,155,,4153661191,56,,,,,,,,,,,,,,Center,,,,,,,,,,,,,,,,,,
2526747383,274,12,1,27,53,2nhn3ikl1ciq34w3hcp883d6p,1,8.4,43.7,2023-04-01T16:43:35.956Z,2023-04-02T12:00:55Z,4153661451,141,25.0,4153661447,56,Back,4156128643,178,,4153661453,212,25.3,4153661455,213,5.8,4153661449,140,29.2,,,,,,,e2z19y8is5m24brpa3gzn02qx,B. Reynolds,,,,,,,,,,,,,,,,,,,,,,,,,,,,,,,,,,,,,,,,,
2526747393,275,61,1,27,56,2nhn3ikl1ciq34w3hcp883d6p,0,24.4,38.5,2023-04-01T16:43:38.978Z,2023-04-02T12:00:54Z,4153661483,56,Back,4156128701,178,,,,,,,,,,,,,,,,,,,,8hl43dvm1d57g011yacyoooa1,M. Fixelles,,,,,,,,,,,,,,,,,,,,,,,,,,,,,,,,,,,,,,,,,
2526747439,265,1,1,27,57,920raeoumft3q2wmvc296uceo,1,72.6,58,2023-04-01T16:43:39.797Z,2023-04-02T12:00:54Z,4153661675,212,14.1,4153661669,56,Center,4153661677,213,1.2,4156128875,178,,4153661673,141,77.3,4153661671,140,77.4,,,,,,,5ecklu1u6t21rhh8fh4zoq2cq,A. Zorgane,,,,,,,,,,,,,,,,,,,,,,,,,,,,,,,,,,,,,,,,,
2526747465,266,43,1,27,58,920raeoumft3q2wmvc296uceo,1,0,0,2023-04-01T16:43:40.869Z,2023-04-02T12:53:56Z,4153661769,141,84.4,4153661761,56,Left,4157528749,144,1,4153661771,212,15.0,4156129403,178,0,4153661773,213,0.7,4153661765,140,84.2,,,,87d73x3gkomc4soukr5uweqc5,I. Mbenza,,,,,,,,,,,,,,,,,,,,,,,,,,,,,,,,,,,,,,,,,
2526747515,267,1,1,28,1,920raeoumft3q2wmvc296uceo,1,76.1,83.4,2023-04-01T16:43:43.992Z,2023-04-02T12:00:53Z,4153662033,212,1.6,4153662025,140,74.7,4153662037,213,3.6,4153662019,56,Left,4153662029,141,82.3,4156129687,178,,,,,,,,72xzl0yjdetvqp2n1pmzyqvze,A. Hosseinzadeh,,,,,,,,,,,,,,,,,,,,,,,,,,,,,,,,,,,,,,,,,
2526747571,268,1,1,28,3,920raeoumft3q2wmvc296uceo,1,68.9,79.2,2023-04-01T16:43:46.704Z,2023-04-02T12:00:52Z,4156129777,178,,4153662303,56,Center,4153662309,212,13.3,4153662307,141,62.1,4153662311,213,4.2,4153662305,140,62.7,,,,,,,87d73x3gkomc4soukr5uweqc5,I. Mbenza,,,,,,,,,,,,,,,,,,,,,,,,,,,,,,,,,,,,,,,,,
2526747683,269,1,1,28,6,920raeoumft3q2wmvc296uceo,1,60,51.6,2023-04-01T16:43:49.160Z,2023-04-02T12:00:51Z,4153662927,212,17.6,4153662925,141,26.5,4153662923,140,64.1,4153662921,56,Center,4153662929,213,5.0,4156129853,178,,,,,,,,164kbzdgdvclxn5zikw5hug6i,V. Ozornwafor,,,,,,,,,,,,,,,,,,,,,,,,,,,,,,,,,,,,,,,,,
2526747693,270,1,1,28,12,920raeoumft3q2wmvc296uceo,0,69.2,0.1,2023-04-01T16:43:54.910Z,2023-04-02T12:24:59Z,4153663043,286,,4153663039,233,276,4153662969,141,5.2,4153662967,140,65.2,4153662965,56,Right,4153662973,213,2.5,4156129965,178,,4153662971,212,5.4,ae26s08xs4l50sfm0r6jbsley,S. Andreou,4153663037,236,,,,,,,,,,,,,,,,,,,,,,,,,,,,,,,,,,,,,,,
2526747687,276,74,1,28,12,2nhn3ikl1ciq34w3hcp883d6p,1,31.4,97.3,2023-04-01T16:43:54.922Z,2023-04-02T12:00:49Z,4153662947,56,Back,4156130349,178,,4153662949,285,,4153663051,233,270,,,,,,,,,,,,,dd711ekg0nlaosmsy2lz13syy,T. Van den Keybus,,,,,,,,,,,,,,,,,,,,,,,,,,,,,,,,,,,,,,,,,
2526750507,282,4,1,28,14,2nhn3ikl1ciq34w3hcp883d6p,1,40,77.6,2023-04-01T16:43:57.656Z,2023-04-02T04:59:48Z,4153677357,152,,4153677585,343,3,4153677361,286,,4153677355,56,Back,4153677353,13,,4153677359,265,,4153685837,233,272,,,,f03fccqnepjczr841h0zqdeui,Y. Matsuo,,,,,,,,,,,,,,,,,,,,,,,,,,,,,,,,,,,,,,,,,
2526747871,272,4,1,28,14,920raeoumft3q2wmvc296uceo,0,60,22.4,2023-04-01T16:43:57.657Z,2023-04-02T04:59:48Z,4153680221,13,,4153685859,233,282,4153680223,152,,4153685109,343,3,4156130673,389,,4153685801,285,,4153663775,56,Center,4153680225,265,,164kbzdgdvclxn5zikw5hug6i,V. Ozornwafor,,,,,,,,,,,,,,,,,,,,,,,,,,,,,,,,,,,,,,,,,
2526747807,271,84,1,28,16,920raeoumft3q2wmvc296uceo,1,0,0,2023-04-01T16:43:58.932Z,2023-04-01T16:47:46Z,4153663569,56,Right,4153663571,286,,4153675725,343,2,4153669785,233,277,4153680351,436,3,,,,,,,,,,164kbzdgdvclxn5zikw5hug6i,V. Ozornwafor,,,,,,,,,,,,,,,,,,,,,,,,,,,,,,,,,,,,,,,,,
2526747749,277,43,1,28,16,2nhn3ikl1ciq34w3hcp883d6p,1,0,0,2023-04-01T16:43:58.932Z,2023-04-01T16:47:51Z,4153680617,144,45,4153669755,285,0,4153663263,56,Back,,,,,,,,,,,,,,,,f03fccqnepjczr841h0zqdeui,Y. Matsuo,,,,,,,,,,,,,,,,,,,,,,,,,,,,,,,,,,,,,,,,,
2526747889,273,43,1,28,22,920raeoumft3q2wmvc296uceo,1,0,0,2023-04-01T16:44:05.140Z,2023-04-01T16:47:48Z,4153663859,141,31.0,4153680471,144,1,4153663863,213,3.0,4153663861,212,10.9,4153663855,56,Center,4153663857,140,61.5,,,,,,,8zz5lnxo7twq8ntb7e0qfvbv9,M. Ilaimaharitra,,,,,,,,,,,,,,,,,,,,,,,,,,,,,,,,,,,,,,,,,
2526747905,274,43,1,28,23,920raeoumft3q2wmvc296uceo,1,0,0,2023-04-01T16:44:05.883Z,2023-04-01T16:47:55Z,4153663929,141,35.1,4153680791,144,1,4153663925,56,Center,4153663927,140,70.9,4153663931,212,10.3,4153663933,213,0.3,,,,,,,5ecklu1u6t21rhh8fh4zoq2cq,A. Zorgane,,,,,,,,,,,,,,,,,,,,,,,,,,,,,,,,,,,,,,,,,
2526747915,275,43,1,28,24,920raeoumft3q2wmvc296uceo,1,0,0,2023-04-01T16:44:07.083Z,2023-04-01T16:47:53Z,4153663969,56,Center,4153663977,213,0.2,4153663975,212,8.5,4153663973,141,37.3,4153663971,140,78.8,4153680717,144,1,,,,,,,8zz5lnxo7twq8ntb7e0qfvbv9,M. Ilaimaharitra,,,,,,,,,,,,,,,,,,,,,,,,,,,,,,,,,,,,,,,,,
2526747951,276,43,1,28,25,920raeoumft3q2wmvc296uceo,1,0,0,2023-04-01T16:44:08.371Z,2023-04-01T16:47:52Z,4153664167,56,Center,4153664171,141,27.3,4153664173,212,12.6,4153680647,144,1,4153664175,213,3.7,4153664169,140,68.7,,,,,,,dqazrm2wmu9zqpvp8xbeeb7jd,V. Bayo,,,,,,,,,,,,,,,,,,,,,,,,,,,,,,,,,,,,,,,,,
2526747969,277,43,1,28,27,920raeoumft3q2wmvc296uceo,1,0,0,2023-04-01T16:44:10.643Z,2023-04-01T16:47:51Z,4153664271,56,Right,4153664277,212,19.0,4153664273,140,84.8,4153680597,144,1,4153664275,141,14.7,4153664279,213,5.8,,,,,,,5ecklu1u6t21rhh8fh4zoq2cq,A. Zorgane,,,,,,,,,,,,,,,,,,,,,,,,,,,,,,,,,,,,,,,,,
2526748071,278,43,1,28,29,920raeoumft3q2wmvc296uceo,1,0,0,2023-04-01T16:44:11.882Z,2023-04-01T16:47:50Z,4153664835,155,0,4153680537,144,1,4153664837,56,Center,4153664845,213,1.3,4153664841,141,53.7,4153664839,140,91.5,4153664843,212,27.4,4153664833,2,0,39bcswfqnpa07b4afevezejo4,J. Tchatchoua,,,,,,,,,,,,,,,,,,,,,,,,,,,,,,,,,,,,,,,,,
2526748009,278,43,1,28,32,2nhn3ikl1ciq34w3hcp883d6p,1,0,0,2023-04-01T16:44:15.244Z,2023-04-01T16:44:21Z,4153664531,56,Back,4153664897,144,44,4153664533,285,0,,,,,,,,,,,,,,,,6qlfe04qjldj3rkeeme6gdi39,S. Bolat,,,,,,,,,,,,,,,,,,,,,,,,,,,,,,,,,,,,,,,,,
2526748059,279,43,1,28,34,2nhn3ikl1ciq34w3hcp883d6p,1,0,0,2023-04-01T16:44:17.053Z,2023-04-01T16:47:07Z,4153677699,144,4,4153664757,13,0,4153664765,285,0,4153664913,233,279,4153664761,56,Back,4153664759,264,0,4153664763,152,0,,,,6qlfe04qjldj3rkeeme6gdi39,S. Bolat,,,,,,,,,,,,,,,,,,,,,,,,,,,,,,,,,,,,,,,,,
2526748077,279,43,1,28,34,920raeoumft3q2wmvc296uceo,1,0,0,2023-04-01T16:44:17.054Z,2023-04-01T16:47:56Z,4153664879,56,Center,4153664881,152,0,4153664883,286,0,4153680883,144,4,4153664875,13,0,4153664877,264,0,,,,,,,dqazrm2wmu9zqpvp8xbeeb7jd,V. Bayo,,,,,,,,,,,,,,,,,,,,,,,,,,,,,,,,,,,,,,,,,
2526748657,280,27,1,29,15,2nhn3ikl1ciq34w3hcp883d6p,1,0,0,2023-04-01T16:44:57.887Z,2023-04-02T04:59:51Z,4153668009,233,280,4153667947,41,Injury,4153667953,53,f03fccqnepjczr841h0zqdeui,,,,,,,,,,,,,,,,,,,,,,,,,,,,,,,,,,,,,,,,,,,,,,,,,,,,,,,,,,
2526748645,280,27,1,29,15,920raeoumft3q2wmvc296uceo,1,0,0,2023-04-01T16:44:57.887Z,2023-04-02T04:59:52Z,4153668059,233,280,,,,,,,,,,,,,,,,,,,,,,,,,,,,,,,,,,,,,,,,,,,,,,,,,,,,,,,,,,,,,,,,
2526749513,281,28,1,30,3,2nhn3ikl1ciq34w3hcp883d6p,1,0,0,2023-04-01T16:45:46.154Z,2023-04-02T04:55:49Z,4153672195,233,281,4153672145,55,280,,,,,,,,,,,,,,,,,,,,,,,,,,,,,,,,,,,,,,,,,,,,,,,,,,,,,,,,,,,,,
2526749519,281,28,1,30,3,920raeoumft3q2wmvc296uceo,1,0,0,2023-04-01T16:45:46.154Z,2023-04-02T04:55:49Z,4153672199,233,281,4153672167,55,280,,,,,,,,,,,,,,,,,,,,,,,,,,,,,,,,,,,,,,,,,,,,,,,,,,,,,,,,,,,,,
2526749543,282,27,1,30,4,920raeoumft3q2wmvc296uceo,1,0,0,2023-04-01T16:45:47.085Z,2023-04-02T04:56:21Z,4153672299,364,,4153672295,201,,4153672297,207,,,,,,,,,,,,,,,,,,,,,,,,,,,,,,,,,,,,,,,,,,,,,,,,,,,,,,,,,,,
2526750187,283,65,1,30,11,920raeoumft3q2wmvc296uceo,1,0,0,2023-04-01T16:45:54.205Z,2023-04-02T04:56:24Z,4153675737,365,271,4153675735,332,,4153677937,336,,,,,,,,,,,,,,,,,164kbzdgdvclxn5zikw5hug6i,V. Ozornwafor,,,,,,,,,,,,,,,,,,,,,,,,,,,,,,,,,,,,,,,,,
2526750431,284,28,1,30,58,920raeoumft3q2wmvc296uceo,1,0,0,2023-04-01T16:46:41.667Z,2023-04-02T04:56:33Z,4153676931,364,,4153676933,55,282,,,,,,,,,,,,,,,,,,,,,,,,,,,,,,,,,,,,,,,,,,,,,,,,,,,,,,,,,,,,,
2526750495,285,17,1,31,8,920raeoumft3q2wmvc296uceo,1,0,0,2023-04-01T16:46:51.418Z,2023-04-02T04:56:37Z,4153677289,13,243,4153678075,343,3,4153677285,31,,4153677287,392,,,,,,,,,,,,,,164kbzdgdvclxn5zikw5hug6i,V. Ozornwafor,,,,,,,,,,,,,,,,,,,,,,,,,,,,,,,,,,,,,,,,,
2526751107,283,1,1,32,3,2nhn3ikl1ciq34w3hcp883d6p,1,47.6,90.9,2023-04-01T16:47:45.913Z,2023-04-02T12:00:48Z,4153680655,196,,4153680661,140,33.5,4153680675,1,,4153680663,141,14.4,4153680657,152,,4153680659,56,Back,4153680667,212,54.1,4153680653,155,,auqy1bigw2a1owxg441wojzyt,L. Van Eenoo,4153680671,213,4.4,,4156127493,178,,4153680651,5,,,,,,,,,,,,,,,,,,,,,,,,,,,,,,,,
2526751123,284,1,1,32,8,2nhn3ikl1ciq34w3hcp883d6p,1,43.1,18.3,2023-04-01T16:47:50.878Z,2023-04-02T12:00:48Z,4153680785,213,1.9,4156127567,178,,4153680777,56,Back,4153680779,140,34.1,4153680783,212,31.0,4153680781,141,61.7,,,,,,,e2z19y8is5m24brpa3gzn02qx,B. Reynolds,,,,,,,,,,,,,,,,,,,,,,,,,,,,,,,,,,,,,,,,,
2526751137,285,1,1,32,11,2nhn3ikl1ciq34w3hcp883d6p,1,34.1,57.9,2023-04-01T16:47:54.310Z,2023-04-02T12:00:47Z,4153680899,56,Back,4153680901,140,30.1,4156127811,178,,4153680911,212,14.6,4153680907,141,37.4,4153680913,213,4.4,,,,,,,9kywhmzih4xhuz5d1rrxjcpd6,R. Tagir,,,,,,,,,,,,,,,,,,,,,,,,,,,,,,,,,,,,,,,,,
2526751157,286,1,1,32,14,2nhn3ikl1ciq34w3hcp883d6p,1,32.3,36.2,2023-04-01T16:47:57.138Z,2023-04-02T12:00:46Z,4153681025,213,2.8,4156127925,178,,4153681017,56,Back,4153681019,140,13.2,4153681023,212,21.2,4153681021,141,46.1,,,,,,,5ujoracvgg00kzd0a8rh8oa1h,R. Neustädter,,,,,,,,,,,,,,,,,,,,,,,,,,,,,,,,,,,,,,,,,
2526751179,287,1,1,32,16,2nhn3ikl1ciq34w3hcp883d6p,1,14.7,45.1,2023-04-01T16:47:59.053Z,2023-04-02T12:00:46Z,4153681119,140,22.4,4153681123,212,25.8,4156127963,178,,4153681121,141,9.1,4153681125,213,5.0,4153681115,155,,4153681117,56,Back,,,,6qlfe04qjldj3rkeeme6gdi39,S. Bolat,,,,,,,,,,,,,,,,,,,,,,,,,,,,,,,,,,,,,,,,,
2526751185,288,1,1,32,18,2nhn3ikl1ciq34w3hcp883d6p,0,29.9,2.8,2023-04-01T16:48:01.213Z,2023-04-02T12:00:46Z,4156128105,388,,4153681157,140,21.8,4153681155,56,Back,4153681161,212,12.9,4153681163,213,2.3,4153681159,141,17.0,,,,,,,e2z19y8is5m24brpa3gzn02qx,B. Reynolds,,,,,,,,,,,,,,,,,,,,,,,,,,,,,,,,,,,,,,,,,
2527262971,1588,67,1,32,19,920raeoumft3q2wmvc296uceo,1,77.4,81.1,2023-04-01T16:48:02.584Z,2023-04-02T12:00:45Z,4156465193,233,1622,,,,,,,,,,,,,,,,,,,,,,dqazrm2wmu9zqpvp8xbeeb7jd,V. Bayo,,,,,,,,,,,,,,,,,,,,,,,,,,,,,,,,,,,,,,,,,
2527262967,1622,67,1,32,19,2nhn3ikl1ciq34w3hcp883d6p,0,22.6,18.9,2023-04-01T16:48:02.585Z,2023-04-02T12:00:45Z,4156465207,233,1588,,,,,,,,,,,,,,,,,,,,,,5ujoracvgg00kzd0a8rh8oa1h,R. Neustädter,,,,,,,,,,,,,,,,,,,,,,,,,,,,,,,,,,,,,,,,,
2527204641,1030,43,1,32,19,920raeoumft3q2wmvc296uceo,1,0,0,2023-04-01T16:48:02.636Z,2023-04-02T06:13:17Z,4156213707,144,67,4156165859,233,1060,,,,,,,,,,,,,,,,,,,dqazrm2wmu9zqpvp8xbeeb7jd,V. Bayo,,,,,,,,,,,,,,,,,,,,,,,,,,,,,,,,,,,,,,,,,
2527204637,1060,43,1,32,19,2nhn3ikl1ciq34w3hcp883d6p,1,0,0,2023-04-01T16:48:02.637Z,2023-04-02T06:13:17Z,4156213719,144,67,4156165863,233,1030,,,,,,,,,,,,,,,,,,,5ujoracvgg00kzd0a8rh8oa1h,R. Neustädter,,,,,,,,,,,,,,,,,,,,,,,,,,,,,,,,,,,,,,,,,
2526751195,286,8,1,32,19,920raeoumft3q2wmvc296uceo,1,75.6,83,2023-04-01T16:48:02.706Z,2023-04-02T12:00:44Z,4155169629,384,,4153681191,56,Left,4156128211,178,,,,,,,,,,,,,,,,,dqazrm2wmu9zqpvp8xbeeb7jd,V. Bayo,,,,,,,,,,,,,,,,,,,,,,,,,,,,,,,,,,,,,,,,,
2526751203,287,49,1,32,20,920raeoumft3q2wmvc296uceo,1,73.3,88.3,2023-04-01T16:48:03.379Z,2023-04-02T12:00:44Z,,,,,,,,,,,,,,,,,,,,,,,,,5ecklu1u6t21rhh8fh4zoq2cq,A. Zorgane,,,,,,,,,,,,,,,,,,,,,,,,,,,,,,,,,,,,,,,,,
2526751223,288,1,1,32,21,920raeoumft3q2wmvc296uceo,1,74.2,86.7,2023-04-01T16:48:04.133Z,2023-04-02T12:00:43Z,4153681335,56,Center,4153681347,213,5.2,4153681345,212,13.8,4153681343,141,68.4,4153681339,140,79.9,4156128347,178,,,,,,,,5ecklu1u6t21rhh8fh4zoq2cq,A. Zorgane,,,,,,,,,,,,,,,,,,,,,,,,,,,,,,,,,,,,,,,,,
2526751231,289,1,1,32,22,920raeoumft3q2wmvc296uceo,0,80.4,64.7,2023-04-01T16:48:05.271Z,2023-04-02T12:00:43Z,4153681375,56,Center,4156128433,178,,4153681377,140,75.7,4153681379,141,62.1,4153681381,212,5.2,4153681383,213,3.5,,,,,,,14xb29tv90y8uataijmh03rah,D. Heymans,,,,,,,,,,,,,,,,,,,,,,,,,,,,,,,,,,,,,,,,,
2527204731,1069,67,1,32,23,2nhn3ikl1ciq34w3hcp883d6p,1,23.5,40.9,2023-04-01T16:48:06.518Z,2023-04-02T12:00:43Z,4156166419,233,1035,,,,,,,,,,,,,,,,,,,,,,auqy1bigw2a1owxg441wojzyt,L. Van Eenoo,,,,,,,,,,,,,,,,,,,,,,,,,,,,,,,,,,,,,,,,,
2527204729,1035,67,1,32,23,920raeoumft3q2wmvc296uceo,0,76.5,59.1,2023-04-01T16:48:06.519Z,2023-04-02T12:00:42Z,4156166423,233,1069,,,,,,,,,,,,,,,,,,,,,,8zz5lnxo7twq8ntb7e0qfvbv9,M. Ilaimaharitra,,,,,,,,,,,,,,,,,,,,,,,,,,,,,,,,,,,,,,,,,
2526751247,289,8,1,32,23,2nhn3ikl1ciq34w3hcp883d6p,1,21.5,42.4,2023-04-01T16:48:06.539Z,2023-04-02T12:00:42Z,4156128675,178,,4153681455,56,Back,4155169953,383,,,,,,,,,,,,,,,,,auqy1bigw2a1owxg441wojzyt,L. Van Eenoo,,,,,,,,,,,,,,,,,,,,,,,,,,,,,,,,,,,,,,,,,
2526751261,290,45,1,32,23,920raeoumft3q2wmvc296uceo,0,78.5,57.8,2023-04-01T16:48:06.603Z,2023-04-02T12:00:42Z,4153681563,233,290,4153681499,56,Center,4153681501,286,,,,,,,,,,,,,,,,,8zz5lnxo7twq8ntb7e0qfvbv9,M. Ilaimaharitra,,,,,,,,,,,,,,,,,,,,,,,,,,,,,,,,,,,,,,,,,
2526751263,290,3,1,32,23,2nhn3ikl1ciq34w3hcp883d6p,1,21.5,42.2,2023-04-01T16:48:06.603Z,2023-04-02T12:00:41Z,4153681519,233,290,4155170265,464,,4153681505,285,,4156129145,178,,4153681503,56,Back,,,,,,,,,,auqy1bigw2a1owxg441wojzyt,L. Van Eenoo,,,,,,,,,,,,,,,,,,,,,,,,,,,,,,,,,,,,,,,,,
2526751265,291,49,1,32,24,2nhn3ikl1ciq34w3hcp883d6p,1,21.8,37.2,2023-04-01T16:48:07.563Z,2023-04-02T12:00:41Z,,,,,,,,,,,,,,,,,,,,,,,,,auqy1bigw2a1owxg441wojzyt,L. Van Eenoo,,,,,,,,,,,,,,,,,,,,,,,,,,,,,,,,,,,,,,,,,
2526751281,292,1,1,32,24,2nhn3ikl1ciq34w3hcp883d6p,1,21.8,37.1,2023-04-01T16:48:07.582Z,2023-04-02T12:00:41Z,4153681609,56,Back,4153681615,212,16.1,4153681617,213,6.0,4156129315,178,,4153681611,140,36.5,4153681613,141,30.6,,,,,,,auqy1bigw2a1owxg441wojzyt,L. Van Eenoo,,,,,,,,,,,,,,,,,,,,,,,,,,,,,,,,,,,,,,,,,
2526751445,295,4,1,32,26,2nhn3ikl1ciq34w3hcp883d6p,1,35.4,33.7,2023-04-01T16:48:09.312Z,2023-04-02T12:00:40Z,4153684581,286,,4153682593,233,291,4153682577,152,,4153682575,56,Back,4153682573,13,,4155170495,295,,,,,,,,12c7rhdjh6rja1d2j45n3exyi,K. Vaesen,,,,,,,,,,,,,,,,,,,,,,,,,,,,,,,,,,,,,,,,,
2526751371,291,4,1,32,26,920raeoumft3q2wmvc296uceo,0,64.6,66.3,2023-04-01T16:48:09.313Z,2023-04-02T12:00:40Z,4153682149,13,,4156129415,178,,4155170523,295,,4153682613,233,295,4153684583,285,,4153682151,56,Center,4153682153,152,,,,,3bhmh2ks5ma4rqda9zff6w251,S. Knežević,,,,,,,,,,,,,,,,,,,,,,,,,,,,,,,,,,,,,,,,,
2526751287,293,43,1,32,27,2nhn3ikl1ciq34w3hcp883d6p,1,0,0,2023-04-01T16:48:10.412Z,2023-04-01T16:48:52Z,4153681653,141,35.5,4153681651,140,29.4,4153681657,213,2.7,4153681655,212,8.2,4153681649,56,Back,4153684085,144,1,,,,,,,12c7rhdjh6rja1d2j45n3exyi,K. Vaesen,,,,,,,,,,,,,,,,,,,,,,,,,,,,,,,,,,,,,,,,,
2526751303,294,43,1,32,28,2nhn3ikl1ciq34w3hcp883d6p,1,0,0,2023-04-01T16:48:11.060Z,2023-04-01T16:48:54Z,4153681767,140,46.6,4153684245,144,1,4153681765,56,Back,4153681771,212,20.9,4153681775,213,0.5,4153681769,141,50.9,,,,,,,7xs1rx9jos4ls85u362y9hqeh,N. Madsen,,,,,,,,,,,,,,,,,,,,,,,,,,,,,,,,,,,,,,,,,
2526751557,296,1,1,32,44,2nhn3ikl1ciq34w3hcp883d6p,1,37.4,35.7,2023-04-01T16:48:27.421Z,2023-04-02T12:00:39Z,4153683033,5,,4153683043,212,25.3,4153683039,140,27.4,4153683041,141,69.6,4153683045,213,2.0,4153683037,56,Back,4156129601,178,,4153683035,152,,7xs1rx9jos4ls85u362y9hqeh,N. Madsen,,,,,,,,,,,,,,,,,,,,,,,,,,,,,,,,,,,,,,,,,
2526751575,297,1,1,32,48,2nhn3ikl1ciq34w3hcp883d6p,1,30,70.8,2023-04-01T16:48:31.135Z,2023-04-02T12:00:39Z,4153683149,212,22.9,4156129845,178,,4153683143,56,Back,4153683145,140,24.9,4153683147,141,38.0,4153683151,213,4.5,,,,,,,9kywhmzih4xhuz5d1rrxjcpd6,R. Tagir,,,,,,,,,,,,,,,,,,,,,,,,,,,,,,,,,,,,,,,,,
2526751587,298,1,1,32,50,2nhn3ikl1ciq34w3hcp883d6p,1,29.4,27.4,2023-04-01T16:48:33.637Z,2023-04-02T12:00:38Z,4153683221,56,Back,4153683223,140,34.7,4156129925,178,,4153683229,213,5.2,4153683227,212,11.7,4153683225,141,12.2,,,,,,,5ujoracvgg00kzd0a8rh8oa1h,R. Neustädter,,,,,,,,,,,,,,,,,,,,,,,,,,,,,,,,,,,,,,,,,
2526751647,299,1,1,32,53,2nhn3ikl1ciq34w3hcp883d6p,0,42.8,3.9,2023-04-01T16:48:36.546Z,2023-04-02T12:00:37Z,4153683603,140,98.5,4153683601,56,Right,4153683609,213,0.1,4153683611,1,,4153683607,212,58.6,4153683605,141,8.3,4156129957,178,,4153683599,155,,e2z19y8is5m24brpa3gzn02qx,B. Reynolds,,,,,,,,,,,,,,,,,,,,,,,,,,,,,,,,,,,,,,,,,
2527204903,1038,67,1,33,0,920raeoumft3q2wmvc296uceo,1,0.4,96.8,2023-04-01T16:48:42.846Z,2023-04-02T12:00:37Z,4156167385,233,1090,,,,,,,,,,,,,,,,,,,,,,3bhmh2ks5ma4rqda9zff6w251,S. Knežević,,,,,,,,,,,,,,,,,,,,,,,,,,,,,,,,,,,,,,,,,
2527204899,1090,67,1,33,0,2nhn3ikl1ciq34w3hcp883d6p,0,99.6,3.2,2023-04-01T16:48:42.847Z,2023-04-02T12:00:37Z,4156167391,233,1038,,,,,,,,,,,,,,,,,,,,,,12c7rhdjh6rja1d2j45n3exyi,K. Vaesen,,,,,,,,,,,,,,,,,,,,,,,,,,,,,,,,,,,,,,,,,
2526751687,292,61,1,33,0,920raeoumft3q2wmvc296uceo,0,1.1,97.4,2023-04-01T16:48:42.890Z,2023-04-02T12:00:36Z,4156130055,178,,4153683851,56,Back,,,,,,,,,,,,,,,,,,,3bhmh2ks5ma4rqda9zff6w251,S. Knežević,,,,,,,,,,,,,,,,,,,,,,,,,,,,,,,,,,,,,,,,,
2526751711,293,6,1,33,0,920raeoumft3q2wmvc296uceo,0,0.4,92.4,2023-04-01T16:48:43.067Z,2023-04-02T04:59:11Z,4153683955,73,,4153683947,56,Back,4153684023,233,300,,,,,,,,,,,,,,,,3bhmh2ks5ma4rqda9zff6w251,S. Knežević,,,,,,,,,,,,,,,,,,,,,,,,,,,,,,,,,,,,,,,,,
2526751679,300,6,1,33,0,2nhn3ikl1ciq34w3hcp883d6p,1,99.6,7.6,2023-04-01T16:48:43.067Z,2023-04-02T04:59:12Z,4153683797,56,Right,4153684003,233,293,4153683799,75,,,,,,,,,,,,,,,,,e2z19y8is5m24brpa3gzn02qx,B. Reynolds,,,,,,,,,,,,,,,,,,,,,,,,,,,,,,,,,,,,,,,,,
2526752209,301,1,1,33,43,2nhn3ikl1ciq34w3hcp883d6p,0,99.5,0.5,2023-04-01T16:49:25.784Z,2023-04-02T04:59:16Z,4153686549,56,Center,4153686555,212,29.4,4155171543,20,,4153686541,2,,4153686557,213,1.9,4153686543,6,,4156130179,178,,4153686545,155,,7xs1rx9jos4ls85u362y9hqeh,N. Madsen,4153686547,224,,,4153686551,140,89.4,4153686553,141,,,,,,,,,,,,,,40.9,,,,,,,,,,,,,,,,,,
2526752229,294,44,1,33,44,920raeoumft3q2wmvc296uceo,1,5.4,50,2023-04-01T16:49:27.578Z,2023-04-02T12:00:36Z,4153686621,56,Back,4153686637,233,302,4153686623,285,,,,,,,,,,,,,,,,,3bhmh2ks5ma4rqda9zff6w251,S. Knežević,,,,,,,,,,,,,,,,,,,,,,,,,,,,,,,,,,,,,,,,,
2526752215,302,44,1,33,44,2nhn3ikl1ciq34w3hcp883d6p,0,94.6,50,2023-04-01T16:49:27.579Z,2023-04-02T12:00:36Z,4153686693,233,294,4153686579,56,Center,4153686581,286,,,,,,,,,,,,,,,,,9kywhmzih4xhuz5d1rrxjcpd6,R. Tagir,,,,,,,,,,,,,,,,,,,,,,,,,,,,,,,,,,,,,,,,,
2526752237,295,12,1,33,44,920raeoumft3q2wmvc296uceo,1,6.5,52.8,2023-04-01T16:49:27.642Z,2023-04-02T12:00:35Z,4153686657,56,Back,4153686711,15,,4153686663,212,25.2,4153686661,141,64.3,4153686665,213,0.3,4156130335,388,,4153686659,140,29.3,,,,3bhmh2ks5ma4rqda9zff6w251,S. Knežević,,,,,,,,,,,,,,,,,,,,,,,,,,,,,,,,,,,,,,,,,
2526752263,303,61,1,33,47,2nhn3ikl1ciq34w3hcp883d6p,0,74.4,40.8,2023-04-01T16:49:30.678Z,2023-04-02T12:00:35Z,4156130451,178,,4153686765,56,Center,,,,,,,,,,,,,,,,,,,e2z19y8is5m24brpa3gzn02qx,B. Reynolds,,,,,,,,,,,,,,,,,,,,,,,,,,,,,,,,,,,,,,,,,
2526752295,296,43,1,33,49,920raeoumft3q2wmvc296uceo,1,0,0,2023-04-01T16:49:32.221Z,2023-04-01T16:50:19Z,4153686891,285,0,4153686889,56,Back,4153689847,144,7,4153686899,233,303,,,,,,,,,,,,,8zz5lnxo7twq8ntb7e0qfvbv9,M. Ilaimaharitra,,,,,,,,,,,,,,,,,,,,,,,,,,,,,,,,,,,,,,,,,
2526752297,297,49,1,33,49,920raeoumft3q2wmvc296uceo,1,29.9,73.5,2023-04-01T16:49:32.642Z,2023-04-02T12:00:35Z,,,,,,,,,,,,,,,,,,,,,,,,,72xzl0yjdetvqp2n1pmzyqvze,A. Hosseinzadeh,,,,,,,,,,,,,,,,,,,,,,,,,,,,,,,,,,,,,,,,,
2526752381,298,1,1,33,51,920raeoumft3q2wmvc296uceo,1,31.1,75,2023-04-01T16:49:33.914Z,2023-04-02T12:00:34Z,4153687275,140,61.7,4153687285,1,,4153687281,212,33.1,4156130627,178,,4153687273,56,Left,4153687283,213,0.2,4153687279,141,86.5,,,,72xzl0yjdetvqp2n1pmzyqvze,A. Hosseinzadeh,,,,,,,,,,,,,,,,,,,,,,,,,,,,,,,,,,,,,,,,,
2526752433,299,1,1,33,58,920raeoumft3q2wmvc296uceo,1,86.9,85.9,2023-04-01T16:49:40.949Z,2023-04-02T12:00:33Z,4155172767,72,,4156130665,178,,4153687565,140,86.2,4153690961,210,16,4155172765,386,,4153690963,154,,4153687567,141,45.7,4153687559,2,,39bcswfqnpa07b4afevezejo4,J. Tchatchoua,4153690965,23,,,4155172763,225,,4153687563,56,4153687571,213,4.7,4153687569,212,,,,,,,,1,Center,27.3,,,,,,,,,,,,,,,,,
2526752437,300,16,1,34,1,920raeoumft3q2wmvc296uceo,1,88.8,49.6,2023-04-01T16:49:44.443Z,2023-04-02T12:00:32Z,4153691003,230,95.9,4155173585,396,46.7,4153690997,102,53.9,4153691001,214,,4153690985,77,,4153690991,55,299,4156130783,178,,4153689787,72,,dqazrm2wmu9zqpvp8xbeeb7jd,V. Bayo,4153690999,103,31.0,,4153689795,375,34:00.714,4153687591,17,4153687593,56,Center,4153691005,231,4155173583,395,4153690987,29,,4153689785,23,,,51.3,4.3,,4153690989,154,4153689791,374,2023-04-01 17:49:43.449,,,,,,,,,,
2526753031,304,1,1,34,44,2nhn3ikl1ciq34w3hcp883d6p,1,50.3,50.5,2023-04-01T16:50:26.874Z,2023-04-02T10:40:17Z,4153690931,279,G,4153690927,212,14.6,4155174839,189,,4153690925,141,62.7,4153690921,56,Back,4156130895,178,,4153690923,140,38.9,4153690929,213,2.5,12c7rhdjh6rja1d2j45n3exyi,K. Vaesen,,,,,,,,,,,,,,,,,,,,,,,,,,,,,,,,,,,,,,,,,
2527021879,895,1,1,34,50,2nhn3ikl1ciq34w3hcp883d6p,1,46.2,78.8,2023-04-01T16:50:33.733Z,2023-04-02T12:00:31Z,4155174637,213,2.3,4155174635,212,15.0,4155174629,56,Back,4155174877,189,,4155174633,141,96.0,4156130997,178,,4155174631,140,37.2,,,,auqy1bigw2a1owxg441wojzyt,L. Van Eenoo,,,,,,,,,,,,,,,,,,,,,,,,,,,,,,,,,,,,,,,,,
2527021895,896,1,1,34,51,2nhn3ikl1ciq34w3hcp883d6p,1,44.7,93.9,2023-04-01T16:50:33.774Z,2023-04-02T12:00:31Z,4155174727,213,3.7,4155174927,189,,4155174725,212,22.0,4155174721,140,26.9,4155174723,141,76.9,4156131055,178,,4155174719,56,Back,,,,9qm1adecprlczxw7ldbpvoi51,E. Jordanov,,,,,,,,,,,,,,,,,,,,,,,,,,,,,,,,,,,,,,,,,
2526753045,305,1,1,34,53,2nhn3ikl1ciq34w3hcp883d6p,1,27.4,62.8,2023-04-01T16:50:36.270Z,2023-04-02T12:00:30Z,4153691077,140,26.6,4153691085,212,15.9,4153691073,56,Back,4153691081,141,39.4,4153691089,213,4.7,4156131131,178,,,,,,,,9kywhmzih4xhuz5d1rrxjcpd6,R. Tagir,,,,,,,,,,,,,,,,,,,,,,,,,,,,,,,,,,,,,,,,,
2526753061,306,1,1,34,55,2nhn3ikl1ciq34w3hcp883d6p,1,28.1,37.3,2023-04-01T16:50:38.485Z,2023-04-02T12:00:29Z,4153691183,141,20.4,4153691181,140,32.7,4153691185,212,12.5,4156131149,178,,4153691177,56,Back,4153691187,213,5.1,,,,,,,5ujoracvgg00kzd0a8rh8oa1h,R. Neustädter,,,,,,,,,,,,,,,,,,,,,,,,,,,,,,,,,,,,,,,,,
2526753097,307,1,1,34,58,2nhn3ikl1ciq34w3hcp883d6p,1,35.8,16.8,2023-04-01T16:50:41.580Z,2023-04-02T12:00:28Z,4153691417,141,36.4,4156131201,178,,4153691415,140,28.7,4153691413,56,Back,4153691421,213,2.1,4153691419,212,15.3,,,,,,,7xs1rx9jos4ls85u362y9hqeh,N. Madsen,,,,,,,,,,,,,,,,,,,,,,,,,,,,,,,,,,,,,,,,,
2526753131,308,1,1,35,2,2nhn3ikl1ciq34w3hcp883d6p,1,32.3,42.7,2023-04-01T16:50:45.398Z,2023-04-02T12:00:27Z,4153691603,140,33.4,4153691607,212,28.6,4153691609,213,1.5,4153691605,141,84.7,4156131291,178,,4153691599,56,Back,,,,,,,5ujoracvgg00kzd0a8rh8oa1h,R. Neustädter,,,,,,,,,,,,,,,,,,,,,,,,,,,,,,,,,,,,,,,,,
2526753187,309,1,1,35,5,2nhn3ikl1ciq34w3hcp883d6p,0,31.9,92.3,2023-04-01T16:50:48.635Z,2023-04-02T12:00:26Z,4153691953,1,,4153691947,141,86.3,4153691951,213,6.2,4153691945,140,91.4,4156131335,178,,4153691943,56,Left,4153691941,155,,4153691949,212,62.6,auqy1bigw2a1owxg441wojzyt,L. Van Eenoo,,,,,,,,,,,,,,,,,,,,,,,,,,,,,,,,,,,,,,,,,
2526753413,305,59,1,35,10,920raeoumft3q2wmvc296uceo,1,0,0,2023-04-01T16:50:53.147Z,2023-04-02T12:00:25Z,4153693077,56,Back,,,,,,,,,,,,,,,,,,,,,,btyk45f7gmz3ck2dafpp22yg9,H. Koffi,,,,,,,,,,,,,,,,,,,,,,,,,,,,,,,,,,,,,,,,,
2526753197,301,49,1,35,10,920raeoumft3q2wmvc296uceo,1,4.4,10.2,2023-04-01T16:50:53.210Z,2023-04-02T12:00:25Z,,,,,,,,,,,,,,,,,,,,,,,,,btyk45f7gmz3ck2dafpp22yg9,H. Koffi,,,,,,,,,,,,,,,,,,,,,,,,,,,,,,,,,,,,,,,,,
2526753235,302,43,1,35,12,920raeoumft3q2wmvc296uceo,1,0,0,2023-04-01T16:50:55.117Z,2023-04-01T22:58:19Z,4153692175,285,0,4153692177,233,310,4153692173,56,Back,4155175759,144,3,,,,,,,,,,,,,btyk45f7gmz3ck2dafpp22yg9,H. Koffi,,,,,,,,,,,,,,,,,,,,,,,,,,,,,,,,,,,,,,,,,
2526753199,310,43,1,35,12,2nhn3ikl1ciq34w3hcp883d6p,1,0,0,2023-04-01T16:50:55.117Z,2023-04-01T22:58:21Z,4155175825,144,45,4153692001,56,Left,4153692003,286,0,,,,,,,,,,,,,,,,f03fccqnepjczr841h0zqdeui,Y. Matsuo,,,,,,,,,,,,,,,,,,,,,,,,,,,,,,,,,,,,,,,,,
2526753249,303,1,1,35,12,920raeoumft3q2wmvc296uceo,1,12.7,5.5,2023-04-01T16:50:55.487Z,2023-04-02T12:00:24Z,4153692233,141,24.0,4153692227,157,,4153692231,140,58.2,4156131573,178,,4153692239,1,,4153692237,213,0.3,4153692229,56,Center,4153692235,212,49.4,btyk45f7gmz3ck2dafpp22yg9,H. Koffi,,,,,,,,,,,,,,,,,,,,,,,,,,,,,,,,,,,,,,,,,
2526753265,304,1,1,35,15,920raeoumft3q2wmvc296uceo,0,54.3,18.1,2023-04-01T16:50:58.597Z,2023-04-02T12:00:24Z,4153692309,141,41.2,4156131607,388,,4153692303,3,,4153692305,56,Center,4153692311,212,15.7,4153692307,140,54.3,4153692313,213,1.6,,,,14xb29tv90y8uataijmh03rah,D. Heymans,,,,,,,,,,,,,,,,,,,,,,,,,,,,,,,,,,,,,,,,,
2526753291,311,1,1,35,17,2nhn3ikl1ciq34w3hcp883d6p,1,47.4,62.5,2023-04-01T16:51:00.345Z,2023-04-02T12:00:23Z,4153692455,56,Back,4156131719,178,,4153692461,212,14.3,4153692463,213,2.4,4153692457,140,37.7,4153692459,141,77.2,4153692453,3,,,,,7xs1rx9jos4ls85u362y9hqeh,N. Madsen,,,,,,,,,,,,,,,,,,,,,,,,,,,,,,,,,,,,,,,,,
2526753295,312,49,1,35,19,2nhn3ikl1ciq34w3hcp883d6p,1,41.6,90.6,2023-04-01T16:51:02.400Z,2023-04-02T12:00:23Z,,,,,,,,,,,,,,,,,,,,,,,,,auqy1bigw2a1owxg441wojzyt,L. Van Eenoo,,,,,,,,,,,,,,,,,,,,,,,,,,,,,,,,,,,,,,,,,
2526753313,313,1,1,35,19,2nhn3ikl1ciq34w3hcp883d6p,1,41.5,90.7,2023-04-01T16:51:02.435Z,2023-04-02T12:00:22Z,4153692557,140,30.8,4153692563,213,4.1,4153692561,212,18.7,4153692555,56,Back,4153692553,155,,4156131853,178,,4153692559,141,68.8,,,,auqy1bigw2a1owxg441wojzyt,L. Van Eenoo,,,,,,,,,,,,,,,,,,,,,,,,,,,,,,,,,,,,,,,,,
2526753329,314,1,1,35,20,2nhn3ikl1ciq34w3hcp883d6p,1,35.8,76.1,2023-04-01T16:51:03.660Z,2023-04-02T12:00:22Z,4153692647,213,5.1,4156131927,178,,4153692637,3,,4153692645,212,9.1,4153692641,140,39.4,4153692639,56,Back,4153692643,141,64.0,,,,9kywhmzih4xhuz5d1rrxjcpd6,R. Tagir,,,,,,,,,,,,,,,,,,,,,,,,,,,,,,,,,,,,,,,,,
2526753355,315,1,1,35,21,2nhn3ikl1ciq34w3hcp883d6p,1,40.2,62.6,2023-04-01T16:51:04.473Z,2023-04-02T12:00:21Z,4153692799,141,57.0,4153692801,212,16.0,4153692803,213,3.4,4153692793,155,,4153692795,56,Back,4156470679,388,,4153692797,140,25.4,,,,7xs1rx9jos4ls85u362y9hqeh,N. Madsen,,,,,,,,,,,,,,,,,,,,,,,,,,,,,,,,,,,,,,,,,
2526753473,316,1,1,35,24,2nhn3ikl1ciq34w3hcp883d6p,0,24.7,50,2023-04-01T16:51:07.118Z,2023-04-02T12:00:21Z,4153693367,212,35.1,4153693365,141,0.0,4156132559,178,,4153693373,1,,4155176433,157,,4153693363,140,27.4,4153693361,56,Back,4153693369,213,4.8,5ujoracvgg00kzd0a8rh8oa1h,R. Neustädter,,,,,,,,,,,,,,,,,,,,,,,,,,,,,,,,,,,,,,,,,
2526753497,306,5,1,35,31,920raeoumft3q2wmvc296uceo,1,72.8,101.6,2023-04-01T16:51:14.126Z,2023-04-02T05:02:02Z,4153693477,56,Left,4153693479,347,,4153693501,233,317,,,,,,,,,,,,,,,,btyk45f7gmz3ck2dafpp22yg9,H. Koffi,,,,,,,,,,,,,,,,,,,,,,,,,,,,,,,,,,,,,,,,,
2526753479,317,5,1,35,31,2nhn3ikl1ciq34w3hcp883d6p,0,27.2,-1.6,2023-04-01T16:51:14.126Z,2023-04-02T05:02:02Z,4153693397,347,,4153693395,56,Back,4153693521,233,306,,,,,,,,,,,,,,,,5ujoracvgg00kzd0a8rh8oa1h,R. Neustädter,,,,,,,,,,,,,,,,,,,,,,,,,,,,,,,,,,,,,,,,,
2526753593,307,1,1,35,38,920raeoumft3q2wmvc296uceo,1,66.4,100,2023-04-01T16:51:20.987Z,2023-04-02T12:00:21Z,4153693993,107,,4153693999,141,90.3,4153694003,213,5.4,4153693997,140,73.0,4153694001,212,10.5,4153693995,56,Left,,,,,,,87d73x3gkomc4soukr5uweqc5,I. Mbenza,,,,,,,,,,,,,,,,,,,,,,,,,,,,,,,,,,,,,,,,,
2526753653,308,1,1,35,39,920raeoumft3q2wmvc296uceo,1,66.3,93.8,2023-04-01T16:51:21.797Z,2023-04-02T12:00:20Z,4153694283,141,95.6,4153694281,140,80.3,4156132929,178,,4153694279,56,Left,4153694287,213,0.1,4153694285,212,14.8,,,,,,,8zz5lnxo7twq8ntb7e0qfvbv9,M. Ilaimaharitra,,,,,,,,,,,,,,,,,,,,,,,,,,,,,,,,,,,,,,,,,
2526767187,422,1,1,35,40,920raeoumft3q2wmvc296uceo,1,66.7,98.8,2023-04-01T16:51:22.928Z,2023-04-02T12:00:20Z,4153767639,213,5.8,4153767631,56,Left,4153767633,140,76.2,4153767635,141,91.1,4153767637,212,11.3,4156133017,178,,,,,,,,87d73x3gkomc4soukr5uweqc5,I. Mbenza,,,,,,,,,,,,,,,,,,,,,,,,,,,,,,,,,,,,,,,,,
2526753631,318,43,1,35,42,2nhn3ikl1ciq34w3hcp883d6p,1,0,0,2023-04-01T16:51:24.812Z,2023-04-01T22:59:10Z,4155177277,144,49,,,,,,,,,,,,,,,,,,,,,,e2z19y8is5m24brpa3gzn02qx,B. Reynolds,,,,,,,,,,,,,,,,,,,,,,,,,,,,,,,,,,,,,,,,,
2526753665,309,1,1,35,42,920raeoumft3q2wmvc296uceo,0,72.7,96.5,2023-04-01T16:51:25.082Z,2023-04-02T12:00:18Z,4153768245,155,,4153694355,141,88.4,4156133155,178,,4153694357,212,14.5,4153694359,213,5.9,4153694353,140,85.5,4153694351,56,Left,,,,5ecklu1u6t21rhh8fh4zoq2cq,A. Zorgane,,,,,,,,,,,,,,,,,,,,,,,,,,,,,,,,,,,,,,,,,
2527205845,1142,43,1,35,44,2nhn3ikl1ciq34w3hcp883d6p,1,0,0,2023-04-01T16:51:27.192Z,2023-04-02T05:39:24Z,4156177203,144,67,4156172121,233,1082,,,,,,,,,,,,,,,,,,,e2z19y8is5m24brpa3gzn02qx,B. Reynolds,,,,,,,,,,,,,,,,,,,,,,,,,,,,,,,,,,,,,,,,,
2527205843,1082,43,1,35,44,920raeoumft3q2wmvc296uceo,1,0,0,2023-04-01T16:51:27.193Z,2023-04-02T05:39:24Z,4156177193,144,67,4156172125,233,1142,,,,,,,,,,,,,,,,,,,8zz5lnxo7twq8ntb7e0qfvbv9,M. Ilaimaharitra,,,,,,,,,,,,,,,,,,,,,,,,,,,,,,,,,,,,,,,,,
2526753639,319,61,1,35,44,2nhn3ikl1ciq34w3hcp883d6p,0,11.1,12.9,2023-04-01T16:51:27.496Z,2023-04-02T12:00:18Z,4156133309,178,,4153694221,56,Back,,,,,,,,,,,,,,,,,,,e2z19y8is5m24brpa3gzn02qx,B. Reynolds,,,,,,,,,,,,,,,,,,,,,,,,,,,,,,,,,,,,,,,,,
2527205945,1089,43,1,35,45,920raeoumft3q2wmvc296uceo,1,0,0,2023-04-01T16:51:28.200Z,2023-04-02T05:39:22Z,4156172605,233,1147,4156177169,144,67,,,,,,,,,,,,,,,,,,,8zz5lnxo7twq8ntb7e0qfvbv9,M. Ilaimaharitra,,,,,,,,,,,,,,,,,,,,,,,,,,,,,,,,,,,,,,,,,
2527205941,1147,43,1,35,45,2nhn3ikl1ciq34w3hcp883d6p,1,0,0,2023-04-01T16:51:28.201Z,2023-04-02T05:39:22Z,4156177163,144,67,4156172617,233,1089,,,,,,,,,,,,,,,,,,,e2z19y8is5m24brpa3gzn02qx,B. Reynolds,,,,,,,,,,,,,,,,,,,,,,,,,,,,,,,,,,,,,,,,,
2526753685,310,43,1,35,49,920raeoumft3q2wmvc296uceo,1,0,0,2023-04-01T16:51:31.852Z,2023-04-01T22:59:11Z,4155177283,144,49,,,,,,,,,,,,,,,,,,,,,,8zz5lnxo7twq8ntb7e0qfvbv9,M. Ilaimaharitra,,,,,,,,,,,,,,,,,,,,,,,,,,,,,,,,,,,,,,,,,
2526753713,311,1,1,35,50,920raeoumft3q2wmvc296uceo,1,85,82.9,2023-04-01T16:51:33.033Z,2023-04-02T12:00:15Z,4153694547,56,Center,4153694551,141,74.8,4153694553,212,8.4,4156133505,178,,4153694549,140,78.9,4153694555,213,3.9,,,,,,,8zz5lnxo7twq8ntb7e0qfvbv9,M. Ilaimaharitra,,,,,,,,,,,,,,,,,,,,,,,,,,,,,,,,,,,,,,,,,
2526753771,312,1,1,35,51,920raeoumft3q2wmvc296uceo,1,80.4,74.5,2023-04-01T16:51:34.395Z,2023-04-02T12:00:14Z,4156133579,178,,4153694833,56,Center,4153694841,213,3.7,4153694839,212,11.4,4153694837,141,65.2,4153694835,140,71.4,,,,,,,dqazrm2wmu9zqpvp8xbeeb7jd,V. Bayo,,,,,,,,,,,,,,,,,,,,,,,,,,,,,,,,,,,,,,,,,
2526753815,313,1,1,35,55,920raeoumft3q2wmvc296uceo,1,76.9,75.7,2023-04-01T16:51:37.979Z,2023-04-02T12:00:13Z,4153695077,140,81.8,4156133673,178,,4153695075,56,Left,4153695083,213,1.1,4153695081,212,11.3,4153695079,141,90.5,,,,,,,87d73x3gkomc4soukr5uweqc5,I. Mbenza,,,,,,,,,,,,,,,,,,,,,,,,,,,,,,,,,,,,,,,,,
2526753833,314,1,1,35,58,920raeoumft3q2wmvc296uceo,0,76.5,90.9,2023-04-01T16:51:40.892Z,2023-04-02T12:00:12Z,4155177627,20,,4155177625,223,,4153695179,56,Center,4153695187,213,5.3,4156133747,178,,4153695177,155,,4153695175,2,,4153695185,212,28.4,8zz5lnxo7twq8ntb7e0qfvbv9,M. Ilaimaharitra,4153695181,140,90.5,,4153695183,141,55.1,,,,,,,,,,,,,,,,,,,,,,,,,,,,,,,,,,
2526753847,320,12,1,35,59,2nhn3ikl1ciq34w3hcp883d6p,1,10.5,42.9,2023-04-01T16:51:42.195Z,2023-04-02T12:00:11Z,4153695241,141,35.1,4153695243,212,11.5,4153695239,140,20.2,4153695249,15,,4156135077,388,,4153695237,56,Back,4153695245,213,5.8,,,,5ujoracvgg00kzd0a8rh8oa1h,R. Neustädter,,,,,,,,,,,,,,,,,,,,,,,,,,,,,,,,,,,,,,,,,
2526753901,315,1,1,36,1,920raeoumft3q2wmvc296uceo,1,77.7,62,2023-04-01T16:51:43.928Z,2023-04-02T12:00:11Z,4153695487,213,6.1,4153695485,212,10.6,4153695483,141,59.3,4153695481,140,87.6,4156135219,388,,4153695479,56,Center,,,,,,,72xzl0yjdetvqp2n1pmzyqvze,A. Hosseinzadeh,,,,,,,,,,,,,,,,,,,,,,,,,,,,,,,,,,,,,,,,,
2526753905,316,61,1,36,2,920raeoumft3q2wmvc296uceo,0,82.3,57.6,2023-04-01T16:51:45.588Z,2023-04-02T05:04:14Z,4156135361,178,,4153695507,56,Center,,,,,,,,,,,,,,,,,,,dqazrm2wmu9zqpvp8xbeeb7jd,V. Bayo,,,,,,,,,,,,,,,,,,,,,,,,,,,,,,,,,,,,,,,,,
2526753917,321,49,1,36,3,2nhn3ikl1ciq34w3hcp883d6p,1,17.9,45.6,2023-04-01T16:51:45.839Z,2023-04-02T12:00:10Z,,,,,,,,,,,,,,,,,,,,,,,,,f03fccqnepjczr841h0zqdeui,Y. Matsuo,,,,,,,,,,,,,,,,,,,,,,,,,,,,,,,,,,,,,,,,,
2527206633,1178,67,1,36,4,2nhn3ikl1ciq34w3hcp883d6p,1,21.2,44.3,2023-04-01T16:51:47.111Z,2023-04-02T12:00:10Z,4156176219,233,1133,,,,,,,,,,,,,,,,,,,,,,f03fccqnepjczr841h0zqdeui,Y. Matsuo,,,,,,,,,,,,,,,,,,,,,,,,,,,,,,,,,,,,,,,,,
2527206629,1133,67,1,36,4,920raeoumft3q2wmvc296uceo,0,78.8,55.7,2023-04-01T16:51:47.112Z,2023-04-02T12:00:10Z,4156176223,233,1178,,,,,,,,,,,,,,,,,,,,,,dqazrm2wmu9zqpvp8xbeeb7jd,V. Bayo,,,,,,,,,,,,,,,,,,,,,,,,,,,,,,,,,,,,,,,,,
2526753933,322,1,1,36,5,2nhn3ikl1ciq34w3hcp883d6p,1,22.5,48.1,2023-04-01T16:51:47.954Z,2023-04-02T12:00:08Z,4153695629,213,1.5,4153695619,56,Back,4153695623,141,72.4,4153695621,140,23.3,4156135589,178,,4153695627,212,16.5,,,,,,,f03fccqnepjczr841h0zqdeui,Y. Matsuo,,,,,,,,,,,,,,,,,,,,,,,,,,,,,,,,,,,,,,,,,
2526753949,323,1,1,36,6,2nhn3ikl1ciq34w3hcp883d6p,1,20.9,66.8,2023-04-01T16:51:49.708Z,2023-04-02T12:00:08Z,4153695705,212,8.7,4153695699,56,Back,4153695707,213,6.0,4153695703,141,63.3,4156135607,178,,4153695701,140,28.9,,,,,,,9qm1adecprlczxw7ldbpvoi51,E. Jordanov,,,,,,,,,,,,,,,,,,,,,,,,,,,,,,,,,,,,,,,,,
2527207145,1198,67,1,36,8,2nhn3ikl1ciq34w3hcp883d6p,1,30.2,59.5,2023-04-01T16:51:51.096Z,2023-04-02T12:00:07Z,4156178677,233,1169,,,,,,,,,,,,,,,,,,,,,,auqy1bigw2a1owxg441wojzyt,L. Van Eenoo,,,,,,,,,,,,,,,,,,,,,,,,,,,,,,,,,,,,,,,,,
2527207143,1169,67,1,36,8,920raeoumft3q2wmvc296uceo,0,69.8,40.5,2023-04-01T16:51:51.097Z,2023-04-02T12:00:07Z,4156178695,233,1198,,,,,,,,,,,,,,,,,,,,,,8zz5lnxo7twq8ntb7e0qfvbv9,M. Ilaimaharitra,,,,,,,,,,,,,,,,,,,,,,,,,,,,,,,,,,,,,,,,,
2526754017,324,61,1,36,8,2nhn3ikl1ciq34w3hcp883d6p,1,29.5,58,2023-04-01T16:51:51.130Z,2023-04-02T12:00:07Z,4153696003,56,Back,4156135747,178,,,,,,,,,,,,,,,,,,,,auqy1bigw2a1owxg441wojzyt,L. Van Eenoo,,,,,,,,,,,,,,,,,,,,,,,,,,,,,,,,,,,,,,,,,
2526754065,325,1,1,36,11,2nhn3ikl1ciq34w3hcp883d6p,1,46,68.8,2023-04-01T16:51:54.690Z,2023-04-02T12:00:06Z,4153696259,141,88.0,4156136099,178,,4153696257,140,60.9,4153696263,213,0.7,4153696261,212,20.4,4153696255,56,Left,,,,,,,f03fccqnepjczr841h0zqdeui,Y. Matsuo,,,,,,,,,,,,,,,,,,,,,,,,,,,,,,,,,,,,,,,,,
2526754073,326,50,1,36,15,2nhn3ikl1ciq34w3hcp883d6p,1,72.3,87.7,2023-04-01T16:51:57.982Z,2023-04-02T12:00:04Z,4153696297,56,Left,4155182849,233,317,4153696299,286,,,,,,,,,,,,,,,,,9qm1adecprlczxw7ldbpvoi51,E. Jordanov,,,,,,,,,,,,,,,,,,,,,,,,,,,,,,,,,,,,,,,,,
2526754103,317,7,1,36,15,920raeoumft3q2wmvc296uceo,1,27.7,12.3,2023-04-01T16:51:57.993Z,2023-04-02T12:00:04Z,4153696499,233,326,4156136379,178,,4153696455,285,,4155178497,383,,4153696453,56,Back,,,,,,,,,,39bcswfqnpa07b4afevezejo4,J. Tchatchoua,,,,,,,,,,,,,,,,,,,,,,,,,,,,,,,,,,,,,,,,,
2526754105,318,49,1,36,17,920raeoumft3q2wmvc296uceo,1,23.4,3.1,2023-04-01T16:52:00.435Z,2023-04-02T12:00:04Z,,,,,,,,,,,,,,,,,,,,,,,,,39bcswfqnpa07b4afevezejo4,J. Tchatchoua,,,,,,,,,,,,,,,,,,,,,,,,,,,,,,,,,,,,,,,,,
2526754193,319,1,1,36,20,920raeoumft3q2wmvc296uceo,1,22.3,2.3,2023-04-01T16:52:03.279Z,2023-04-02T12:00:02Z,4153696945,213,1.2,4153696937,56,Back,4153696943,212,21.9,4156136501,178,,4153696939,140,30.4,4153696941,141,31.9,,,,,,,39bcswfqnpa07b4afevezejo4,J. Tchatchoua,,,,,,,,,,,,,,,,,,,,,,,,,,,,,,,,,,,,,,,,,
2526754209,320,1,1,36,22,920raeoumft3q2wmvc296uceo,1,26.3,29.8,2023-04-01T16:52:04.800Z,2023-04-02T12:00:02Z,4153697029,212,6.3,4153697021,140,22.5,4153697025,141,37.0,4153697033,213,2.3,4153697017,56,Back,4156136539,178,,,,,,,,14xb29tv90y8uataijmh03rah,D. Heymans,,,,,,,,,,,,,,,,,,,,,,,,,,,,,,,,,,,,,,,,,
2526754229,321,1,1,36,24,920raeoumft3q2wmvc296uceo,1,19.3,40.6,2023-04-01T16:52:07.149Z,2023-04-02T12:00:01Z,4153697143,213,2.9,4153697139,141,44.8,4153697141,212,14.2,4156136603,178,,4153697135,56,Back,4153697137,140,6.1,,,,,,,164kbzdgdvclxn5zikw5hug6i,V. Ozornwafor,,,,,,,,,,,,,,,,,,,,,,,,,,,,,,,,,,,,,,,,,
2526754255,322,1,1,36,26,920raeoumft3q2wmvc296uceo,0,0.5,42.5,2023-04-01T16:52:08.882Z,2023-04-02T12:00:01Z,4153697251,56,Back,4153697253,140,36.7,4153697259,213,0.3,4156136643,178,,4153697257,212,39.7,4153697255,141,59.3,4153697261,1,,4153697249,157,,btyk45f7gmz3ck2dafpp22yg9,H. Koffi,,,,,,,,,,,,,,,,,,,,,,,,,,,,,,,,,,,,,,,,,
2526754259,327,49,1,36,29,2nhn3ikl1ciq34w3hcp883d6p,1,64.5,41.8,2023-04-01T16:52:12.243Z,2023-04-02T12:00:01Z,,,,,,,,,,,,,,,,,,,,,,,,,7xs1rx9jos4ls85u362y9hqeh,N. Madsen,,,,,,,,,,,,,,,,,,,,,,,,,,,,,,,,,,,,,,,,,
2526754261,328,50,1,36,30,2nhn3ikl1ciq34w3hcp883d6p,1,65.7,41.5,2023-04-01T16:52:12.790Z,2023-04-02T12:00:00Z,4153697291,56,Center,4153697401,233,323,4153697293,286,,,,,,,,,,,,,,,,,7xs1rx9jos4ls85u362y9hqeh,N. Madsen,,,,,,,,,,,,,,,,,,,,,,,,,,,,,,,,,,,,,,,,,
2526754271,323,7,1,36,30,920raeoumft3q2wmvc296uceo,1,34.3,58.5,2023-04-01T16:52:12.875Z,2023-04-02T12:00:00Z,4153697325,56,Back,4155179101,384,,4153697327,285,,4153697375,233,328,4156136871,178,,,,,,,,,,,8zz5lnxo7twq8ntb7e0qfvbv9,M. Ilaimaharitra,,,,,,,,,,,,,,,,,,,,,,,,,,,,,,,,,,,,,,,,,
2526754279,324,49,1,36,31,920raeoumft3q2wmvc296uceo,1,34.1,71.4,2023-04-01T16:52:14.116Z,2023-04-02T11:59:59Z,,,,,,,,,,,,,,,,,,,,,,,,,5ecklu1u6t21rhh8fh4zoq2cq,A. Zorgane,,,,,,,,,,,,,,,,,,,,,,,,,,,,,,,,,,,,,,,,,
2526754315,325,1,1,36,33,920raeoumft3q2wmvc296uceo,1,44.3,72.9,2023-04-01T16:52:16.353Z,2023-04-02T11:59:58Z,4153697623,4,,4153697591,141,79.6,4153697587,56,Left,4153697593,212,32.3,4153697589,140,74.8,4156137071,178,,4153697595,213,0.1,4153697597,1,,5ecklu1u6t21rhh8fh4zoq2cq,A. Zorgane,,,,,,,,,,,,,,,,,,,,,,,,,,,,,,,,,,,,,,,,,
2526754343,326,61,1,36,36,920raeoumft3q2wmvc296uceo,0,74.5,76.4,2023-04-01T16:52:19.206Z,2023-04-02T11:59:58Z,4153697755,56,Center,4156137191,178,,,,,,,,,,,,,,,,,,,,87d73x3gkomc4soukr5uweqc5,I. Mbenza,,,,,,,,,,,,,,,,,,,,,,,,,,,,,,,,,,,,,,,,,
2526754353,327,5,1,36,39,920raeoumft3q2wmvc296uceo,0,101.4,70.6,2023-04-01T16:52:22.280Z,2023-04-02T05:05:59Z,4153697787,56,Center,4153697789,346,,4153697837,233,329,,,,,,,,,,,,,,,,87d73x3gkomc4soukr5uweqc5,I. Mbenza,,,,,,,,,,,,,,,,,,,,,,,,,,,,,,,,,,,,,,,,,
2526754347,329,5,1,36,39,2nhn3ikl1ciq34w3hcp883d6p,1,-1.4,29.4,2023-04-01T16:52:22.280Z,2023-04-02T05:06:00Z,4153697759,346,,4153697821,233,327,4153697757,56,Back,,,,,,,,,,,,,,,,e2z19y8is5m24brpa3gzn02qx,B. Reynolds,,,,,,,,,,,,,,,,,,,,,,,,,,,,,,,,,,,,,,,,,
2526754523,330,1,1,36,55,2nhn3ikl1ciq34w3hcp883d6p,1,5.7,44.6,2023-04-01T16:52:37.782Z,2023-04-02T12:52:10Z,4153698779,124,,4153698789,213,5.0,4153698781,56,Back,4153698783,140,7.7,4153698785,141,34.9,4153698787,212,6.9,4153698793,237,,,,,6qlfe04qjldj3rkeeme6gdi39,S. Bolat,,,,,,,,,,,,,,,,,,,,,,,,,,,,,,,,,,,,,,,,,
2526754539,331,1,1,36,57,2nhn3ikl1ciq34w3hcp883d6p,1,11,32.9,2023-04-01T16:52:39.982Z,2023-04-02T12:51:46Z,4153698859,141,33.9,4153698857,140,26.2,4153698861,212,16.0,4153698855,56,Back,4153698863,213,0.0,4156137443,178,,,,,,,,5ujoracvgg00kzd0a8rh8oa1h,R. Neustädter,,,,,,,,,,,,,,,,,,,,,,,,,,,,,,,,,,,,,,,,,
2526754581,332,1,1,36,58,2nhn3ikl1ciq34w3hcp883d6p,1,26.3,29.8,2023-04-01T16:52:41.585Z,2023-04-02T12:51:15Z,4153699113,212,23.5,4153699107,56,Back,4153699111,141,46.6,4153699115,213,2.6,4156137487,178,,4153699109,140,6.7,,,,,,,auqy1bigw2a1owxg441wojzyt,L. Van Eenoo,,,,,,,,,,,,,,,,,,,,,,,,,,,,,,,,,,,,,,,,,
2526754601,333,1,1,37,2,2nhn3ikl1ciq34w3hcp883d6p,1,12.4,48.7,2023-04-01T16:52:44.753Z,2023-04-02T11:59:56Z,4153699229,140,22.1,4153699235,213,1.2,4153699227,56,Back,4153699231,141,92.9,4153699233,212,31.7,4156137553,178,,,,,,,,6qlfe04qjldj3rkeeme6gdi39,S. Bolat,,,,,,,,,,,,,,,,,,,,,,,,,,,,,,,,,,,,,,,,,
2526754649,334,1,1,37,4,2nhn3ikl1ciq34w3hcp883d6p,1,21.6,96.2,2023-04-01T16:52:46.962Z,2023-04-02T11:59:56Z,4153699463,141,74.5,4153699461,140,12.2,4153699465,212,17.8,4156137593,178,,4153699467,213,4.1,4153699459,56,Back,,,,,,,9qm1adecprlczxw7ldbpvoi51,E. Jordanov,,,,,,,,,,,,,,,,,,,,,,,,,,,,,,,,,,,,,,,,,
2526754683,335,1,1,37,7,2nhn3ikl1ciq34w3hcp883d6p,1,17,70.9,2023-04-01T16:52:50.301Z,2023-04-02T11:59:55Z,4153699657,213,5.3,4156137661,178,,4153699649,56,Back,4153699655,212,19.5,4153699651,140,26.7,4153699653,141,46.4,,,,,,,9kywhmzih4xhuz5d1rrxjcpd6,R. Tagir,,,,,,,,,,,,,,,,,,,,,,,,,,,,,,,,,,,,,,,,,
2526754707,336,1,1,37,11,2nhn3ikl1ciq34w3hcp883d6p,1,22.5,53.2,2023-04-01T16:52:54.163Z,2023-04-02T11:59:53Z,4153699865,213,1.4,4153699859,140,24.4,4156137687,178,,4153699857,56,Back,4153699861,141,66.4,4153699863,212,9.2,,,,,,,auqy1bigw2a1owxg441wojzyt,L. Van Eenoo,,,,,,,,,,,,,,,,,,,,,,,,,,,,,,,,,,,,,,,,,
2526754727,337,1,1,37,14,2nhn3ikl1ciq34w3hcp883d6p,1,21.2,66.6,2023-04-01T16:52:57.489Z,2023-04-02T11:59:52Z,4153699971,212,14.9,4156137733,178,,4153699965,56,Back,4153699973,213,5.2,4153699969,141,47.3,4153699967,140,27.9,,,,,,,9kywhmzih4xhuz5d1rrxjcpd6,R. Tagir,,,,,,,,,,,,,,,,,,,,,,,,,,,,,,,,,,,,,,,,,
2526754757,338,1,1,37,16,2nhn3ikl1ciq34w3hcp883d6p,1,25.5,46.7,2023-04-01T16:52:58.770Z,2023-04-02T11:59:51Z,4153700151,140,29.6,4153700153,141,64.6,4153700157,213,1.2,4156137817,178,,4153700155,212,12.9,4153700149,56,Back,,,,,,,auqy1bigw2a1owxg441wojzyt,L. Van Eenoo,,,,,,,,,,,,,,,,,,,,,,,,,,,,,,,,,,,,,,,,,
2526754801,339,1,1,37,18,2nhn3ikl1ciq34w3hcp883d6p,1,26.6,59.7,2023-04-01T16:53:01.635Z,2023-04-02T11:59:50Z,4153700379,56,Back,4156137831,178,,4153700381,140,22.4,4153700383,141,31.8,4153700385,212,19.5,4153700387,213,4.5,,,,,,,9kywhmzih4xhuz5d1rrxjcpd6,R. Tagir,,,,,,,,,,,,,,,,,,,,,,,,,,,,,,,,,,,,,,,,,
2526754821,340,1,1,37,21,2nhn3ikl1ciq34w3hcp883d6p,1,26.9,25.7,2023-04-01T16:53:03.876Z,2023-04-02T11:59:50Z,4153700545,140,28.4,4153700551,213,4.8,4153700547,141,8.9,4153700549,212,11.5,4156137907,178,,4153700543,56,Back,,,,,,,5ujoracvgg00kzd0a8rh8oa1h,R. Neustädter,,,,,,,,,,,,,,,,,,,,,,,,,,,,,,,,,,,,,,,,,
2526754845,341,1,1,37,23,2nhn3ikl1ciq34w3hcp883d6p,1,36.4,1.8,2023-04-01T16:53:06.338Z,2023-04-02T11:59:49Z,4156137977,178,,4153700693,141,17.4,4153700691,140,30.8,4153700689,56,Back,4153700701,213,2.1,4153700697,212,12.1,,,,,,,e2z19y8is5m24brpa3gzn02qx,B. Reynolds,,,,,,,,,,,,,,,,,,,,,,,,,,,,,,,,,,,,,,,,,
2526754873,342,1,1,37,24,2nhn3ikl1ciq34w3hcp883d6p,1,39.4,9.6,2023-04-01T16:53:07.102Z,2023-04-02T11:59:49Z,4153700861,140,38.7,4153700863,141,10.4,4153700867,213,2.5,4153700859,56,Back,4153700865,212,0.9,4156138023,178,,,,,,,,8hl43dvm1d57g011yacyoooa1,M. Fixelles,,,,,,,,,,,,,,,,,,,,,,,,,,,,,,,,,,,,,,,,,
2526754891,343,1,1,37,28,2nhn3ikl1ciq34w3hcp883d6p,1,57.6,14.7,2023-04-01T16:53:10.740Z,2023-04-02T11:59:48Z,4153700995,212,12.7,4153700989,56,Right,4153700997,213,0.0,4153700993,141,15.2,4153700991,140,69.7,4156138085,178,,,,,,,,e2z19y8is5m24brpa3gzn02qx,B. Reynolds,,,,,,,,,,,,,,,,,,,,,,,,,,,,,,,,,,,,,,,,,
2526754917,344,1,1,37,30,2nhn3ikl1ciq34w3hcp883d6p,1,69.9,4.9,2023-04-01T16:53:13.223Z,2023-04-02T11:59:47Z,4153701163,212,16.4,4153701161,141,17.7,4153701157,56,Right,4153701159,140,83.1,4153701165,213,0.6,4155183985,210,13,4156138141,178,,,,,7xs1rx9jos4ls85u362y9hqeh,N. Madsen,,,,1,,,,,,,,,,,,,,,,,,,,,,,,,,,,,,,,,,,,,
2526754943,328,45,1,37,32,920raeoumft3q2wmvc296uceo,0,13,79.7,2023-04-01T16:53:15.490Z,2023-04-02T11:59:47Z,4153701299,285,,4153701387,233,345,4153701297,56,Back,,,,,,,,,,,,,,,,164kbzdgdvclxn5zikw5hug6i,V. Ozornwafor,,,,,,,,,,,,,,,,,,,,,,,,,,,,,,,,,,,,,,,,,
2526754961,345,3,1,37,32,2nhn3ikl1ciq34w3hcp883d6p,1,87,20.3,2023-04-01T16:53:15.490Z,2023-04-02T11:59:47Z,4153701353,56,Right,4155180209,465,,4156138275,178,,4153701355,286,,4153701375,233,328,,,,,,,,,,e2z19y8is5m24brpa3gzn02qx,B. Reynolds,,,,,,,,,,,,,,,,,,,,,,,,,,,,,,,,,,,,,,,,,
2526754977,346,13,1,37,34,2nhn3ikl1ciq34w3hcp883d6p,1,98.6,32.6,2023-04-01T16:53:17.449Z,2023-04-02T11:59:46Z,4155184003,147,53.1,4155183997,103,4.2,4155184001,146,98.9,4155183405,153,,4155183251,62,,4155184007,231,37,4155183991,55,344,4155183999,215,,e2z19y8is5m24brpa3gzn02qx,B. Reynolds,4155183995,102,61.7,,4155184005,230,97.4,4155183987,73,4153701455,56,Center,4155183989,29,4155183249,22,4156138377,178,,4155183399,20,,,,,,,,,,,,,,,,,,,,
2526754987,329,49,1,37,35,920raeoumft3q2wmvc296uceo,1,1,48.7,2023-04-01T16:53:18.555Z,2023-04-02T11:59:45Z,,,,,,,,,,,,,,,,,,,,,,,,,39bcswfqnpa07b4afevezejo4,J. Tchatchoua,,,,,,,,,,,,,,,,,,,,,,,,,,,,,,,,,,,,,,,,,
2526755017,330,12,1,37,36,920raeoumft3q2wmvc296uceo,1,0.9,48.4,2023-04-01T16:53:19.065Z,2023-04-02T11:59:44Z,4153701691,212,35.0,4153701687,140,7.5,4153701693,213,4.9,4153701699,167,,4156138539,178,,4153701683,56,Back,4153701689,141,0.0,,,,39bcswfqnpa07b4afevezejo4,J. Tchatchoua,,,,,,,,,,,,,,,,,,,,,,,,,,,,,,,,,,,,,,,,,
2526755021,331,5,1,37,38,920raeoumft3q2wmvc296uceo,0,10.9,-1.8,2023-04-01T16:53:21.684Z,2023-04-02T05:08:15Z,4153701695,56,Back,4153701697,347,,4153702561,233,347,,,,,,,,,,,,,,,,39bcswfqnpa07b4afevezejo4,J. Tchatchoua,,,,,,,,,,,,,,,,,,,,,,,,,,,,,,,,,,,,,,,,,
2526755167,347,5,1,37,38,2nhn3ikl1ciq34w3hcp883d6p,1,89.1,101.8,2023-04-01T16:53:21.684Z,2023-04-02T05:08:14Z,4153702533,56,Left,4153702553,233,331,4153702535,347,,,,,,,,,,,,,,,,,e2z19y8is5m24brpa3gzn02qx,B. Reynolds,,,,,,,,,,,,,,,,,,,,,,,,,,,,,,,,,,,,,,,,,
2526755175,348,1,1,37,43,2nhn3ikl1ciq34w3hcp883d6p,0,84.5,100,2023-04-01T16:53:26.366Z,2023-04-02T11:59:44Z,4153702583,107,,4153702601,189,,4153702589,141,61.1,4153702595,1,,4153702591,212,28.2,4153702587,140,89.8,4153702593,213,4.9,4153702585,56,Center,9qm1adecprlczxw7ldbpvoi51,E. Jordanov,,,,,,,,,,,,,,,,,,,,,,,,,,,,,,,,,,,,,,,,,
2527023897,884,1,1,37,53,920raeoumft3q2wmvc296uceo,1,14.1,47.3,2023-04-01T16:53:36.376Z,2023-04-02T11:59:44Z,4156139917,178,,4155186205,212,30.8,4155186207,213,0.9,4155186199,56,Back,4155186201,140,31.3,4155186203,141,83.9,4155186285,189,,,,,164kbzdgdvclxn5zikw5hug6i,V. Ozornwafor,,,,,,,,,,,,,,,,,,,,,,,,,,,,,,,,,,,,,,,,,
2526755199,332,49,1,37,54,920raeoumft3q2wmvc296uceo,1,46.6,87.1,2023-04-01T16:53:37.355Z,2023-04-02T11:59:43Z,,,,,,,,,,,,,,,,,,,,,,,,,87d73x3gkomc4soukr5uweqc5,I. Mbenza,,,,,,,,,,,,,,,,,,,,,,,,,,,,,,,,,,,,,,,,,
2526755285,333,1,1,38,1,920raeoumft3q2wmvc296uceo,1,76.6,81.7,2023-04-01T16:53:43.846Z,2023-04-02T12:55:54Z,4157175949,1,,4153703219,155,,4153703229,213,5.4,4155200893,22,,4155186909,223,,4155186913,20,,4153703225,141,44.8,4153703227,212,33.2,87d73x3gkomc4soukr5uweqc5,I. Mbenza,4153703217,2,,,4153705901,210,16,4153703221,56,4153703223,140,97.3,4156140399,178,4153705903,154,,,,,,1,Center,,,,,,,,,,,,,,,,,,
2526755287,334,16,1,38,3,920raeoumft3q2wmvc296uceo,1,94.9,43.2,2023-04-01T16:53:46.436Z,2023-04-02T12:55:55Z,4155200911,22,,4155187965,396,52.2,4153705935,55,333,4153704509,375,38:02.896,4156480155,388,,4153705945,108,,4153704501,20,,4153705953,231,49.1,14xb29tv90y8uataijmh03rah,D. Heymans,4153705951,230,96.7,,4153705929,80,,4153705949,136,4153705933,154,,4153705931,29,4153703237,60,4155187963,395,2.1,4153703239,56,,,,,Center,4153705947,328,4153705943,214,,4153705939,102,46.4,,4153704505,374,2023-04-01 17:53:45.631,4153705941,103,8.9
2526756041,349,1,1,39,17,2nhn3ikl1ciq34w3hcp883d6p,1,49.9,50.1,2023-04-01T16:54:59.832Z,2023-04-02T05:09:08Z,4153707449,141,46.3,4153707455,279,G,4156140769,178,,4153707445,56,Back,4153707451,212,6.6,4153707447,140,44.1,4153707453,213,3.5,,,,12c7rhdjh6rja1d2j45n3exyi,K. Vaesen,,,,,,,,,,,,,,,,,,,,,,,,,,,,,,,,,,,,,,,,,
2526756069,350,1,1,39,20,2nhn3ikl1ciq34w3hcp883d6p,1,44.5,55.9,2023-04-01T16:55:02.852Z,2023-04-02T11:59:39Z,4156140919,178,,4153707595,140,45.6,4153707601,213,1.5,4153707597,141,93.3,4153707599,212,25.5,4153707593,56,Back,,,,,,,7xs1rx9jos4ls85u362y9hqeh,N. Madsen,,,,,,,,,,,,,,,,,,,,,,,,,,,,,,,,,,,,,,,,,
2526756095,351,1,1,39,22,2nhn3ikl1ciq34w3hcp883d6p,1,47.8,97.1,2023-04-01T16:55:05.149Z,2023-04-02T11:59:39Z,4153707723,56,Back,4153707729,212,14.3,4153707731,213,4.1,4153707727,141,79.9,4156141023,178,,4153707725,140,39.9,,,,,,,9qm1adecprlczxw7ldbpvoi51,E. Jordanov,,,,,,,,,,,,,,,,,,,,,,,,,,,,,,,,,,,,,,,,,
2526756131,352,1,1,39,25,2nhn3ikl1ciq34w3hcp883d6p,1,35.5,71.9,2023-04-01T16:55:08.662Z,2023-04-02T11:59:37Z,4153707917,140,25.2,4153707915,56,Back,4156141087,178,,4153707923,213,4.3,4153707921,212,26.1,4153707919,141,36.9,,,,,,,auqy1bigw2a1owxg441wojzyt,L. Van Eenoo,,,,,,,,,,,,,,,,,,,,,,,,,,,,,,,,,,,,,,,,,
2526756151,353,1,1,39,28,2nhn3ikl1ciq34w3hcp883d6p,1,29.1,28.8,2023-04-01T16:55:11.311Z,2023-04-02T11:59:37Z,4153708053,212,11.8,4153708047,56,Back,4153708051,141,12.5,4156141207,178,,4153708049,140,33.0,4153708055,213,5.1,,,,,,,5ujoracvgg00kzd0a8rh8oa1h,R. Neustädter,,,,,,,,,,,,,,,,,,,,,,,,,,,,,,,,,,,,,,,,,
2526756179,354,1,1,39,32,2nhn3ikl1ciq34w3hcp883d6p,0,40.3,2.9,2023-04-01T16:55:15.035Z,2023-04-02T11:59:35Z,4153708237,1,,4156141245,178,,4153708235,213,0.5,4153708229,140,71.1,4153708233,212,35.9,4153708231,141,25.9,4153708227,56,Center,4153708225,155,,e2z19y8is5m24brpa3gzn02qx,B. Reynolds,,,,,,,,,,,,,,,,,,,,,,,,,,,,,,,,,,,,,,,,,
2526756185,335,49,1,39,36,920raeoumft3q2wmvc296uceo,1,23.5,76.5,2023-04-01T16:55:19.333Z,2023-04-02T11:59:35Z,,,,,,,,,,,,,,,,,,,,,,,,,164kbzdgdvclxn5zikw5hug6i,V. Ozornwafor,,,,,,,,,,,,,,,,,,,,,,,,,,,,,,,,,,,,,,,,,
2526756263,336,1,1,39,36,920raeoumft3q2wmvc296uceo,1,23,76.1,2023-04-01T16:55:19.420Z,2023-04-02T11:59:35Z,4156141507,178,,4153708617,212,21.8,4153708615,141,57.0,4153708613,140,6.3,4153708611,56,Back,4153708619,213,3.8,,,,,,,164kbzdgdvclxn5zikw5hug6i,V. Ozornwafor,,,,,,,,,,,,,,,,,,,,,,,,,,,,,,,,,,,,,,,,,
2526756297,337,1,1,39,40,920raeoumft3q2wmvc296uceo,1,12.2,50.2,2023-04-01T16:55:23.092Z,2023-04-02T11:59:34Z,4153708823,213,6.2,4153708813,157,,4153708821,212,36.1,4153708819,141,44.3,4156141571,178,,4153708817,140,46.4,4153708825,1,,4153708815,56,Back,btyk45f7gmz3ck2dafpp22yg9,H. Koffi,,,,,,,,,,,,,,,,,,,,,,,,,,,,,,,,,,,,,,,,,
2526756301,338,44,1,39,43,920raeoumft3q2wmvc296uceo,1,45.2,41.3,2023-04-01T16:55:25.920Z,2023-04-02T11:59:34Z,4153708843,56,Back,4153708871,233,355,4153708845,285,,,,,,,,,,,,,,,,,72xzl0yjdetvqp2n1pmzyqvze,A. Hosseinzadeh,,,,,,,,,,,,,,,,,,,,,,,,,,,,,,,,,,,,,,,,,
2526756287,355,44,1,39,43,2nhn3ikl1ciq34w3hcp883d6p,0,54.8,58.7,2023-04-01T16:55:25.921Z,2023-04-02T11:59:33Z,4153708875,233,338,4153708759,286,,4153708757,56,Center,,,,,,,,,,,,,,,,auqy1bigw2a1owxg441wojzyt,L. Van Eenoo,,,,,,,,,,,,,,,,,,,,,,,,,,,,,,,,,,,,,,,,,
2526756313,339,1,1,39,43,920raeoumft3q2wmvc296uceo,0,44.3,38,2023-04-01T16:55:25.943Z,2023-04-02T11:59:33Z,4153708917,141,43.7,4153708903,3,,4153708909,56,Back,4153708923,213,0.7,4156141751,388,,4153708913,140,48.6,4155249299,168,,4153708921,212,6.0,72xzl0yjdetvqp2n1pmzyqvze,A. Hosseinzadeh,,,,,,,,,,,,,,,,,,,,,,,,,,,,,,,,,,,,,,,,,
2526756289,356,61,1,39,43,2nhn3ikl1ciq34w3hcp883d6p,1,54.9,58.7,2023-04-01T16:55:25.971Z,2023-04-02T11:59:33Z,4156141891,15,,4156141893,388,,4153708763,56,Center,,,,,,,,,,,,,,,,auqy1bigw2a1owxg441wojzyt,L. Van Eenoo,,,,,,,,,,,,,,,,,,,,,,,,,,,,,,,,,,,,,,,,,
2527208447,1271,43,1,39,45,920raeoumft3q2wmvc296uceo,1,0,0,2023-04-01T16:55:28.221Z,2023-04-02T05:47:58Z,4156186735,144,67,4156185519,233,1270,,,,,,,,,,,,,,,,,,,39bcswfqnpa07b4afevezejo4,J. Tchatchoua,,,,,,,,,,,,,,,,,,,,,,,,,,,,,,,,,,,,,,,,,
2527208445,1270,43,1,39,45,2nhn3ikl1ciq34w3hcp883d6p,1,0,0,2023-04-01T16:55:28.222Z,2023-04-02T05:47:57Z,4156186729,144,67,4156185527,233,1271,,,,,,,,,,,,,,,,,,,9qm1adecprlczxw7ldbpvoi51,E. Jordanov,,,,,,,,,,,,,,,,,,,,,,,,,,,,,,,,,,,,,,,,,
2527208727,1285,43,1,39,45,920raeoumft3q2wmvc296uceo,1,0,0,2023-04-01T16:55:28.256Z,2023-04-02T09:16:56Z,4156484257,144,67,4156187039,233,1285,,,,,,,,,,,,,,,,,,,39bcswfqnpa07b4afevezejo4,J. Tchatchoua,,,,,,,,,,,,,,,,,,,,,,,,,,,,,,,,,,,,,,,,,
2527208723,1285,43,1,39,45,2nhn3ikl1ciq34w3hcp883d6p,1,0,0,2023-04-01T16:55:28.257Z,2023-04-02T09:16:56Z,4156187049,233,1285,4156484247,144,67,,,,,,,,,,,,,,,,,,,dd711ekg0nlaosmsy2lz13syy,T. Van den Keybus,,,,,,,,,,,,,,,,,,,,,,,,,,,,,,,,,,,,,,,,,
2527034989,885,61,1,39,47,920raeoumft3q2wmvc296uceo,0,51.3,4.6,2023-04-01T16:55:29.743Z,2023-04-02T11:59:31Z,4156142325,178,,4155249861,56,Right,,,,,,,,,,,,,,,,,,,39bcswfqnpa07b4afevezejo4,J. Tchatchoua,,,,,,,,,,,,,,,,,,,,,,,,,,,,,,,,,,,,,,,,,
2526756355,340,43,1,39,49,920raeoumft3q2wmvc296uceo,1,0,0,2023-04-01T16:55:32.229Z,2023-04-01T16:56:42Z,4153713023,144,3,4153709267,286,0,4153709075,56,Right,,,,,,,,,,,,,,,,39bcswfqnpa07b4afevezejo4,J. Tchatchoua,,,,,,,,,,,,,,,,,,,,,,,,,,,,,,,,,,,,,,,,,
2526756365,357,49,1,39,50,2nhn3ikl1ciq34w3hcp883d6p,1,24.7,96.7,2023-04-01T16:55:33.298Z,2023-04-02T11:59:31Z,,,,,,,,,,,,,,,,,,,,,,,,,9qm1adecprlczxw7ldbpvoi51,E. Jordanov,,,,,,,,,,,,,,,,,,,,,,,,,,,,,,,,,,,,,,,,,
2526756391,358,1,1,39,50,2nhn3ikl1ciq34w3hcp883d6p,0,24.7,96.7,2023-04-01T16:55:33.319Z,2023-04-02T11:59:31Z,4153709285,212,23.6,4153709287,213,4.6,4153709279,56,Back,4156142535,178,,4153709281,140,21.7,4153709283,141,62.3,,,,,,,9qm1adecprlczxw7ldbpvoi51,E. Jordanov,,,,,,,,,,,,,,,,,,,,,,,,,,,,,,,,,,,,,,,,,
2526756421,341,49,1,39,53,920raeoumft3q2wmvc296uceo,1,77.9,39.5,2023-04-01T16:55:35.737Z,2023-04-02T11:59:30Z,,,,,,,,,,,,,,,,,,,,,,,,,dqazrm2wmu9zqpvp8xbeeb7jd,V. Bayo,,,,,,,,,,,,,,,,,,,,,,,,,,,,,,,,,,,,,,,,,
2527209023,1299,67,1,39,53,920raeoumft3q2wmvc296uceo,1,79.7,37.8,2023-04-01T16:55:35.762Z,2023-04-02T11:59:30Z,4156188557,233,1307,,,,,,,,,,,,,,,,,,,,,,dqazrm2wmu9zqpvp8xbeeb7jd,V. Bayo,,,,,,,,,,,,,,,,,,,,,,,,,,,,,,,,,,,,,,,,,
2527209019,1307,67,1,39,53,2nhn3ikl1ciq34w3hcp883d6p,0,20.3,62.2,2023-04-01T16:55:35.763Z,2023-04-02T11:59:30Z,4156188567,233,1299,,,,,,,,,,,,,,,,,,,,,,5ujoracvgg00kzd0a8rh8oa1h,R. Neustädter,,,,,,,,,,,,,,,,,,,,,,,,,,,,,,,,,,,,,,,,,
2527208869,1290,43,1,39,53,920raeoumft3q2wmvc296uceo,1,0,0,2023-04-01T16:55:35.798Z,2023-04-02T05:49:16Z,4156187779,233,1297,4156188015,144,67,,,,,,,,,,,,,,,,,,,dqazrm2wmu9zqpvp8xbeeb7jd,V. Bayo,,,,,,,,,,,,,,,,,,,,,,,,,,,,,,,,,,,,,,,,,
2527208867,1297,43,1,39,53,2nhn3ikl1ciq34w3hcp883d6p,1,0,0,2023-04-01T16:55:35.799Z,2023-04-02T05:49:16Z,4156188013,144,67,4156187787,233,1290,,,,,,,,,,,,,,,,,,,7xs1rx9jos4ls85u362y9hqeh,N. Madsen,,,,,,,,,,,,,,,,,,,,,,,,,,,,,,,,,,,,,,,,,
2526756483,342,1,1,39,59,920raeoumft3q2wmvc296uceo,1,79.5,14.7,2023-04-01T16:55:42.584Z,2023-04-02T11:59:26Z,4153709803,56,Center,4153709809,212,8.9,4156142783,178,,4153709811,213,1.9,4153709807,141,27.0,4153709805,140,76.7,,,,,,,dqazrm2wmu9zqpvp8xbeeb7jd,V. Bayo,,,,,,,,,,,,,,,,,,,,,,,,,,,,,,,,,,,,,,,,,
2526756535,343,1,1,40,2,920raeoumft3q2wmvc296uceo,1,72.7,15.6,2023-04-01T16:55:45.671Z,2023-04-02T11:59:25Z,4153710039,155,,4153710043,56,Right,4156142825,178,,4153710049,212,19.5,4153710051,213,0.0,4153710047,141,15.9,4153710045,140,91.3,,,,14xb29tv90y8uataijmh03rah,D. Heymans,,,,,,,,,,,,,,,,,,,,,,,,,,,,,,,,,,,,,,,,,
2526756591,344,1,1,40,7,920raeoumft3q2wmvc296uceo,1,86,12.3,2023-04-01T16:55:50.564Z,2023-04-02T11:59:23Z,4153710345,212,13.9,4156143115,178,,4153710347,213,3.0,4153710341,140,72.9,4153710339,56,Right,4153710343,141,15.2,,,,,,,dqazrm2wmu9zqpvp8xbeeb7jd,V. Bayo,,,,,,,,,,,,,,,,,,,,,,,,,,,,,,,,,,,,,,,,,
2526756611,345,1,1,40,10,920raeoumft3q2wmvc296uceo,1,77.2,3.4,2023-04-01T16:55:53.715Z,2023-04-02T11:59:22Z,4153710451,213,2.0,4153710441,56,Center,4153710447,141,24.6,4156143251,178,,4153710445,140,71.5,4153710449,212,15.6,,,,,,,14xb29tv90y8uataijmh03rah,D. Heymans,,,,,,,,,,,,,,,,,,,,,,,,,,,,,,,,,,,,,,,,,
2526756617,346,1,1,40,14,920raeoumft3q2wmvc296uceo,0,75.1,13.2,2023-04-01T16:55:56.767Z,2023-04-02T11:59:21Z,4153710479,141,27.3,4156143503,178,,4153710481,212,9.9,4153710485,213,1.8,4153710499,233,359,4153710475,56,Center,4153710477,140,72.9,,,,8zz5lnxo7twq8ntb7e0qfvbv9,M. Ilaimaharitra,,,,,,,,,,,,,,,,,,,,,,,,,,,,,,,,,,,,,,,,,
2526756615,359,61,1,40,14,2nhn3ikl1ciq34w3hcp883d6p,1,23.6,90.5,2023-04-01T16:55:56.866Z,2023-04-02T11:59:21Z,4156143619,178,,4153710471,56,Back,,,,,,,,,,,,,,,,,,,8hl43dvm1d57g011yacyoooa1,M. Fixelles,,,,,,,,,,,,,,,,,,,,,,,,,,,,,,,,,,,,,,,,,
2527267405,1589,67,1,40,15,920raeoumft3q2wmvc296uceo,1,78.3,15.6,2023-04-01T16:55:58.013Z,2023-04-02T11:59:20Z,4156482735,233,1623,,,,,,,,,,,,,,,,,,,,,,72xzl0yjdetvqp2n1pmzyqvze,A. Hosseinzadeh,,,,,,,,,,,,,,,,,,,,,,,,,,,,,,,,,,,,,,,,,
2527267401,1623,67,1,40,15,2nhn3ikl1ciq34w3hcp883d6p,0,21.7,84.4,2023-04-01T16:55:58.014Z,2023-04-02T11:59:20Z,4156482761,233,1589,,,,,,,,,,,,,,,,,,,,,,dd711ekg0nlaosmsy2lz13syy,T. Van den Keybus,,,,,,,,,,,,,,,,,,,,,,,,,,,,,,,,,,,,,,,,,
2526756645,347,1,1,40,15,920raeoumft3q2wmvc296uceo,1,77.1,12.1,2023-04-01T16:55:58.050Z,2023-04-02T11:59:19Z,4153710605,56,Right,4153710611,212,11.5,4153710607,140,66.2,4153710613,213,3.1,4153710609,141,13.1,4156143723,178,,,,,,,,72xzl0yjdetvqp2n1pmzyqvze,A. Hosseinzadeh,,,,,,,,,,,,,,,,,,,,,,,,,,,,,,,,,,,,,,,,,
2526756705,348,1,1,40,17,920raeoumft3q2wmvc296uceo,1,70.2,1.4,2023-04-01T16:55:59.890Z,2023-04-02T11:59:18Z,4153710905,141,82.0,4153710911,1,,4153710907,212,55.2,4153710909,213,1.7,4156143933,178,,4153710903,140,64.1,4153710899,196,,4153710901,56,Left,14xb29tv90y8uataijmh03rah,D. Heymans,,,,,,,,,,,,,,,,,,,,,,,,,,,,,,,,,,,,,,,,,
2526756741,349,1,1,40,24,920raeoumft3q2wmvc296uceo,1,88.4,80.3,2023-04-01T16:56:07.669Z,2023-04-02T11:59:16Z,4153711087,212,8.4,4153711085,141,90.5,4153711081,56,Left,4153711083,140,92.9,4156144081,178,,4153711089,213,1.0,,,,,,,3bhmh2ks5ma4rqda9zff6w251,S. Knežević,,,,,,,,,,,,,,,,,,,,,,,,,,,,,,,,,,,,,,,,,
2526756797,350,1,1,40,27,920raeoumft3q2wmvc296uceo,1,88.3,92.3,2023-04-01T16:56:09.973Z,2023-04-02T11:59:15Z,4153711399,141,68.1,4153711401,212,17.5,4153711395,56,Center,4153711403,213,5.1,4153711397,140,94.1,4156144157,178,,,,,,,,87d73x3gkomc4soukr5uweqc5,I. Mbenza,,,,,,,,,,,,,,,,,,,,,,,,,,,,,,,,,,,,,,,,,
2526756823,351,1,1,40,33,920raeoumft3q2wmvc296uceo,1,92.2,85.5,2023-04-01T16:56:16.332Z,2023-04-02T11:59:13Z,4153711517,141,88.3,4153711515,140,84.8,4153711511,155,,4153711513,56,Left,4153711521,213,2.9,4156144257,178,,4153711519,212,8.0,,,,5ecklu1u6t21rhh8fh4zoq2cq,A. Zorgane,,,,,,,,,,,,,,,,,,,,,,,,,,,,,,,,,,,,,,,,,
2526756831,352,1,1,40,35,920raeoumft3q2wmvc296uceo,1,76.3,83,2023-04-01T16:56:18.317Z,2023-04-02T11:59:12Z,4153711571,213,0.9,4153711565,140,81.6,4153711567,141,94.4,4156144791,178,,4153711569,212,9.5,4153711563,56,Left,,,,,,,8zz5lnxo7twq8ntb7e0qfvbv9,M. Ilaimaharitra,,,,,,,,,,,,,,,,,,,,,,,,,,,,,,,,,,,,,,,,,
2526756861,353,1,1,40,38,920raeoumft3q2wmvc296uceo,1,69.4,91.6,2023-04-01T16:56:21.132Z,2023-04-02T11:59:12Z,4153711739,212,26.7,4153711741,213,0.1,4153711733,56,Left,4156144857,178,,4153711735,140,94.6,4153711737,141,96.3,,,,,,,87d73x3gkomc4soukr5uweqc5,I. Mbenza,,,,,,,,,,,,,,,,,,,,,,,,,,,,,,,,,,,,,,,,,
2526756875,354,1,1,40,39,920raeoumft3q2wmvc296uceo,1,76.1,97.9,2023-04-01T16:56:22.447Z,2023-04-02T11:59:11Z,4153711847,56,Left,4153711851,141,89.7,4153711853,212,13.0,4156144905,178,,4153711849,140,87.3,4153711855,213,5.8,,,,,,,5ecklu1u6t21rhh8fh4zoq2cq,A. Zorgane,,,,,,,,,,,,,,,,,,,,,,,,,,,,,,,,,,,,,,,,,
2526756887,355,1,1,40,40,920raeoumft3q2wmvc296uceo,1,74.2,91.8,2023-04-01T16:56:23.369Z,2023-04-02T11:59:11Z,4153711893,56,Left,4153711899,212,14.1,4153711901,213,0.2,4156145013,178,,4153711897,141,96.5,4153711895,140,87.3,,,,,,,8zz5lnxo7twq8ntb7e0qfvbv9,M. Ilaimaharitra,,,,,,,,,,,,,,,,,,,,,,,,,,,,,,,,,,,,,,,,,
2526756893,356,1,1,40,41,920raeoumft3q2wmvc296uceo,1,72.2,97.4,2023-04-01T16:56:23.936Z,2023-04-02T11:59:10Z,4156145091,178,,4153711935,213,5.5,4153711929,140,82.7,4153711933,212,15.5,4153711931,141,81.4,4153711927,56,Left,,,,,,,5ecklu1u6t21rhh8fh4zoq2cq,A. Zorgane,,,,,,,,,,,,,,,,,,,,,,,,,,,,,,,,,,,,,,,,,
2526756909,357,1,1,40,42,920raeoumft3q2wmvc296uceo,1,78.1,78.9,2023-04-01T16:56:25.378Z,2023-04-02T11:59:10Z,4153711995,56,Left,4153711997,140,78.1,4153712017,156,,4153711999,141,84.4,4153712003,213,1.6,4153712001,212,3.7,4156145169,178,,,,,3bhmh2ks5ma4rqda9zff6w251,S. Knežević,,,,,,,,,,,,,,,,,,,,,,,,,,,,,,,,,,,,,,,,,
2526756935,358,1,1,40,43,920raeoumft3q2wmvc296uceo,1,73.8,81.3,2023-04-01T16:56:26.126Z,2023-04-02T11:59:10Z,4153712159,56,Center,4153712167,213,5.3,4156145305,178,,4153712165,212,9.6,4153712163,141,69.3,4153712161,140,78.6,,,,,,,5ecklu1u6t21rhh8fh4zoq2cq,A. Zorgane,,,,,,,,,,,,,,,,,,,,,,,,,,,,,,,,,,,,,,,,,
2527209905,1385,67,1,40,44,920raeoumft3q2wmvc296uceo,1,80.4,61.7,2023-04-01T16:56:27.137Z,2023-04-02T11:59:09Z,4156193131,233,1400,,,,,,,,,,,,,,,,,,,,,,72xzl0yjdetvqp2n1pmzyqvze,A. Hosseinzadeh,,,,,,,,,,,,,,,,,,,,,,,,,,,,,,,,,,,,,,,,,
2527209903,1400,67,1,40,44,2nhn3ikl1ciq34w3hcp883d6p,0,19.6,38.3,2023-04-01T16:56:27.138Z,2023-04-02T11:59:09Z,4156193137,233,1385,,,,,,,,,,,,,,,,,,,,,,auqy1bigw2a1owxg441wojzyt,L. Van Eenoo,,,,,,,,,,,,,,,,,,,,,,,,,,,,,,,,,,,,,,,,,
2526756943,359,1,1,40,44,920raeoumft3q2wmvc296uceo,0,79.5,60.8,2023-04-01T16:56:27.141Z,2023-04-02T11:59:09Z,4153712225,213,1.1,4153712217,56,Left,4153712219,140,86.6,4156145395,178,,4153712223,212,17.7,4153712221,141,84.4,,,,,,,72xzl0yjdetvqp2n1pmzyqvze,A. Hosseinzadeh,,,,,,,,,,,,,,,,,,,,,,,,,,,,,,,,,,,,,,,,,
2526756949,360,49,1,40,45,2nhn3ikl1ciq34w3hcp883d6p,1,18.3,17.9,2023-04-01T16:56:28.473Z,2023-04-02T11:59:08Z,,,,,,,,,,,,,,,,,,,,,,,,,7xs1rx9jos4ls85u362y9hqeh,N. Madsen,,,,,,,,,,,,,,,,,,,,,,,,,,,,,,,,,,,,,,,,,
2526756987,361,1,1,40,47,2nhn3ikl1ciq34w3hcp883d6p,0,20.3,22,2023-04-01T16:56:30.315Z,2023-04-02T11:59:07Z,4153712413,56,Back,4153712421,213,0.0,4153712419,212,14.8,4153712417,141,22.4,4153712415,140,34.4,4156145569,178,,,,,,,,7xs1rx9jos4ls85u362y9hqeh,N. Madsen,,,,,,,,,,,,,,,,,,,,,,,,,,,,,,,,,,,,,,,,,
2526757021,360,1,1,40,48,920raeoumft3q2wmvc296uceo,1,65.9,76.4,2023-04-01T16:56:31.569Z,2023-04-02T11:59:07Z,4153712567,140,74.8,4153712571,212,10.5,4153713507,210,13,4153712565,56,Center,4153712573,213,5.8,4156145705,178,,4153712569,141,69.3,,,,164kbzdgdvclxn5zikw5hug6i,V. Ozornwafor,,,,1,,,,,,,,,,,,,,,,,,,,,,,,,,,,,,,,,,,,,
2526757025,361,49,1,40,49,920raeoumft3q2wmvc296uceo,1,71.5,71.3,2023-04-01T16:56:32.395Z,2023-04-02T11:59:06Z,,,,,,,,,,,,,,,,,,,,,,,,,72xzl0yjdetvqp2n1pmzyqvze,A. Hosseinzadeh,,,,,,,,,,,,,,,,,,,,,,,,,,,,,,,,,,,,,,,,,
2526757037,362,13,1,40,51,920raeoumft3q2wmvc296uceo,1,75.6,56.8,2023-04-01T16:56:34.516Z,2023-04-02T11:59:05Z,4153712615,22,,4153712617,18,,4153713559,230,96.2,4153712863,20,,4153713561,231,52.1,4153713549,102,41.5,4156146053,178,,4153713553,103,5.6,72xzl0yjdetvqp2n1pmzyqvze,A. Hosseinzadeh,4153713545,55,360,,4153713557,215,,4153712619,56,4153713543,29,,4153713539,84,,,,,,,,,Center,,,,,,,,,,,,,,,,,,
2526757047,362,5,1,40,53,2nhn3ikl1ciq34w3hcp883d6p,1,-0.7,61.9,2023-04-01T16:56:35.798Z,2023-04-02T05:13:03Z,4153712767,233,363,4153712679,56,Back,4153712683,346,,,,,,,,,,,,,,,,,7xs1rx9jos4ls85u362y9hqeh,N. Madsen,,,,,,,,,,,,,,,,,,,,,,,,,,,,,,,,,,,,,,,,,
2526757055,363,5,1,40,53,920raeoumft3q2wmvc296uceo,0,100.7,38.1,2023-04-01T16:56:35.798Z,2023-04-02T05:13:03Z,4153712793,233,362,4153712735,56,Center,4153712737,346,,,,,,,,,,,,,,,,,72xzl0yjdetvqp2n1pmzyqvze,A. Hosseinzadeh,,,,,,,,,,,,,,,,,,,,,,,,,,,,,,,,,,,,,,,,,
2526757355,363,1,1,41,12,2nhn3ikl1ciq34w3hcp883d6p,0,5.7,54.3,2023-04-01T16:56:55.018Z,2023-04-02T11:27:59Z,4153714361,74,,4153714349,140,53.1,4153714355,213,6.2,4153714357,1,,4153714343,124,,4153714345,155,,4153714351,141,46.4,4153714347,56,Center,6qlfe04qjldj3rkeeme6gdi39,S. Bolat,4153714353,212,50.1,,,,,,,,,,,,,,,,,,,,,,,,,,,,,,,,,,,,,,
2526757371,364,43,1,41,16,2nhn3ikl1ciq34w3hcp883d6p,1,0,0,2023-04-01T16:56:59.650Z,2023-04-01T16:57:12Z,4153714437,140,66.7,4153715319,144,1,4153714435,56,Center,4153714433,3,0,4153714443,213,0.4,4153714439,141,55.1,4153714441,212,15.5,,,,12c7rhdjh6rja1d2j45n3exyi,K. Vaesen,,,,,,,,,,,,,,,,,,,,,,,,,,,,,,,,,,,,,,,,,
2526757427,364,49,1,41,20,920raeoumft3q2wmvc296uceo,1,22.8,43.4,2023-04-01T16:57:03.191Z,2023-04-02T11:59:04Z,,,,,,,,,,,,,,,,,,,,,,,,,btyk45f7gmz3ck2dafpp22yg9,H. Koffi,,,,,,,,,,,,,,,,,,,,,,,,,,,,,,,,,,,,,,,,,
2526757467,365,1,1,41,21,920raeoumft3q2wmvc296uceo,1,22.7,43.5,2023-04-01T16:57:04.010Z,2023-04-02T11:59:04Z,4153714837,140,24.8,4156147367,178,,4153714835,56,Back,4153714841,212,17.5,4153714843,213,1.4,4153714839,141,69.1,,,,,,,btyk45f7gmz3ck2dafpp22yg9,H. Koffi,,,,,,,,,,,,,,,,,,,,,,,,,,,,,,,,,,,,,,,,,
2526757513,366,1,1,41,24,920raeoumft3q2wmvc296uceo,1,26.2,74.5,2023-04-01T16:57:06.963Z,2023-04-02T11:59:03Z,4156147423,178,,4153715083,141,70.9,4153715081,140,33.5,4153715079,56,Back,4153715087,213,6.0,4153715085,212,8.0,,,,,,,164kbzdgdvclxn5zikw5hug6i,V. Ozornwafor,,,,,,,,,,,,,,,,,,,,,,,,,,,,,,,,,,,,,,,,,
2526757579,367,1,1,41,25,920raeoumft3q2wmvc296uceo,1,40.7,76.1,2023-04-01T16:57:07.874Z,2023-04-02T11:59:03Z,4153715395,140,13.9,4153715401,213,3.9,4153715397,141,38.9,4153715399,212,37.8,4155255749,156,,4157172759,1,,4156147529,178,,4153715393,56,Back,5ecklu1u6t21rhh8fh4zoq2cq,A. Zorgane,,,,,,,,,,,,,,,,,,,,,,,,,,,,,,,,,,,,,,,,,
2526757695,368,1,1,41,33,920raeoumft3q2wmvc296uceo,1,25.3,42.7,2023-04-01T16:57:16.548Z,2023-04-02T11:59:00Z,4153715945,155,,4153715947,56,Left,4153715951,141,97.8,4153715953,212,54.0,4156147581,178,,4153715955,213,0.8,4153715949,140,62.3,4153715957,1,,btyk45f7gmz3ck2dafpp22yg9,H. Koffi,,,,,,,,,,,,,,,,,,,,,,,,,,,,,,,,,,,,,,,,,
2526757709,369,61,1,41,36,920raeoumft3q2wmvc296uceo,0,58.6,95.4,2023-04-01T16:57:19.515Z,2023-04-02T11:59:00Z,4156147673,178,,4153715997,56,Left,,,,,,,,,,,,,,,,,,,87d73x3gkomc4soukr5uweqc5,I. Mbenza,,,,,,,,,,,,,,,,,,,,,,,,,,,,,,,,,,,,,,,,,
2526757879,365,5,1,41,38,2nhn3ikl1ciq34w3hcp883d6p,1,28.5,-2,2023-04-01T16:57:20.850Z,2023-04-02T05:14:29Z,4153716837,347,,4153716871,233,370,4153716835,56,Back,,,,,,,,,,,,,,,,12c7rhdjh6rja1d2j45n3exyi,K. Vaesen,,,,,,,,,,,,,,,,,,,,,,,,,,,,,,,,,,,,,,,,,
2526757719,370,5,1,41,38,920raeoumft3q2wmvc296uceo,0,71.5,102,2023-04-01T16:57:20.850Z,2023-04-02T05:14:29Z,4153716029,56,Left,4153716879,233,365,4153716031,347,,,,,,,,,,,,,,,,,87d73x3gkomc4soukr5uweqc5,I. Mbenza,,,,,,,,,,,,,,,,,,,,,,,,,,,,,,,,,,,,,,,,,
2526757901,366,1,1,41,54,2nhn3ikl1ciq34w3hcp883d6p,1,34.4,0,2023-04-01T16:57:37.671Z,2023-04-02T11:59:00Z,4153716959,213,2.0,4153716953,140,29.6,4153716951,56,Back,4153716949,107,,4153716955,141,13.4,4153716957,212,11.6,,,,,,,e2z19y8is5m24brpa3gzn02qx,B. Reynolds,,,,,,,,,,,,,,,,,,,,,,,,,,,,,,,,,,,,,,,,,
2526757925,367,1,1,41,56,2nhn3ikl1ciq34w3hcp883d6p,1,32.4,6.9,2023-04-01T16:57:39.602Z,2023-04-02T11:58:59Z,4153717073,141,9.4,4153717071,140,35.7,4153717069,56,Back,4153717077,213,0.5,4156148943,178,,4153717075,212,3.9,,,,,,,8hl43dvm1d57g011yacyoooa1,M. Fixelles,,,,,,,,,,,,,,,,,,,,,,,,,,,,,,,,,,,,,,,,,
2526758035,368,1,1,41,58,2nhn3ikl1ciq34w3hcp883d6p,1,36.9,3.7,2023-04-01T16:57:41.265Z,2023-04-02T11:58:58Z,4153717675,56,Back,4153717677,140,27.9,4156149043,178,,4153717679,141,11.9,4153717683,213,2.6,4153717681,212,11.0,,,,,,,12c7rhdjh6rja1d2j45n3exyi,K. Vaesen,,,,,,,,,,,,,,,,,,,,,,,,,,,,,,,,,,,,,,,,,
2527210275,1441,83,1,41,59,920raeoumft3q2wmvc296uceo,1,70.2,95.4,2023-04-01T16:57:42.660Z,2023-04-02T11:58:57Z,4156196471,399,223353,,,,,,,,,,,,,,,,,,,,,,3bhmh2ks5ma4rqda9zff6w251,S. Knežević,,,,,,,,,,,,,,,,,,,,,,,,,,,,,,,,,,,,,,,,,
2526758039,369,12,1,42,6,2nhn3ikl1ciq34w3hcp883d6p,1,4.5,1.4,2023-04-01T16:57:48.763Z,2023-04-02T11:58:55Z,4156149183,178,,4155257335,213,6.1,4155257329,140,11.5,4153717691,56,Back,4155257331,141,0.0,4155257327,167,,4155257333,212,7.5,,,,e2z19y8is5m24brpa3gzn02qx,B. Reynolds,,,,,,,,,,,,,,,,,,,,,,,,,,,,,,,,,,,,,,,,,
2526758057,370,5,1,42,6,2nhn3ikl1ciq34w3hcp883d6p,0,10,-1.8,2023-04-01T16:57:49.316Z,2023-04-02T05:15:52Z,4153717785,347,,4153718477,233,371,4153717783,56,Back,,,,,,,,,,,,,,,,e2z19y8is5m24brpa3gzn02qx,B. Reynolds,,,,,,,,,,,,,,,,,,,,,,,,,,,,,,,,,,,,,,,,,
2526758169,371,5,1,42,6,920raeoumft3q2wmvc296uceo,1,90,101.8,2023-04-01T16:57:49.316Z,2023-04-02T05:15:51Z,4153718457,233,370,4153718405,56,Left,4153718407,347,,,,,,,,,,,,,,,,,3bhmh2ks5ma4rqda9zff6w251,S. Knežević,,,,,,,,,,,,,,,,,,,,,,,,,,,,,,,,,,,,,,,,,
2526758191,372,1,1,42,20,920raeoumft3q2wmvc296uceo,1,87.1,100,2023-04-01T16:58:03.063Z,2023-04-02T11:58:55Z,4153718519,213,5.2,4153718511,56,Left,4153718513,140,92.8,4153718509,107,,4153718515,141,86.0,4153718517,212,12.4,,,,,,,87d73x3gkomc4soukr5uweqc5,I. Mbenza,,,,,,,,,,,,,,,,,,,,,,,,,,,,,,,,,,,,,,,,,
2526758249,373,1,1,42,21,920raeoumft3q2wmvc296uceo,1,87.7,89.2,2023-04-01T16:58:04.023Z,2023-04-02T11:58:54Z,4153718883,212,5.8,4153718881,141,94.5,4156149397,178,,4153718879,140,92.0,4153718877,56,Left,4153718885,213,0.7,,,,,,,5ecklu1u6t21rhh8fh4zoq2cq,A. Zorgane,,,,,,,,,,,,,,,,,,,,,,,,,,,,,,,,,,,,,,,,,
2526758261,374,1,1,42,26,920raeoumft3q2wmvc296uceo,1,85.7,98.4,2023-04-01T16:58:08.964Z,2023-04-02T11:58:53Z,4153718987,213,4.6,4156149531,178,,4153718985,212,10.2,4153718981,140,84.6,4153718983,141,83.5,4153718979,56,Left,,,,,,,87d73x3gkomc4soukr5uweqc5,I. Mbenza,,,,,,,,,,,,,,,,,,,,,,,,,,,,,,,,,,,,,,,,,
2526758279,375,1,1,42,27,920raeoumft3q2wmvc296uceo,1,80.2,85.3,2023-04-01T16:58:10.121Z,2023-04-02T11:58:52Z,4153719063,141,91.5,4156149641,178,,4153719061,140,84.5,4153719065,212,6.2,4153719067,213,0.8,4153719059,56,Left,,,,,,,8zz5lnxo7twq8ntb7e0qfvbv9,M. Ilaimaharitra,,,,,,,,,,,,,,,,,,,,,,,,,,,,,,,,,,,,,,,,,
2526758301,376,1,1,42,28,920raeoumft3q2wmvc296uceo,1,77.7,90.3,2023-04-01T16:58:11.115Z,2023-04-02T11:58:52Z,4156149659,178,,4153719201,212,2.7,4153719199,141,94.1,4153719203,213,1.9,4153719197,140,76.9,4153719195,56,Left,,,,,,,14xb29tv90y8uataijmh03rah,D. Heymans,,,,,,,,,,,,,,,,,,,,,,,,,,,,,,,,,,,,,,,,,
2526758315,377,1,1,42,30,920raeoumft3q2wmvc296uceo,1,70.3,93.2,2023-04-01T16:58:13.220Z,2023-04-02T11:58:50Z,4156149753,178,,4153719259,140,88.9,4153719265,213,0.1,4153719263,212,19.6,4153719261,141,96.0,4153719257,56,Left,,,,,,,3bhmh2ks5ma4rqda9zff6w251,S. Knežević,,,,,,,,,,,,,,,,,,,,,,,,,,,,,,,,,,,,,,,,,
2526758339,378,1,1,42,31,920raeoumft3q2wmvc296uceo,1,72.4,98.6,2023-04-01T16:58:13.810Z,2023-04-02T11:58:50Z,4153719435,213,3.3,4153719429,140,56.5,4156149795,178,,4153719433,212,17.0,4153719431,141,94.1,4153719427,56,Left,,,,,,,5ecklu1u6t21rhh8fh4zoq2cq,A. Zorgane,,,,,,,,,,,,,,,,,,,,,,,,,,,,,,,,,,,,,,,,,
2526758369,379,1,1,42,33,920raeoumft3q2wmvc296uceo,1,49.3,80.1,2023-04-01T16:58:16.707Z,2023-04-02T11:58:49Z,4153719627,212,29.8,4153719625,141,36.4,4153719621,56,Back,4153719623,140,46.9,4156149845,178,,4153719629,213,4.6,,,,,,,164kbzdgdvclxn5zikw5hug6i,V. Ozornwafor,,,,,,,,,,,,,,,,,,,,,,,,,,,,,,,,,,,,,,,,,
2526758395,380,1,1,42,37,920raeoumft3q2wmvc296uceo,1,51.9,28.7,2023-04-01T16:58:20.371Z,2023-04-02T11:58:49Z,4153719775,213,5.4,4153719769,140,61.5,4156149921,178,,4153719767,56,Right,4153719773,212,15.3,4153719771,141,11.7,,,,,,,ae26s08xs4l50sfm0r6jbsley,S. Andreou,,,,,,,,,,,,,,,,,,,,,,,,,,,,,,,,,,,,,,,,,
2526758453,381,1,1,42,40,920raeoumft3q2wmvc296uceo,1,68.4,1.7,2023-04-01T16:58:23.668Z,2023-04-02T11:58:48Z,4153720087,213,0.4,4153720085,212,12.3,4153720081,140,79.2,4153720083,141,8.6,4153720079,56,Right,4156149943,178,,,,,,,,39bcswfqnpa07b4afevezejo4,J. Tchatchoua,,,,,,,,,,,,,,,,,,,,,,,,,,,,,,,,,,,,,,,,,
2526758499,382,1,1,42,46,920raeoumft3q2wmvc296uceo,1,97,17.8,2023-04-01T16:58:29.112Z,2023-04-02T11:58:46Z,4153720349,213,1.7,4156150103,178,,4155258811,224,,4153720339,155,,4153720343,140,95.3,4153720341,56,Center,4153720345,141,38.5,4155258815,20,,72xzl0yjdetvqp2n1pmzyqvze,A. Hosseinzadeh,4153720337,2,,,4153720347,212,14.2,,,,,,,,,,,,,,,,,,,,,,,,,,,,,,,,,,
2527210569,1458,67,1,42,47,920raeoumft3q2wmvc296uceo,1,96.5,40.2,2023-04-01T16:58:30.234Z,2023-04-02T11:58:46Z,4156198963,233,1450,,,,,,,,,,,,,,,,,,,,,,8zz5lnxo7twq8ntb7e0qfvbv9,M. Ilaimaharitra,,,,,,,,,,,,,,,,,,,,,,,,,,,,,,,,,,,,,,,,,
2527210567,1450,67,1,42,47,2nhn3ikl1ciq34w3hcp883d6p,0,3.5,59.8,2023-04-01T16:58:30.235Z,2023-04-02T11:58:45Z,4156198971,233,1458,,,,,,,,,,,,,,,,,,,,,,9kywhmzih4xhuz5d1rrxjcpd6,R. Tagir,,,,,,,,,,,,,,,,,,,,,,,,,,,,,,,,,,,,,,,,,
2526758535,383,1,1,42,49,920raeoumft3q2wmvc296uceo,1,98.5,41.1,2023-04-01T16:58:32.294Z,2023-04-02T11:58:44Z,4156150297,178,,4153721869,154,,4153720559,141,41.9,4153720557,140,96.2,4153720563,213,2.9,4153721867,210,15,4153720561,212,2.5,4153720555,56,Center,8zz5lnxo7twq8ntb7e0qfvbv9,M. Ilaimaharitra,,,,1,,,,,,,,,,,,,,,,,,,,,,,,,,,,,,,,,,,,,
2526758541,384,15,1,42,50,920raeoumft3q2wmvc296uceo,1,94.3,44.9,2023-04-01T16:58:33.063Z,2023-04-02T11:58:44Z,4153721905,328,,4157170917,16,,4153720577,56,Center,4153721897,55,383,4153721893,29,,4153720573,22,,4153721915,231,44,4153721891,80,,dqazrm2wmu9zqpvp8xbeeb7jd,V. Bayo,4156150371,178,,,4153721911,147,43.1,4153721895,154,4153721907,100,,4153721913,230,4153721903,103,4153721901,102,47.5,4153721339,233,,,98.5,19,372,4153721329,20,4153721909,146,96.3,4153721333,82,,,,,,,,
2526758537,372,10,1,42,50,2nhn3ikl1ciq34w3hcp883d6p,1,4.4,54.4,2023-04-01T16:58:33.110Z,2023-04-02T11:58:43Z,4156150425,178,,4153720567,94,,4153720569,56,Back,4153721355,233,384,,,,,,,,,,,,,5ujoracvgg00kzd0a8rh8oa1h,R. Neustädter,,,,,,,,,,,,,,,,,,,,,,,,,,,,,,,,,,,,,,,,,
2526758517,371,6,1,42,50,2nhn3ikl1ciq34w3hcp883d6p,0,0,55,2023-04-01T16:58:33.605Z,2023-04-02T05:16:53Z,4153748561,233,385,4153748435,73,,4153720435,56,Back,,,,,,,,,,,,,,,,5ujoracvgg00kzd0a8rh8oa1h,R. Neustädter,,,,,,,,,,,,,,,,,,,,,,,,,,,,,,,,,,,,,,,,,
2526758571,385,6,1,42,50,920raeoumft3q2wmvc296uceo,1,100,45,2023-04-01T16:58:33.605Z,2023-04-02T05:16:53Z,4153748485,233,371,4153720749,75,,4153720745,56,Center,,,,,,,,,,,,,,,,dqazrm2wmu9zqpvp8xbeeb7jd,V. Bayo,,,,,,,,,,,,,,,,,,,,,,,,,,,,,,,,,,,,,,,,,
2526758847,386,1,1,43,24,920raeoumft3q2wmvc296uceo,0,99.5,0.5,2023-04-01T16:59:07.629Z,2023-04-02T05:16:57Z,4153722225,2,,4153722239,212,30.5,4153722241,213,1.8,4153722233,56,Center,4156150573,178,,4153722227,6,,4153722231,224,,4153722229,155,,5ecklu1u6t21rhh8fh4zoq2cq,A. Zorgane,4153722235,140,94.2,,4155260997,20,,4153722237,141,,,,,,,,,,,,,,44.6,,,,,,,,,,,,,,,,,,
2526758859,373,12,1,43,26,2nhn3ikl1ciq34w3hcp883d6p,1,4.5,54.4,2023-04-01T16:59:09.033Z,2023-04-02T11:58:42Z,4153722305,212,24.3,4153722299,56,Back,4153722311,15,,4153722307,213,6.2,4153722303,141,50.9,4156150741,388,,4153722301,140,27.5,,,,9kywhmzih4xhuz5d1rrxjcpd6,R. Tagir,,,,,,,,,,,,,,,,,,,,,,,,,,,,,,,,,,,,,,,,,
2526758883,387,15,1,43,29,920raeoumft3q2wmvc296uceo,1,77.2,46.8,2023-04-01T16:59:11.739Z,2023-04-02T11:58:41Z,4153726461,82,,4153727899,215,,4153727909,230,95.8,4153727907,147,53.2,4153726457,20,,4153722443,56,Center,4153727911,231,50.2,4153722441,18,,39bcswfqnpa07b4afevezejo4,J. Tchatchoua,4153727895,102,52.6,,4153727897,103,6.9,4153726455,25,4153727905,146,85.6,4153727901,458,4153727903,139,4156150843,178,,4153727893,76,,,,,,,,,,,,,,,,,,,,
2526758919,388,61,1,43,29,920raeoumft3q2wmvc296uceo,1,83.5,52,2023-04-01T16:59:12.144Z,2023-04-02T11:58:41Z,4156150895,178,,4153722633,56,Center,4153722771,228,,,,,,,,,,,,,,,,,dqazrm2wmu9zqpvp8xbeeb7jd,V. Bayo,,,,,,,,,,,,,,,,,,,,,,,,,,,,,,,,,,,,,,,,,
2526758925,374,12,1,43,30,2nhn3ikl1ciq34w3hcp883d6p,1,13,47.3,2023-04-01T16:59:13.170Z,2023-04-02T11:58:41Z,4153722663,140,24.6,4153722661,56,Back,4153722667,212,16.2,4156150963,178,,4153722669,213,0.7,4153722665,141,63.1,,,,,,,5ujoracvgg00kzd0a8rh8oa1h,R. Neustädter,,,,,,,,,,,,,,,,,,,,,,,,,,,,,,,,,,,,,,,,,
2527037333,886,61,1,43,30,920raeoumft3q2wmvc296uceo,1,84,55,2023-04-01T16:59:13.227Z,2023-04-02T11:58:40Z,4156151343,178,,4155263189,56,Center,,,,,,,,,,,,,,,,,,,dqazrm2wmu9zqpvp8xbeeb7jd,V. Bayo,,,,,,,,,,,,,,,,,,,,,,,,,,,,,,,,,,,,,,,,,
2526758929,375,49,1,43,31,2nhn3ikl1ciq34w3hcp883d6p,1,22.3,58.4,2023-04-01T16:59:14.662Z,2023-04-02T11:58:40Z,,,,,,,,,,,,,,,,,,,,,,,,,f03fccqnepjczr841h0zqdeui,Y. Matsuo,,,,,,,,,,,,,,,,,,,,,,,,,,,,,,,,,,,,,,,,,
2526758943,376,1,1,43,32,2nhn3ikl1ciq34w3hcp883d6p,0,22.5,58.1,2023-04-01T16:59:14.746Z,2023-04-02T11:58:40Z,4153722763,213,6.2,4153722761,212,51.0,4153722755,56,Center,4153722757,140,70.8,4153722759,141,50.4,4153722765,1,,4156151509,178,,4153722753,157,,f03fccqnepjczr841h0zqdeui,Y. Matsuo,,,,,,,,,,,,,,,,,,,,,,,,,,,,,,,,,,,,,,,,,
2526759027,389,52,1,43,47,920raeoumft3q2wmvc296uceo,1,14.8,58,2023-04-01T16:59:30.039Z,2023-04-02T11:58:39Z,4156151905,178,,4155263769,376,,,,,,,,,,,,,,,,,,,,btyk45f7gmz3ck2dafpp22yg9,H. Koffi,,,,,,,,,,,,,,,,,,,,,,,,,,,,,,,,,,,,,,,,,
2526759071,390,80,1,43,50,920raeoumft3q2wmvc296uceo,0,16,52.4,2023-04-01T16:59:32.790Z,2023-04-02T11:58:39Z,4156152005,178,,,,,,,,,,,,,,,,,,,,,,,btyk45f7gmz3ck2dafpp22yg9,H. Koffi,,,,,,,,,,,,,,,,,,,,,,,,,,,,,,,,,,,,,,,,,
2526759159,391,1,1,43,54,920raeoumft3q2wmvc296uceo,1,19.5,38.7,2023-04-01T16:59:37.350Z,2023-04-02T11:58:38Z,4156152099,178,,4153723907,213,0.4,4153723895,157,,4153723897,198,,4153723905,212,58.6,4153723901,140,70.7,4153723899,56,Center,4153723903,141,72.9,btyk45f7gmz3ck2dafpp22yg9,H. Koffi,4153723909,1,,,,,,,,,,,,,,,,,,,,,,,,,,,,,,,,,,,,,,,
2526759161,392,44,1,43,57,920raeoumft3q2wmvc296uceo,1,67.2,74.1,2023-04-01T16:59:40.711Z,2023-04-02T11:58:38Z,4153723917,56,Center,4153723923,233,377,4153723919,286,,,,,,,,,,,,,,,,,dqazrm2wmu9zqpvp8xbeeb7jd,V. Bayo,,,,,,,,,,,,,,,,,,,,,,,,,,,,,,,,,,,,,,,,,
2526759149,377,44,1,43,57,2nhn3ikl1ciq34w3hcp883d6p,0,32.8,25.9,2023-04-01T16:59:40.712Z,2023-04-02T11:58:37Z,4153723851,56,Back,4153723941,233,392,4153723855,285,,,,,,,,,,,,,,,,,e2z19y8is5m24brpa3gzn02qx,B. Reynolds,,,,,,,,,,,,,,,,,,,,,,,,,,,,,,,,,,,,,,,,,
2526759173,393,1,1,43,58,920raeoumft3q2wmvc296uceo,0,66.8,74.7,2023-04-01T16:59:40.777Z,2023-04-02T11:58:37Z,4153723975,141,76.4,4153723969,168,,4156152187,388,,4153723977,212,11.4,4153723973,140,77.6,4153723971,56,Center,4153723979,213,0.1,4153723967,3,,dqazrm2wmu9zqpvp8xbeeb7jd,V. Bayo,,,,,,,,,,,,,,,,,,,,,,,,,,,,,,,,,,,,,,,,,
2526759169,378,44,1,43,59,2nhn3ikl1ciq34w3hcp883d6p,1,28.2,21.7,2023-04-01T16:59:42.200Z,2023-04-02T11:58:36Z,4153723961,285,,4153723959,56,Back,4153724039,233,394,,,,,,,,,,,,,,,,5ujoracvgg00kzd0a8rh8oa1h,R. Neustädter,,,,,,,,,,,,,,,,,,,,,,,,,,,,,,,,,,,,,,,,,
2526759175,394,44,1,43,59,920raeoumft3q2wmvc296uceo,0,71.8,78.3,2023-04-01T16:59:42.201Z,2023-04-02T11:58:36Z,4153723985,286,,4153724047,233,378,4153723983,56,Center,,,,,,,,,,,,,,,,14xb29tv90y8uataijmh03rah,D. Heymans,,,,,,,,,,,,,,,,,,,,,,,,,,,,,,,,,,,,,,,,,
2526759179,379,1,1,43,59,2nhn3ikl1ciq34w3hcp883d6p,0,27.6,22.5,2023-04-01T16:59:42.284Z,2023-04-02T11:58:36Z,4153724011,213,3.9,4156152321,388,,4153724007,141,14.4,4153724005,140,22.2,4153724003,56,Back,4153724001,3,,4153724009,212,7.9,,,,5ujoracvgg00kzd0a8rh8oa1h,R. Neustädter,,,,,,,,,,,,,,,,,,,,,,,,,,,,,,,,,,,,,,,,,
2526759207,395,1,1,44,2,920raeoumft3q2wmvc296uceo,1,73.9,87.3,2023-04-01T16:59:45.237Z,2023-04-02T11:58:35Z,4153724177,141,77.8,4153724175,140,76.9,4153724173,56,Center,4153724181,213,5.2,4153724171,3,,4156152671,388,,4153724179,212,7.2,,,,72xzl0yjdetvqp2n1pmzyqvze,A. Hosseinzadeh,,,,,,,,,,,,,,,,,,,,,,,,,,,,,,,,,,,,,,,,,
2526759273,396,1,1,44,3,920raeoumft3q2wmvc296uceo,0,74.3,81.9,2023-04-01T16:59:46.314Z,2023-04-02T11:58:35Z,4153724507,141,83.6,4153724511,213,0.1,4153724505,140,90.8,4153724501,3,,4153724503,56,Left,4156152785,388,,4153724509,212,17.4,,,,14xb29tv90y8uataijmh03rah,D. Heymans,,,,,,,,,,,,,,,,,,,,,,,,,,,,,,,,,,,,,,,,,
2526759265,380,4,1,44,5,2nhn3ikl1ciq34w3hcp883d6p,1,18.4,14.4,2023-04-01T16:59:47.785Z,2023-04-02T11:58:35Z,4153724465,265,,4153724467,285,,4153724533,233,397,4153724459,13,,4153724463,152,,4153724461,56,Back,,,,,,,7xs1rx9jos4ls85u362y9hqeh,N. Madsen,,,,,,,,,,,,,,,,,,,,,,,,,,,,,,,,,,,,,,,,,
2526759275,397,4,1,44,5,920raeoumft3q2wmvc296uceo,0,81.6,85.6,2023-04-01T16:59:47.786Z,2023-04-02T11:58:34Z,4153724519,13,,4153724521,56,Left,4153724523,152,,4156153121,178,,4153724525,265,,4153724563,233,380,4153724527,286,,,,,72xzl0yjdetvqp2n1pmzyqvze,A. Hosseinzadeh,,,,,,,,,,,,,,,,,,,,,,,,,,,,,,,,,,,,,,,,,
2526759411,381,1,1,44,19,2nhn3ikl1ciq34w3hcp883d6p,1,14.3,21,2023-04-01T17:00:01.881Z,2023-04-02T11:58:34Z,4153725199,213,1.7,4153725189,152,,4153725191,56,Back,4153725187,5,,4153725193,140,11.9,4155265057,189,,4153725195,141,42.7,4156154135,178,,5ujoracvgg00kzd0a8rh8oa1h,R. Neustädter,4153725197,212,15.0,,,,,,,,,,,,,,,,,,,,,,,,,,,,,,,,,,,,,,
2526759459,382,1,1,44,23,2nhn3ikl1ciq34w3hcp883d6p,1,13,46.8,2023-04-01T17:00:06.612Z,2023-04-02T11:58:33Z,4153725421,212,11.4,4153725423,213,4.9,4153725417,140,14.8,4156154213,178,,4153725419,141,30.3,4153725415,56,Back,,,,,,,6qlfe04qjldj3rkeeme6gdi39,S. Bolat,,,,,,,,,,,,,,,,,,,,,,,,,,,,,,,,,,,,,,,,,
2526759523,383,1,1,44,27,2nhn3ikl1ciq34w3hcp883d6p,1,20,26.6,2023-04-01T17:00:10.212Z,2023-04-02T11:58:32Z,4153725749,213,1.5,4153725739,140,22.4,4153725743,141,66.7,4156154347,178,,4153725735,56,Back,4153725747,212,27.4,,,,,,,5ujoracvgg00kzd0a8rh8oa1h,R. Neustädter,,,,,,,,,,,,,,,,,,,,,,,,,,,,,,,,,,,,,,,,,
2526759551,384,1,1,44,30,2nhn3ikl1ciq34w3hcp883d6p,1,18.5,67.7,2023-04-01T17:00:12.913Z,2023-04-02T11:58:31Z,4153725953,213,0.9,4153725947,140,31.6,4153725951,212,22.5,4153725945,56,Back,4156154423,178,,4153725949,141,93.8,,,,,,,9kywhmzih4xhuz5d1rrxjcpd6,R. Tagir,,,,,,,,,,,,,,,,,,,,,,,,,,,,,,,,,,,,,,,,,
2526759589,385,1,1,44,32,2nhn3ikl1ciq34w3hcp883d6p,1,26.1,96.5,2023-04-01T17:00:15.452Z,2023-04-02T11:58:30Z,4153726159,212,15.0,4153726153,56,Back,4156154481,178,,4153726155,140,26.3,4153726161,213,4.7,4153726157,141,74.4,,,,,,,9qm1adecprlczxw7ldbpvoi51,E. Jordanov,,,,,,,,,,,,,,,,,,,,,,,,,,,,,,,,,,,,,,,,,
2526759663,386,1,1,44,36,2nhn3ikl1ciq34w3hcp883d6p,1,25.6,69.7,2023-04-01T17:00:18.932Z,2023-04-02T11:58:29Z,4153726553,56,Back,4153726559,212,22.6,4156154565,178,,4153726557,141,36.6,4153726561,213,4.8,4153726555,140,27.8,,,,,,,9kywhmzih4xhuz5d1rrxjcpd6,R. Tagir,,,,,,,,,,,,,,,,,,,,,,,,,,,,,,,,,,,,,,,,,
2526759723,387,1,1,44,40,2nhn3ikl1ciq34w3hcp883d6p,1,32.6,25.6,2023-04-01T17:00:23.600Z,2023-04-02T11:58:28Z,4156154633,178,,4153726851,56,Back,4153726853,140,32.7,4153726859,213,1.6,4153726857,212,26.2,4153726855,141,64.2,,,,,,,5ujoracvgg00kzd0a8rh8oa1h,R. Neustädter,,,,,,,,,,,,,,,,,,,,,,,,,,,,,,,,,,,,,,,,,
2526759755,388,1,1,44,43,2nhn3ikl1ciq34w3hcp883d6p,1,28.3,67.6,2023-04-01T17:00:26.224Z,2023-04-02T11:58:27Z,4153726981,212,12.8,4156154663,178,,4153726983,213,0.6,4153726979,141,78.7,4153726977,140,38.1,4153726975,56,Back,,,,,,,9kywhmzih4xhuz5d1rrxjcpd6,R. Tagir,,,,,,,,,,,,,,,,,,,,,,,,,,,,,,,,,,,,,,,,,
2526759799,389,1,1,44,46,2nhn3ikl1ciq34w3hcp883d6p,1,36.6,79.3,2023-04-01T17:00:28.744Z,2023-04-02T11:58:26Z,4153727179,212,14.9,4153727173,56,Back,4153727181,213,5.8,4153727175,140,49.1,4156154723,178,,4153727177,141,69.0,,,,,,,auqy1bigw2a1owxg441wojzyt,L. Van Eenoo,,,,,,,,,,,,,,,,,,,,,,,,,,,,,,,,,,,,,,,,,
2526759831,390,1,1,44,46,2nhn3ikl1ciq34w3hcp883d6p,1,48.6,73.6,2023-04-01T17:00:29.653Z,2023-04-02T11:58:26Z,4156154803,178,,4153727375,140,40.6,4153727379,141,79.1,4153727371,56,Back,4153727383,213,2.7,4153727381,212,9.2,,,,,,,dd711ekg0nlaosmsy2lz13syy,T. Van den Keybus,,,,,,,,,,,,,,,,,,,,,,,,,,,,,,,,,,,,,,,,,
2526759903,391,1,1,44,51,2nhn3ikl1ciq34w3hcp883d6p,1,43.9,97.2,2023-04-01T17:00:33.848Z,2023-04-02T11:58:25Z,4156154885,178,,4153727753,141,71.1,4153727747,56,Back,4153727757,212,21.0,4153727751,140,33.2,4153727759,213,4.1,,,,,,,auqy1bigw2a1owxg441wojzyt,L. Van Eenoo,,,,,,,,,,,,,,,,,,,,,,,,,,,,,,,,,,,,,,,,,
2526759953,392,1,1,44,54,2nhn3ikl1ciq34w3hcp883d6p,1,37.6,60.1,2023-04-01T17:00:37.536Z,2023-04-02T11:58:24Z,4153728077,56,Back,4153728085,213,4.3,4153728081,141,34.3,4153728083,212,19.2,4153728079,140,30.2,4156154987,178,,,,,,,,9kywhmzih4xhuz5d1rrxjcpd6,R. Tagir,,,,,,,,,,,,,,,,,,,,,,,,,,,,,,,,,,,,,,,,,
2526759971,393,1,1,44,58,2nhn3ikl1ciq34w3hcp883d6p,1,38,20.8,2023-04-01T17:00:40.844Z,2023-04-02T11:58:23Z,4153728189,212,7.0,4153728183,56,Back,4153728185,140,32.5,4156155059,178,,4153728191,213,3.7,4153728187,141,14.9,,,,,,,5ujoracvgg00kzd0a8rh8oa1h,R. Neustädter,,,,,,,,,,,,,,,,,,,,,,,,,,,,,,,,,,,,,,,,,
2526760009,394,1,1,44,59,2nhn3ikl1ciq34w3hcp883d6p,1,37.5,5.4,2023-04-01T17:00:42.234Z,2023-04-02T11:58:23Z,4153728403,56,Back,4156155097,178,,4157169189,1,,4153728409,212,34.8,4153728407,141,41.6,4153728411,213,2.4,4153728405,140,14.1,,,,e2z19y8is5m24brpa3gzn02qx,B. Reynolds,,,,,,,,,,,,,,,,,,,,,,,,,,,,,,,,,,,,,,,,,
2526760047,395,1,1,45,2,2nhn3ikl1ciq34w3hcp883d6p,1,17.1,36.8,2023-04-01T17:00:45.642Z,2023-04-02T11:58:22Z,4153728619,213,1.3,4153728611,56,Back,4153728613,140,22.3,4156155187,178,,4153728615,141,67.2,4153728617,212,21.4,,,,,,,6qlfe04qjldj3rkeeme6gdi39,S. Bolat,,,,,,,,,,,,,,,,,,,,,,,,,,,,,,,,,,,,,,,,,
2526760121,396,1,1,45,5,2nhn3ikl1ciq34w3hcp883d6p,1,21.9,73.9,2023-04-01T17:00:48.360Z,2023-04-02T11:58:21Z,4153728993,140,31.4,4153728991,56,Back,4153728999,213,0.8,4156155267,178,,4153728997,212,14.3,4153728995,141,88.9,,,,,,,9kywhmzih4xhuz5d1rrxjcpd6,R. Tagir,,,,,,,,,,,,,,,,,,,,,,,,,,,,,,,,,,,,,,,,,
2526760167,397,1,1,45,9,2nhn3ikl1ciq34w3hcp883d6p,1,30.5,86.5,2023-04-01T17:00:52.478Z,2023-04-02T11:58:20Z,4153729271,212,32.6,4157168971,1,,4153729273,213,4.5,4153729259,56,Back,4153729269,141,39.4,4156155355,178,,4153729263,140,24.8,,,,auqy1bigw2a1owxg441wojzyt,L. Van Eenoo,,,,,,,,,,,,,,,,,,,,,,,,,,,,,,,,,,,,,,,,,
2526760125,398,70,1,45,11,920raeoumft3q2wmvc296uceo,1,0,0,2023-04-01T17:00:54.073Z,2023-04-01T23:31:42Z,4153729015,277,3,,,,,,,,,,,,,,,,,,,,,,,,,,,,,,,,,,,,,,,,,,,,,,,,,,,,,,,,,,,,,,,,
2526760193,398,1,1,45,12,2nhn3ikl1ciq34w3hcp883d6p,1,28.4,29.3,2023-04-01T17:00:55.616Z,2023-04-02T11:58:19Z,4153729387,56,Back,4153729405,213,1.1,4153729393,140,33.6,4156155451,178,,4153729401,212,13.3,4153729397,141,47.2,,,,,,,5ujoracvgg00kzd0a8rh8oa1h,R. Neustädter,,,,,,,,,,,,,,,,,,,,,,,,,,,,,,,,,,,,,,,,,
2526760229,399,1,1,45,13,2nhn3ikl1ciq34w3hcp883d6p,1,31.6,46.5,2023-04-01T17:00:56.689Z,2023-04-02T11:58:19Z,4153729567,140,24.0,4153729571,212,13.4,4156155485,178,,4153729565,56,Back,4153729573,213,4.1,4153729569,141,30.7,,,,,,,7xs1rx9jos4ls85u362y9hqeh,N. Madsen,,,,,,,,,,,,,,,,,,,,,,,,,,,,,,,,,,,,,,,,,
2526760307,400,1,1,45,16,2nhn3ikl1ciq34w3hcp883d6p,1,29.1,22.7,2023-04-01T17:00:59.183Z,2023-04-02T11:58:18Z,4153729979,56,Back,4153729983,141,26.7,4153729981,140,39.7,4153729985,212,11.5,4156155537,178,,4153729987,213,0.2,,,,,,,5ujoracvgg00kzd0a8rh8oa1h,R. Neustädter,,,,,,,,,,,,,,,,,,,,,,,,,,,,,,,,,,,,,,,,,
2526760365,401,1,1,45,17,2nhn3ikl1ciq34w3hcp883d6p,1,44.1,22.1,2023-04-01T17:01:00.408Z,2023-04-02T11:58:18Z,4153730323,56,Back,4153730321,196,,4153730329,212,51.4,4153730319,155,,4156155593,178,,4153730333,1,,4153730327,141,92.4,4153730331,213,1.9,8hl43dvm1d57g011yacyoooa1,M. Fixelles,4153730325,140,26.2,,,,,,,,,,,,,,,,,,,,,,,,,,,,,,,,,,,,,,
2526760403,402,1,1,45,23,2nhn3ikl1ciq34w3hcp883d6p,1,23.8,99.9,2023-04-01T17:01:05.994Z,2023-04-02T11:58:17Z,4153730535,141,78.7,4153730537,212,17.4,4153730539,213,5.3,4156155635,178,,4153730531,56,Back,4153730533,140,33.0,,,,,,,9kywhmzih4xhuz5d1rrxjcpd6,R. Tagir,,,,,,,,,,,,,,,,,,,,,,,,,,,,,,,,,,,,,,,,,
2526760449,403,1,1,45,24,2nhn3ikl1ciq34w3hcp883d6p,0,29.2,90.1,2023-04-01T17:01:07.713Z,2023-04-02T11:58:17Z,4153730745,141,69.9,4153730751,1,,4153730747,212,40.7,4153730749,213,5.9,4153730741,56,Center,4156155701,178,,4153730743,140,65.7,,,,auqy1bigw2a1owxg441wojzyt,L. Van Eenoo,,,,,,,,,,,,,,,,,,,,,,,,,,,,,,,,,,,,,,,,,
2526760457,399,49,1,45,28,920raeoumft3q2wmvc296uceo,1,34.6,34.3,2023-04-01T17:01:11.525Z,2023-04-02T11:58:17Z,,,,,,,,,,,,,,,,,,,,,,,,,164kbzdgdvclxn5zikw5hug6i,V. Ozornwafor,,,,,,,,,,,,,,,,,,,,,,,,,,,,,,,,,,,,,,,,,
2526760557,400,1,1,45,28,920raeoumft3q2wmvc296uceo,1,34.6,34.3,2023-04-01T17:01:11.526Z,2023-04-02T11:58:16Z,4153731315,140,14.1,4153731317,141,54.2,4153731319,212,25.4,4156155925,178,,4153731313,56,Back,4153731321,213,2.6,,,,,,,164kbzdgdvclxn5zikw5hug6i,V. Ozornwafor,,,,,,,,,,,,,,,,,,,,,,,,,,,,,,,,,,,,,,,,,
2526760607,401,1,1,45,35,920raeoumft3q2wmvc296uceo,1,16.4,56.9,2023-04-01T17:01:17.827Z,2023-04-02T11:58:15Z,4153731629,213,0.1,4153731623,140,58.1,4153731621,56,Center,4155266823,155,,4153731625,141,63.1,4156155999,178,,4153731627,212,44.0,4153731631,1,,btyk45f7gmz3ck2dafpp22yg9,H. Koffi,,,,,,,,,,,,,,,,,,,,,,,,,,,,,,,,,,,,,,,,,
2526760623,402,1,1,45,37,920raeoumft3q2wmvc296uceo,0,52.9,66.1,2023-04-01T17:01:19.866Z,2023-04-02T11:58:15Z,4153731725,212,20.1,4153731715,3,,4153731717,168,,4156156145,388,,4153731729,213,5.5,4153731719,56,Center,4153731723,141,45.7,4153731721,140,66.7,14xb29tv90y8uataijmh03rah,D. Heymans,,,,,,,,,,,,,,,,,,,,,,,,,,,,,,,,,,,,,,,,,
2526760635,404,49,1,45,39,2nhn3ikl1ciq34w3hcp883d6p,1,35.8,55.8,2023-04-01T17:01:22.181Z,2023-04-02T11:58:14Z,,,,,,,,,,,,,,,,,,,,,,,,,auqy1bigw2a1owxg441wojzyt,L. Van Eenoo,,,,,,,,,,,,,,,,,,,,,,,,,,,,,,,,,,,,,,,,,
2527211221,1507,83,1,45,40,920raeoumft3q2wmvc296uceo,1,66.5,42.2,2023-04-01T17:01:23.597Z,2023-04-02T11:58:13Z,4156204599,399,52324,,,,,,,,,,,,,,,,,,,,,,14xb29tv90y8uataijmh03rah,D. Heymans,,,,,,,,,,,,,,,,,,,,,,,,,,,,,,,,,,,,,,,,,
2526760697,405,1,1,45,40,2nhn3ikl1ciq34w3hcp883d6p,0,33.4,57.9,2023-04-01T17:01:23.617Z,2023-04-02T11:58:13Z,4153734717,212,20.0,4156156287,178,,4153734721,213,1.9,4153734713,141,85.7,4153732057,56,Back,4153734709,140,27.1,,,,,,,auqy1bigw2a1owxg441wojzyt,L. Van Eenoo,,,,,,,,,,,,,,,,,,,,,,,,,,,,,,,,,,,,,,,,,
2526760721,403,43,1,45,42,920raeoumft3q2wmvc296uceo,1,0,0,2023-04-01T17:01:25.435Z,2023-04-01T17:01:34Z,4153732245,286,0,4153732715,144,7,4153732183,56,Center,4153732241,233,405,,,,,,,,,,,,,14xb29tv90y8uataijmh03rah,D. Heymans,,,,,,,,,,,,,,,,,,,,,,,,,,,,,,,,,,,,,,,,,
2526760819,406,1,1,45,49,2nhn3ikl1ciq34w3hcp883d6p,1,18,91.3,2023-04-01T17:01:32.415Z,2023-04-02T11:58:11Z,4156156349,178,,4153732745,212,7.8,4153732747,213,5.3,4153732741,140,22.1,4153732739,56,Back,4153732743,141,81.8,,,,,,,9qm1adecprlczxw7ldbpvoi51,E. Jordanov,,,,,,,,,,,,,,,,,,,,,,,,,,,,,,,,,,,,,,,,,
2526760853,407,1,1,45,51,2nhn3ikl1ciq34w3hcp883d6p,0,14.5,92.2,2023-04-01T17:01:34.655Z,2023-04-02T11:58:10Z,4153732913,56,Back,4153732921,213,0.1,4153732911,155,,4156156423,178,,4153732919,212,31.9,4153732917,141,94.8,4153732915,140,44.8,,,,9kywhmzih4xhuz5d1rrxjcpd6,R. Tagir,,,,,,,,,,,,,,,,,,,,,,,,,,,,,,,,,,,,,,,,,
2526760887,404,1,1,45,53,920raeoumft3q2wmvc296uceo,0,61.6,0.4,2023-04-01T17:01:36.178Z,2023-04-02T11:58:10Z,4153733107,141,8.0,4153733111,213,0.5,4153733105,140,69.7,4153733101,155,,4153733103,56,Right,4156156489,178,,4153733109,212,10.0,,,,ae26s08xs4l50sfm0r6jbsley,S. Andreou,,,,,,,,,,,,,,,,,,,,,,,,,,,,,,,,,,,,,,,,,
2526760939,408,1,1,45,54,2nhn3ikl1ciq34w3hcp883d6p,1,29,93.5,2023-04-01T17:01:37.565Z,2023-04-02T11:58:10Z,4153733417,141,84.7,4153733415,140,32.9,4153733411,3,,4156156639,178,,4153733413,56,Back,4153733421,213,5.3,4153733419,212,7.3,,,,9qm1adecprlczxw7ldbpvoi51,E. Jordanov,,,,,,,,,,,,,,,,,,,,,,,,,,,,,,,,,,,,,,,,,
2526760973,409,1,1,45,55,2nhn3ikl1ciq34w3hcp883d6p,1,36.8,97.6,2023-04-01T17:01:38.119Z,2023-04-02T11:58:09Z,4153733577,141,81.2,4156157277,178,,4153733575,140,55.4,4153733573,56,Left,4153733581,213,5.8,4153733579,212,22.5,,,,,,,dd711ekg0nlaosmsy2lz13syy,T. Van den Keybus,,,,,,,,,,,,,,,,,,,,,,,,,,,,,,,,,,,,,,,,,
2527270137,1624,67,1,45,57,2nhn3ikl1ciq34w3hcp883d6p,1,49.8,85.5,2023-04-01T17:01:40.041Z,2023-04-02T11:58:09Z,4156493895,233,1590,,,,,,,,,,,,,,,,,,,,,,12c7rhdjh6rja1d2j45n3exyi,K. Vaesen,,,,,,,,,,,,,,,,,,,,,,,,,,,,,,,,,,,,,,,,,
2527270133,1590,67,1,45,57,920raeoumft3q2wmvc296uceo,0,50.2,14.5,2023-04-01T17:01:40.042Z,2023-04-02T11:58:09Z,4156493915,233,1624,,,,,,,,,,,,,,,,,,,,,,3bhmh2ks5ma4rqda9zff6w251,S. Knežević,,,,,,,,,,,,,,,,,,,,,,,,,,,,,,,,,,,,,,,,,
2526760977,410,61,1,45,57,2nhn3ikl1ciq34w3hcp883d6p,0,49.5,86.3,2023-04-01T17:01:40.105Z,2023-04-02T11:58:08Z,4153733611,56,Back,4156157401,178,,,,,,,,,,,,,,,,,,,,12c7rhdjh6rja1d2j45n3exyi,K. Vaesen,,,,,,,,,,,,,,,,,,,,,,,,,,,,,,,,,,,,,,,,,
2526760985,405,49,1,45,59,920raeoumft3q2wmvc296uceo,1,48.4,19.5,2023-04-01T17:01:41.773Z,2023-04-02T11:58:08Z,,,,,,,,,,,,,,,,,,,,,,,,,8zz5lnxo7twq8ntb7e0qfvbv9,M. Ilaimaharitra,,,,,,,,,,,,,,,,,,,,,,,,,,,,,,,,,,,,,,,,,
2526761049,406,4,1,46,3,920raeoumft3q2wmvc296uceo,1,35.8,33.6,2023-04-01T17:01:46.076Z,2023-04-02T11:58:06Z,4153734003,152,,4153734295,233,412,4153733997,56,Back,4153734011,286,,4153733991,13,,4153734007,265,,,,,,,,8zz5lnxo7twq8ntb7e0qfvbv9,M. Ilaimaharitra,,,,,,,,,,,,,,,,,,,,,,,,,,,,,,,,,,,,,,,,,
2526761093,412,4,1,46,3,2nhn3ikl1ciq34w3hcp883d6p,0,64.2,66.4,2023-04-01T17:01:46.077Z,2023-04-02T11:58:05Z,4153734259,285,,4153734253,56,Center,4153734251,13,,4153734255,152,,4153734313,233,406,4153734257,265,,4156157663,178,,,,,dd711ekg0nlaosmsy2lz13syy,T. Van den Keybus,,,,,,,,,,,,,,,,,,,,,,,,,,,,,,,,,,,,,,,,,
2526761089,411,43,1,46,5,2nhn3ikl1ciq34w3hcp883d6p,1,0,0,2023-04-01T17:01:48.572Z,2023-04-01T17:02:13Z,4153734225,56,Center,4153734229,285,0,4153735647,144,7,,,,,,,,,,,,,,,,dd711ekg0nlaosmsy2lz13syy,T. Van den Keybus,,,,,,,,,,,,,,,,,,,,,,,,,,,,,,,,,,,,,,,,,
2526761603,407,1,1,46,46,920raeoumft3q2wmvc296uceo,1,38.9,33.1,2023-04-01T17:02:28.899Z,2023-04-02T11:58:05Z,4153749395,152,,4153737297,1,,4156157737,178,,4153737281,56,Center,4153744235,213,0.6,4153737289,141,73.8,4153744233,212,50.8,4153744231,155,,164kbzdgdvclxn5zikw5hug6i,V. Ozornwafor,4153749393,5,,,4153737285,140,79.5,,,,,,,,,,,,,,,,,,,,,,,,,,,,,,,,,,
2526761643,413,4,1,46,49,2nhn3ikl1ciq34w3hcp883d6p,1,21.4,27.6,2023-04-01T17:02:31.899Z,2023-04-02T11:58:05Z,4153744359,285,,4153744353,10,,4153767159,233,420,4153744355,56,Back,4153744357,152,,,,,,,,,,,,,,,,,,,,,,,,,,,,,,,,,,,,,,,,,,,,,,,,,,,,,
2526763123,420,4,1,46,49,920raeoumft3q2wmvc296uceo,0,78.6,72.4,2023-04-01T17:02:31.900Z,2023-04-02T11:58:04Z,4153745435,286,,4153767181,233,413,4153745429,10,,4156158099,388,,4153745433,152,,4153745431,56,Center,,,,,,,dqazrm2wmu9zqpvp8xbeeb7jd,V. Bayo,,,,,,,,,,,,,,,,,,,,,,,,,,,,,,,,,,,,,,,,,
2526761627,408,43,1,46,51,920raeoumft3q2wmvc296uceo,1,0,0,2023-04-01T17:02:33.844Z,2023-04-01T17:02:44Z,4153738303,144,44,4153737425,56,Center,4153737429,286,0,,,,,,,,,,,,,,,,dqazrm2wmu9zqpvp8xbeeb7jd,V. Bayo,,,,,,,,,,,,,,,,,,,,,,,,,,,,,,,,,,,,,,,,,
2526761633,409,43,1,46,52,920raeoumft3q2wmvc296uceo,1,0,0,2023-04-01T17:02:35.259Z,2023-04-01T17:02:47Z,4153737449,56,Center,4153738509,144,61,,,,,,,,,,,,,,,,,,,dqazrm2wmu9zqpvp8xbeeb7jd,V. Bayo,,,,,,,,,,,,,,,,,,,,,,,,,,,,,,,,,,,,,,,,,
2526761841,414,1,1,47,0,2nhn3ikl1ciq34w3hcp883d6p,1,20.1,23.1,2023-04-01T17:02:43.686Z,2023-04-02T11:58:03Z,4153738479,140,10.7,4156158227,178,,4153738473,5,,4153738481,141,43.7,4153738483,212,17.1,4153738475,241,,4153738485,213,2.2,4153738477,56,Back,5ujoracvgg00kzd0a8rh8oa1h,R. Neustädter,,,,,,,,,,,,,,,,,,,,,,,,,,,,,,,,,,,,,,,,,
2526761881,415,1,1,47,3,2nhn3ikl1ciq34w3hcp883d6p,1,11.3,43.5,2023-04-01T17:02:45.834Z,2023-04-02T11:58:03Z,4153738725,212,18.4,4153738727,213,1.4,4153738717,140,15.0,4153738721,141,70.0,4153738713,56,Back,4156158301,178,,,,,,,,6qlfe04qjldj3rkeeme6gdi39,S. Bolat,,,,,,,,,,,,,,,,,,,,,,,,,,,,,,,,,,,,,,,,,
2526761909,416,1,1,47,6,2nhn3ikl1ciq34w3hcp883d6p,1,14.1,79,2023-04-01T17:02:48.773Z,2023-04-02T11:58:02Z,4153738853,141,95.0,4153738851,140,29.5,4153738849,56,Back,4153738855,212,19.5,4156158345,178,,4153738857,213,0.6,,,,,,,9kywhmzih4xhuz5d1rrxjcpd6,R. Tagir,,,,,,,,,,,,,,,,,,,,,,,,,,,,,,,,,,,,,,,,,
2526762021,417,1,1,47,8,2nhn3ikl1ciq34w3hcp883d6p,1,30.4,96.9,2023-04-01T17:02:51.163Z,2023-04-02T11:58:02Z,4153739545,212,7.5,4153739547,213,3.7,4153739539,56,Back,4153739543,141,90.8,4153739541,140,24.4,4156158393,178,,,,,,,,auqy1bigw2a1owxg441wojzyt,L. Van Eenoo,,,,,,,,,,,,,,,,,,,,,,,,,,,,,,,,,,,,,,,,,
2526762035,418,1,1,47,11,2nhn3ikl1ciq34w3hcp883d6p,0,20.2,96.6,2023-04-01T17:02:54.720Z,2023-04-02T11:58:01Z,4153739585,56,Back,4153740057,286,,4153739591,212,5.0,4153739593,213,5.7,4153739587,140,24.1,4153739589,141,92.4,4153739583,155,,4153740051,236,,9kywhmzih4xhuz5d1rrxjcpd6,R. Tagir,4153740053,233,410,,4156158655,178,,,,,,,,,,,,,,,,,,,,,,,,,,,,,,,,,,,
2526762107,410,74,1,47,12,920raeoumft3q2wmvc296uceo,1,78.1,1.5,2023-04-01T17:02:54.812Z,2023-04-02T11:58:01Z,4153739989,285,,4156158755,178,,4153740087,233,418,4153739987,56,Right,,,,,,,,,,,,,14xb29tv90y8uataijmh03rah,D. Heymans,,,,,,,,,,,,,,,,,,,,,,,,,,,,,,,,,,,,,,,,,
2526762125,411,5,1,47,12,920raeoumft3q2wmvc296uceo,0,70.8,-2,2023-04-01T17:02:55.692Z,2023-04-02T05:23:41Z,4153740105,56,Right,4153740885,233,419,4153740107,347,,,,,,,,,,,,,,,,,72xzl0yjdetvqp2n1pmzyqvze,A. Hosseinzadeh,,,,,,,,,,,,,,,,,,,,,,,,,,,,,,,,,,,,,,,,,
2526762253,419,5,1,47,12,2nhn3ikl1ciq34w3hcp883d6p,1,29.2,102,2023-04-01T17:02:55.692Z,2023-04-02T05:23:41Z,4153740759,56,Back,4153740761,347,,4153740835,233,411,,,,,,,,,,,,,,,,9kywhmzih4xhuz5d1rrxjcpd6,R. Tagir,,,,,,,,,,,,,,,,,,,,,,,,,,,,,,,,,,,,,,,,,
2526762335,420,1,1,47,25,2nhn3ikl1ciq34w3hcp883d6p,1,32.4,100,2023-04-01T17:03:08.723Z,2023-04-02T11:58:00Z,4153741189,212,9.4,4153741183,56,Back,4153741181,107,,4153741185,140,36.9,4153741191,213,5.2,4153741187,141,89.4,,,,,,,9qm1adecprlczxw7ldbpvoi51,E. Jordanov,,,,,,,,,,,,,,,,,,,,,,,,,,,,,,,,,,,,,,,,,
2527039043,900,1,1,47,27,2nhn3ikl1ciq34w3hcp883d6p,1,36.5,96.8,2023-04-01T17:03:10.374Z,2023-04-02T11:58:00Z,4155272669,140,27.3,4156159189,178,,4155272675,213,3.2,4155272671,141,96.2,4155272673,212,9.7,4155272667,56,Back,,,,,,,12c7rhdjh6rja1d2j45n3exyi,K. Vaesen,,,,,,,,,,,,,,,,,,,,,,,,,,,,,,,,,,,,,,,,,
2527039099,901,1,1,47,27,2nhn3ikl1ciq34w3hcp883d6p,0,33.4,98.2,2023-04-01T17:03:10.435Z,2023-04-02T11:57:59Z,4156159289,178,,4155272967,155,,4155272981,213,5.6,4155272973,141,63.1,4155272971,140,59.8,4155272983,1,,4155272969,56,Center,4155272977,212,36.6,9qm1adecprlczxw7ldbpvoi51,E. Jordanov,,,,,,,,,,,,,,,,,,,,,,,,,,,,,,,,,,,,,,,,,
2526762317,412,44,1,47,30,920raeoumft3q2wmvc296uceo,1,40.4,22.7,2023-04-01T17:03:12.939Z,2023-04-02T11:36:22Z,4153741095,285,,4153741311,233,421,4153741093,56,Back,,,,,,,,,,,,,,,,3bhmh2ks5ma4rqda9zff6w251,S. Knežević,,,,,,,,,,,,,,,,,,,,,,,,,,,,,,,,,,,,,,,,,
2526762339,421,44,1,47,30,2nhn3ikl1ciq34w3hcp883d6p,0,59.6,77.3,2023-04-01T17:03:12.940Z,2023-04-02T11:36:23Z,4153741211,56,Center,4153741213,286,,4153741355,233,412,,,,,,,,,,,,,,,,dd711ekg0nlaosmsy2lz13syy,T. Van den Keybus,,,,,,,,,,,,,,,,,,,,,,,,,,,,,,,,,,,,,,,,,
2526762345,413,1,1,47,30,920raeoumft3q2wmvc296uceo,0,40.6,28.3,2023-04-01T17:03:12.994Z,2023-04-02T11:57:59Z,4153741259,140,52.3,4153741267,212,12.4,4153741253,56,Center,4153741271,213,0.1,4153741251,3,,4153741263,141,30.4,4156159581,388,,,,,3bhmh2ks5ma4rqda9zff6w251,S. Knežević,,,,,,,,,,,,,,,,,,,,,,,,,,,,,,,,,,,,,,,,,
2526762371,422,1,1,47,31,2nhn3ikl1ciq34w3hcp883d6p,0,49.7,70.2,2023-04-01T17:03:14.169Z,2023-04-02T11:57:59Z,4153741415,213,0.1,4153741409,140,58.2,4156159693,178,,4153741413,212,9.0,4153741407,56,Center,4153741411,141,71.2,4153741405,3,,,,,7xs1rx9jos4ls85u362y9hqeh,N. Madsen,,,,,,,,,,,,,,,,,,,,,,,,,,,,,,,,,,,,,,,,,
2526762369,414,8,1,47,32,920raeoumft3q2wmvc296uceo,1,39.1,27,2023-04-01T17:03:15.067Z,2023-04-02T11:57:58Z,4156159793,178,,4155273519,385,,4153741401,56,Back,,,,,,,,,,,,,,,,3bhmh2ks5ma4rqda9zff6w251,S. Knežević,,,,,,,,,,,,,,,,,,,,,,,,,,,,,,,,,,,,,,,,,
2526762423,423,1,1,47,33,2nhn3ikl1ciq34w3hcp883d6p,1,63.3,58.3,2023-04-01T17:03:16.664Z,2023-04-02T11:57:58Z,4153741747,141,16.5,4153741751,213,4.9,4156159821,178,,4153741745,140,67.1,4153741743,56,Right,4153741749,212,28.7,,,,,,,8hl43dvm1d57g011yacyoooa1,M. Fixelles,,,,,,,,,,,,,,,,,,,,,,,,,,,,,,,,,,,,,,,,,
2526762447,424,1,1,47,37,2nhn3ikl1ciq34w3hcp883d6p,0,64.5,13.7,2023-04-01T17:03:20.155Z,2023-04-02T11:57:58Z,4153741865,212,19.3,4153741867,213,0.3,4153741859,56,Center,4156159885,178,,4153741861,140,81.9,4153741863,141,22.8,,,,,,,e2z19y8is5m24brpa3gzn02qx,B. Reynolds,,,,,,,,,,,,,,,,,,,,,,,,,,,,,,,,,,,,,,,,,
2526762453,415,8,1,47,38,920raeoumft3q2wmvc296uceo,1,19.6,78.7,2023-04-01T17:03:21.535Z,2023-04-02T11:57:57Z,4155274135,383,,4156159939,389,,4153741883,56,Back,,,,,,,,,,,,,,,,72xzl0yjdetvqp2n1pmzyqvze,A. Hosseinzadeh,,,,,,,,,,,,,,,,,,,,,,,,,,,,,,,,,,,,,,,,,
2526762489,416,49,1,47,40,920raeoumft3q2wmvc296uceo,1,16.6,81.9,2023-04-01T17:03:23.178Z,2023-04-02T11:57:57Z,,,,,,,,,,,,,,,,,,,,,,,,,72xzl0yjdetvqp2n1pmzyqvze,A. Hosseinzadeh,,,,,,,,,,,,,,,,,,,,,,,,,,,,,,,,,,,,,,,,,
2526762639,417,1,1,47,41,920raeoumft3q2wmvc296uceo,1,17.4,80.4,2023-04-01T17:03:24.145Z,2023-04-02T11:57:56Z,4153742863,213,0.3,4153742855,56,Back,4153742861,212,28.2,4153742857,140,43.0,4153742859,141,92.9,4156160079,178,,,,,,,,72xzl0yjdetvqp2n1pmzyqvze,A. Hosseinzadeh,,,,,,,,,,,,,,,,,,,,,,,,,,,,,,,,,,,,,,,,,
2526762665,418,1,1,47,49,920raeoumft3q2wmvc296uceo,0,77.3,71.2,2023-04-01T17:03:32.320Z,2023-04-02T11:57:55Z,4153742991,140,85.5,4153742993,141,60.0,4153742989,56,Center,4153742995,212,11.5,4153742997,213,5.6,4156160203,178,,,,,,,,dqazrm2wmu9zqpvp8xbeeb7jd,V. Bayo,,,,,,,,,,,,,,,,,,,,,,,,,,,,,,,,,,,,,,,,,
2526762671,425,8,1,47,49,2nhn3ikl1ciq34w3hcp883d6p,1,17.7,38.6,2023-04-01T17:03:32.676Z,2023-04-02T11:57:54Z,4153743019,56,Back,4155274647,385,,4156160305,178,,,,,,,,,,,,,,,,,9kywhmzih4xhuz5d1rrxjcpd6,R. Tagir,,,,,,,,,,,,,,,,,,,,,,,,,,,,,,,,,,,,,,,,,
2526762891,419,5,1,47,53,920raeoumft3q2wmvc296uceo,1,86,101.2,2023-04-01T17:03:36.475Z,2023-04-02T05:25:39Z,4153744195,56,Left,4153744199,347,,4153747621,233,426,,,,,,,,,,,,,,,,dqazrm2wmu9zqpvp8xbeeb7jd,V. Bayo,,,,,,,,,,,,,,,,,,,,,,,,,,,,,,,,,,,,,,,,,
2526762917,426,5,1,47,53,2nhn3ikl1ciq34w3hcp883d6p,0,14,-1.2,2023-04-01T17:03:36.475Z,2023-04-02T05:25:39Z,4153747637,233,419,4153744331,56,Back,4153744333,347,,,,,,,,,,,,,,,,,9kywhmzih4xhuz5d1rrxjcpd6,R. Tagir,,,,,,,,,,,,,,,,,,,,,,,,,,,,,,,,,,,,,,,,,
2526763177,421,30,1,48,21,920raeoumft3q2wmvc296uceo,1,0,0,2023-04-01T17:04:03.927Z,2023-04-02T05:25:27Z,4153745693,57,0,,,,,,,,,,,,,,,,,,,,,,,,,,,,,,,,,,,,,,,,,,,,,,,,,,,,,,,,,,,,,,,,
2526763181,427,30,1,48,21,2nhn3ikl1ciq34w3hcp883d6p,1,0,0,2023-04-01T17:04:03.927Z,2023-04-02T05:25:28Z,4153745721,57,0,,,,,,,,,,,,,,,,,,,,,,,,,,,,,,,,,,,,,,,,,,,,,,,,,,,,,,,,,,,,,,,,
2526778611,426,18,2,45,0,920raeoumft3q2wmvc296uceo,1,0,0,2023-04-01T17:19:41.248Z,2023-04-01T17:19:41Z,4153829623,59,66,4153829685,55,427,4153829621,44,Defender,4153829619,42,,,,,,,,,,,,,,164kbzdgdvclxn5zikw5hug6i,V. Ozornwafor,,,,,,,,,,,,,,,,,,,,,,,,,,,,,,,,,,,,,,,,,
2526778619,427,19,2,45,0,920raeoumft3q2wmvc296uceo,1,0,0,2023-04-01T17:19:41.249Z,2023-04-01T17:19:42Z,4153829635,42,,4153829647,44,Defender,4153829645,293,3,4153829643,292,4,4153829639,145,5,4153829641,59,12,4153829649,55,426,,,,4pbx40gvdmacim2n0k2qt41cl,J. Kayembe,,,,,,,,,,,,,,,,,,,,,,,,,,,,,,,,,,,,,,,,,
2526778719,428,32,2,45,0,920raeoumft3q2wmvc296uceo,1,0,0,2023-04-01T17:19:47.646Z,2023-04-01T17:19:50Z,4153830307,127,Left to Right,,,,,,,,,,,,,,,,,,,,,,,,,,,,,,,,,,,,,,,,,,,,,,,,,,,,,,,,,,,,,,,,
2526778711,429,32,2,45,0,2nhn3ikl1ciq34w3hcp883d6p,1,0,0,2023-04-01T17:19:47.646Z,2023-04-02T03:18:00Z,4153830283,127,Right to Left,,,,,,,,,,,,,,,,,,,,,,,,,,,,,,,,,,,,,,,,,,,,,,,,,,,,,,,,,,,,,,,,
2526778733,429,1,2,45,0,920raeoumft3q2wmvc296uceo,1,49.4,50.1,2023-04-01T17:19:47.776Z,2023-04-02T04:55:58Z,4153830375,141,52.2,4153830377,212,17.1,4153830379,213,3.1,4156126735,178,,4153830381,279,S,4153830373,140,33.2,4153830371,56,Back,,,,dqazrm2wmu9zqpvp8xbeeb7jd,V. Bayo,,,,,,,,,,,,,,,,,,,,,,,,,,,,,,,,,,,,,,,,,
2526778781,430,1,2,45,2,920raeoumft3q2wmvc296uceo,1,41,48.4,2023-04-01T17:19:50.318Z,2023-04-02T11:57:53Z,4156126833,178,,4153830727,213,4.3,4153830725,212,13.2,4153830723,141,30.6,4153830721,140,36.0,4153830719,56,Back,,,,,,,8zz5lnxo7twq8ntb7e0qfvbv9,M. Ilaimaharitra,,,,,,,,,,,,,,,,,,,,,,,,,,,,,,,,,,,,,,,,,
2526778857,431,1,2,45,3,920raeoumft3q2wmvc296uceo,1,40,27.9,2023-04-01T17:19:51.321Z,2023-04-02T11:57:53Z,4156126929,178,,4153831159,141,26.5,4153831157,140,23.0,4153831163,213,3.2,4153831155,56,Back,4153831161,212,17.9,,,,,,,72xzl0yjdetvqp2n1pmzyqvze,A. Hosseinzadeh,,,,,,,,,,,,,,,,,,,,,,,,,,,,,,,,,,,,,,,,,
2526778967,432,1,2,45,7,920raeoumft3q2wmvc296uceo,1,28.4,18.1,2023-04-01T17:19:55.217Z,2023-04-02T11:57:52Z,4153831667,140,72.5,4153831671,141,10.7,4156126995,178,,4153831681,1,,4153831673,212,46.6,4153831661,155,,4153831663,56,Right,4153831677,213,6.2,ae26s08xs4l50sfm0r6jbsley,S. Andreou,,,,,,,,,,,,,,,,,,,,,,,,,,,,,,,,,,,,,,,,,
2526778977,433,61,2,45,10,920raeoumft3q2wmvc296uceo,0,65.2,5.2,2023-04-01T17:19:58.037Z,2023-04-02T11:57:52Z,4156127065,178,,4153831709,56,Right,,,,,,,,,,,,,,,,,,,14xb29tv90y8uataijmh03rah,D. Heymans,,,,,,,,,,,,,,,,,,,,,,,,,,,,,,,,,,,,,,,,,
2526779053,430,5,2,45,11,2nhn3ikl1ciq34w3hcp883d6p,1,21.8,101.5,2023-04-01T17:19:59.408Z,2023-04-02T04:56:15Z,4153832097,233,434,4153832087,56,Back,4153832089,347,,,,,,,,,,,,,,,,,f03fccqnepjczr841h0zqdeui,Y. Matsuo,,,,,,,,,,,,,,,,,,,,,,,,,,,,,,,,,,,,,,,,,
2526778991,434,5,2,45,11,920raeoumft3q2wmvc296uceo,0,78.2,-1.5,2023-04-01T17:19:59.408Z,2023-04-02T04:56:15Z,4153831789,56,Right,4153831791,347,,4153832119,233,430,,,,,,,,,,,,,,,,14xb29tv90y8uataijmh03rah,D. Heymans,,,,,,,,,,,,,,,,,,,,,,,,,,,,,,,,,,,,,,,,,
2526779071,431,1,2,45,18,2nhn3ikl1ciq34w3hcp883d6p,1,31,100,2023-04-01T17:20:06.234Z,2023-04-02T11:57:52Z,4153832189,107,,4153832195,141,86.6,4153832197,212,10.6,4153832199,213,4.9,4153832191,56,Back,4153832193,140,32.5,,,,,,,9qm1adecprlczxw7ldbpvoi51,E. Jordanov,,,,,,,,,,,,,,,,,,,,,,,,,,,,,,,,,,,,,,,,,
2526779081,432,1,2,45,19,2nhn3ikl1ciq34w3hcp883d6p,1,32.1,92.6,2023-04-01T17:20:06.946Z,2023-04-02T11:57:52Z,4156127231,178,,4153832273,141,90.9,4153832271,140,28.8,4153832269,56,Back,4153832277,213,3.5,4153832275,212,3.7,,,,,,,auqy1bigw2a1owxg441wojzyt,L. Van Eenoo,,,,,,,,,,,,,,,,,,,,,,,,,,,,,,,,,,,,,,,,,
2526779085,433,1,2,45,20,2nhn3ikl1ciq34w3hcp883d6p,0,32.3,99.9,2023-04-01T17:20:07.856Z,2023-04-02T11:57:51Z,4156127305,178,,4153832289,213,4.4,4153832281,56,Back,4153832283,140,29.1,4153832471,233,435,4153832287,212,9.5,4153832475,286,,4153832469,236,,9qm1adecprlczxw7ldbpvoi51,E. Jordanov,4153832285,141,86.8,,,,,,,,,,,,,,,,,,,,,,,,,,,,,,,,,,,,,,
2526779125,435,74,2,45,20,920raeoumft3q2wmvc296uceo,1,68.2,2,2023-04-01T17:20:08.035Z,2023-04-02T11:57:51Z,4153832499,233,433,4156127351,178,,4153832455,56,Right,4153832457,285,,,,,,,,,,,,,,72xzl0yjdetvqp2n1pmzyqvze,A. Hosseinzadeh,,,,,,,,,,,,,,,,,,,,,,,,,,,,,,,,,,,,,,,,,
2526779135,436,49,2,45,21,920raeoumft3q2wmvc296uceo,1,69.7,1.4,2023-04-01T17:20:08.702Z,2023-04-02T11:57:51Z,,,,,,,,,,,,,,,,,,,,,,,,,72xzl0yjdetvqp2n1pmzyqvze,A. Hosseinzadeh,,,,,,,,,,,,,,,,,,,,,,,,,,,,,,,,,,,,,,,,,
2526779149,437,50,2,45,21,920raeoumft3q2wmvc296uceo,1,69.3,1.6,2023-04-01T17:20:08.999Z,2023-04-02T11:57:50Z,4153832547,56,Right,4153832549,286,,4153832639,233,434,,,,,,,,,,,,,,,,72xzl0yjdetvqp2n1pmzyqvze,A. Hosseinzadeh,,,,,,,,,,,,,,,,,,,,,,,,,,,,,,,,,,,,,,,,,
2526779153,434,7,2,45,21,2nhn3ikl1ciq34w3hcp883d6p,1,30.7,98.4,2023-04-01T17:20:09.388Z,2023-04-02T11:57:49Z,4156127485,178,,4153832555,285,,4154986797,384,,4153832553,56,Back,4153832595,233,437,,,,,,,,,,9qm1adecprlczxw7ldbpvoi51,E. Jordanov,,,,,,,,,,,,,,,,,,,,,,,,,,,,,,,,,,,,,,,,,
2526779159,435,49,2,45,23,2nhn3ikl1ciq34w3hcp883d6p,1,24.2,97.2,2023-04-01T17:20:10.971Z,2023-04-02T11:57:48Z,,,,,,,,,,,,,,,,,,,,,,,,,auqy1bigw2a1owxg441wojzyt,L. Van Eenoo,,,,,,,,,,,,,,,,,,,,,,,,,,,,,,,,,,,,,,,,,
2526779195,436,1,2,45,23,2nhn3ikl1ciq34w3hcp883d6p,1,23.3,96.8,2023-04-01T17:20:11.369Z,2023-04-02T11:57:48Z,4153832761,56,Back,4153832763,140,8.3,4153832769,213,4.2,4153832767,212,30.3,4156127653,178,,4153832765,141,58.8,,,,,,,auqy1bigw2a1owxg441wojzyt,L. Van Eenoo,,,,,,,,,,,,,,,,,,,,,,,,,,,,,,,,,,,,,,,,,
2526779247,437,1,2,45,27,2nhn3ikl1ciq34w3hcp883d6p,0,5.9,51.2,2023-04-01T17:20:15.410Z,2023-04-02T11:57:48Z,4156127743,178,,4153833143,56,Back,4153833141,155,,4153833149,212,49.3,4153833153,1,,4153833147,141,23.9,4153833151,213,5.9,4153833145,140,49.4,6qlfe04qjldj3rkeeme6gdi39,S. Bolat,,,,,,,,,,,,,,,,,,,,,,,,,,,,,,,,,,,,,,,,,
2526989385,864,49,2,45,31,920raeoumft3q2wmvc296uceo,1,50.1,85,2023-04-01T17:20:19.056Z,2023-04-02T11:57:47Z,,,,,,,,,,,,,,,,,,,,,,,,,4pbx40gvdmacim2n0k2qt41cl,J. Kayembe,,,,,,,,,,,,,,,,,,,,,,,,,,,,,,,,,,,,,,,,,
2526779311,438,1,2,45,31,920raeoumft3q2wmvc296uceo,0,50.1,85.1,2023-04-01T17:20:19.136Z,2023-04-02T11:57:47Z,4153833525,56,Center,4156127935,178,,4153833527,140,65.5,4153833531,212,19.0,4153833533,213,5.7,4153833529,141,70.5,4153833523,155,,,,,4pbx40gvdmacim2n0k2qt41cl,J. Kayembe,,,,,,,,,,,,,,,,,,,,,,,,,,,,,,,,,,,,,,,,,
2526989421,876,49,2,45,33,2nhn3ikl1ciq34w3hcp883d6p,1,31.7,30.7,2023-04-01T17:20:20.870Z,2023-04-02T11:57:46Z,,,,,,,,,,,,,,,,,,,,,,,,,5ujoracvgg00kzd0a8rh8oa1h,R. Neustädter,,,,,,,,,,,,,,,,,,,,,,,,,,,,,,,,,,,,,,,,,
2526779365,438,1,2,45,33,2nhn3ikl1ciq34w3hcp883d6p,1,32.1,33.1,2023-04-01T17:20:21.622Z,2023-04-02T11:57:46Z,4153833811,56,Back,4153833813,140,35.6,4153833819,213,5.0,4153833817,212,14.4,4156128147,178,,4153833815,141,12.6,,,,,,,5ujoracvgg00kzd0a8rh8oa1h,R. Neustädter,,,,,,,,,,,,,,,,,,,,,,,,,,,,,,,,,,,,,,,,,
2526779403,439,1,2,45,37,2nhn3ikl1ciq34w3hcp883d6p,1,38.6,1.8,2023-04-01T17:20:25.594Z,2023-04-02T11:57:45Z,4153833995,56,Right,4153834001,212,22.4,4153833997,140,58.1,4153834003,213,0.4,4153833999,141,15.2,4156128235,178,,,,,,,,e2z19y8is5m24brpa3gzn02qx,B. Reynolds,,,,,,,,,,,,,,,,,,,,,,,,,,,,,,,,,,,,,,,,,
2526779427,440,1,2,45,39,2nhn3ikl1ciq34w3hcp883d6p,1,54.4,8.6,2023-04-01T17:20:27.349Z,2023-04-02T11:57:44Z,4153834129,213,6.0,4153834123,140,64.2,4153834121,56,Right,4153834125,141,4.9,4153834127,212,10.6,4156132035,178,,,,,,,,dd711ekg0nlaosmsy2lz13syy,T. Van den Keybus,,,,,,,,,,,,,,,,,,,,,,,,,,,,,,,,,,,,,,,,,
2526779429,441,1,2,45,40,2nhn3ikl1ciq34w3hcp883d6p,0,60.2,0.1,2023-04-01T17:20:28.455Z,2023-04-02T11:57:43Z,4153834141,213,1.1,4153834139,212,11.2,4153834133,56,Right,4153834135,140,65.2,4153834137,141,14.6,4156132091,178,,,,,,,,8hl43dvm1d57g011yacyoooa1,M. Fixelles,,,,,,,,,,,,,,,,,,,,,,,,,,,,,,,,,,,,,,,,,
2527203763,999,43,2,45,41,920raeoumft3q2wmvc296uceo,1,0,0,2023-04-01T17:20:29.577Z,2023-04-02T09:22:37Z,4156161167,233,997,4156498885,144,67,,,,,,,,,,,,,,,,,,,3bhmh2ks5ma4rqda9zff6w251,S. Knežević,,,,,,,,,,,,,,,,,,,,,,,,,,,,,,,,,,,,,,,,,
2527203757,997,43,2,45,41,2nhn3ikl1ciq34w3hcp883d6p,1,0,0,2023-04-01T17:20:29.578Z,2023-04-02T09:22:37Z,4156161175,233,999,4156498869,144,67,,,,,,,,,,,,,,,,,,,dd711ekg0nlaosmsy2lz13syy,T. Van den Keybus,,,,,,,,,,,,,,,,,,,,,,,,,,,,,,,,,,,,,,,,,
2526779423,439,8,2,45,41,920raeoumft3q2wmvc296uceo,1,34.3,90,2023-04-01T17:20:29.621Z,2023-04-02T11:57:43Z,4153834101,56,Back,4156132261,389,,4154991461,384,,,,,,,,,,,,,,,,,3bhmh2ks5ma4rqda9zff6w251,S. Knežević,,,,,,,,,,,,,,,,,,,,,,,,,,,,,,,,,,,,,,,,,
2526779465,440,49,2,45,43,920raeoumft3q2wmvc296uceo,1,29.6,98.9,2023-04-01T17:20:31.446Z,2023-04-02T11:57:43Z,,,,,,,,,,,,,,,,,,,,,,,,,87d73x3gkomc4soukr5uweqc5,I. Mbenza,,,,,,,,,,,,,,,,,,,,,,,,,,,,,,,,,,,,,,,,,
2526779481,441,1,2,45,43,920raeoumft3q2wmvc296uceo,1,29.6,99,2023-04-01T17:20:31.484Z,2023-04-02T11:57:42Z,4153834359,212,5.5,4153834353,56,Back,4153834361,213,5.9,4153834355,140,34.5,4153834357,141,96.0,4156132517,178,,,,,,,,87d73x3gkomc4soukr5uweqc5,I. Mbenza,,,,,,,,,,,,,,,,,,,,,,,,,,,,,,,,,,,,,,,,,
2526989807,865,1,2,45,44,920raeoumft3q2wmvc296uceo,1,34.9,99.6,2023-04-01T17:20:31.988Z,2023-04-02T11:57:42Z,4154992763,140,32.3,4154992761,56,Back,4154992769,213,4.5,4156132589,178,,4154992767,212,13.7,4154992765,141,79.8,,,,,,,4pbx40gvdmacim2n0k2qt41cl,J. Kayembe,,,,,,,,,,,,,,,,,,,,,,,,,,,,,,,,,,,,,,,,,
2526779495,442,1,2,45,45,920raeoumft3q2wmvc296uceo,1,29.3,93.6,2023-04-01T17:20:33.468Z,2023-04-02T11:57:41Z,4153834461,56,Back,4153834467,212,1.3,4153834463,140,28.1,4156132771,178,,4153834469,213,3.4,4153834465,141,93.2,,,,,,,3bhmh2ks5ma4rqda9zff6w251,S. Knežević,,,,,,,,,,,,,,,,,,,,,,,,,,,,,,,,,,,,,,,,,
2526779535,443,1,2,45,46,920raeoumft3q2wmvc296uceo,1,28.4,99.9,2023-04-01T17:20:34.555Z,2023-04-02T11:57:41Z,4153834677,140,39.4,4153834675,56,Back,4156132933,178,,4153834681,212,12.2,4153834683,213,6.0,4153834679,141,94.2,,,,,,,87d73x3gkomc4soukr5uweqc5,I. Mbenza,,,,,,,,,,,,,,,,,,,,,,,,,,,,,,,,,,,,,,,,,
2526779539,444,3,2,45,48,920raeoumft3q2wmvc296uceo,0,36.2,99.8,2023-04-01T17:20:36.003Z,2023-04-02T11:57:41Z,4156133063,178,,4155182869,233,877,4154994089,286,,4154994215,464,,4153834721,56,Back,,,,,,,,,,4pbx40gvdmacim2n0k2qt41cl,J. Kayembe,,,,,,,,,,,,,,,,,,,,,,,,,,,,,,,,,,,,,,,,,
2526990129,877,7,2,45,48,2nhn3ikl1ciq34w3hcp883d6p,1,63.8,0.2,2023-04-01T17:20:36.113Z,2023-04-02T11:57:40Z,4154995027,56,Right,4154995031,384,,4155182861,233,444,4156133175,178,,4154995029,285,,,,,,,,,,,e2z19y8is5m24brpa3gzn02qx,B. Reynolds,,,,,,,,,,,,,,,,,,,,,,,,,,,,,,,,,,,,,,,,,
2526779577,443,49,2,45,49,2nhn3ikl1ciq34w3hcp883d6p,1,68,1.2,2023-04-01T17:20:36.871Z,2023-04-02T11:57:40Z,,,,,,,,,,,,,,,,,,,,,,,,,8hl43dvm1d57g011yacyoooa1,M. Fixelles,,,,,,,,,,,,,,,,,,,,,,,,,,,,,,,,,,,,,,,,,
2526779589,444,1,2,45,49,2nhn3ikl1ciq34w3hcp883d6p,1,68,1.2,2023-04-01T17:20:36.936Z,2023-04-02T11:57:40Z,4153834997,56,Center,4153835001,141,23.1,4153835009,213,2.1,4156133353,178,,4153835005,212,17.0,4153834999,140,60.1,,,,,,,8hl43dvm1d57g011yacyoooa1,M. Fixelles,,,,,,,,,,,,,,,,,,,,,,,,,,,,,,,,,,,,,,,,,
2526779547,442,43,2,45,50,2nhn3ikl1ciq34w3hcp883d6p,1,0,0,2023-04-01T17:20:38.278Z,2023-04-01T18:16:14Z,4154097211,144,74,4153834761,285,0,4153834861,233,404,4153834759,56,Right,,,,,,,,,,,,,e2z19y8is5m24brpa3gzn02qx,B. Reynolds,,,,,,,,,,,,,,,,,,,,,,,,,,,,,,,,,,,,,,,,,
2526779669,445,1,2,45,51,2nhn3ikl1ciq34w3hcp883d6p,1,59,15.8,2023-04-01T17:20:39.472Z,2023-04-02T11:57:40Z,4153835409,213,2.2,4153835405,141,45.1,4153835403,140,44.9,4156133497,178,,4153835407,212,24.8,4153835401,56,Back,,,,,,,7xs1rx9jos4ls85u362y9hqeh,N. Madsen,,,,,,,,,,,,,,,,,,,,,,,,,,,,,,,,,,,,,,,,,
2526779745,446,1,2,45,57,2nhn3ikl1ciq34w3hcp883d6p,1,57,29.9,2023-04-01T17:20:44.955Z,2023-04-02T11:57:37Z,4153835809,141,30.1,4153835813,213,0.0,4153835807,140,69.9,4156133635,178,,4153835811,212,13.5,4153835805,56,Center,,,,,,,9kywhmzih4xhuz5d1rrxjcpd6,R. Tagir,,,,,,,,,,,,,,,,,,,,,,,,,,,,,,,,,,,,,,,,,
2527203991,1013,43,2,45,57,2nhn3ikl1ciq34w3hcp883d6p,1,0,0,2023-04-01T17:20:45.572Z,2023-04-02T05:33:58Z,4156162515,233,1008,4156170399,144,67,,,,,,,,,,,,,,,,,,,dd711ekg0nlaosmsy2lz13syy,T. Van den Keybus,,,,,,,,,,,,,,,,,,,,,,,,,,,,,,,,,,,,,,,,,
2527205537,1129,67,2,45,57,2nhn3ikl1ciq34w3hcp883d6p,1,67.3,24.6,2023-04-01T17:20:45.572Z,2023-04-02T11:57:36Z,4156170517,233,1058,,,,,,,,,,,,,,,,,,,,,,dd711ekg0nlaosmsy2lz13syy,T. Van den Keybus,,,,,,,,,,,,,,,,,,,,,,,,,,,,,,,,,,,,,,,,,
2527203989,1008,43,2,45,57,920raeoumft3q2wmvc296uceo,1,0,0,2023-04-01T17:20:45.573Z,2023-04-02T05:33:58Z,4156170395,144,67,4156162541,233,1013,,,,,,,,,,,,,,,,,,,3bhmh2ks5ma4rqda9zff6w251,S. Knežević,,,,,,,,,,,,,,,,,,,,,,,,,,,,,,,,,,,,,,,,,
2527205535,1058,67,2,45,57,920raeoumft3q2wmvc296uceo,0,32.7,75.4,2023-04-01T17:20:45.573Z,2023-04-02T11:57:36Z,4156170525,233,1129,,,,,,,,,,,,,,,,,,,,,,4pbx40gvdmacim2n0k2qt41cl,J. Kayembe,,,,,,,,,,,,,,,,,,,,,,,,,,,,,,,,,,,,,,,,,
2526779839,447,1,2,45,57,2nhn3ikl1ciq34w3hcp883d6p,1,66.4,24.7,2023-04-01T17:20:45.590Z,2023-04-02T11:57:36Z,4156133743,178,,4153836243,56,Right,4153836249,212,13.0,4154996053,156,,4153836247,141,8.3,4153836251,213,4.2,4153836245,140,60.0,,,,dd711ekg0nlaosmsy2lz13syy,T. Van den Keybus,,,,,,,,,,,,,,,,,,,,,,,,,,,,,,,,,,,,,,,,,
2526990579,878,1,2,46,0,2nhn3ikl1ciq34w3hcp883d6p,1,63,0.1,2023-04-01T17:20:48.511Z,2023-04-02T11:57:35Z,4154997559,141,23.6,4156133861,178,,4154997557,140,59.4,4154997561,212,16.4,4154997555,56,Center,4154997563,213,1.8,,,,,,,8hl43dvm1d57g011yacyoooa1,M. Fixelles,,,,,,,,,,,,,,,,,,,,,,,,,,,,,,,,,,,,,,,,,
2526779875,448,1,2,46,3,2nhn3ikl1ciq34w3hcp883d6p,1,66.1,17.9,2023-04-01T17:20:51.022Z,2023-04-02T11:57:35Z,4153836441,212,27.1,4153836443,213,0.7,4153836435,56,Center,4153836439,141,43.3,4153836437,140,86.0,4156133965,178,,,,,,,,7xs1rx9jos4ls85u362y9hqeh,N. Madsen,,,,,,,,,,,,,,,,,,,,,,,,,,,,,,,,,,,,,,,,,
2526782453,485,61,2,46,4,2nhn3ikl1ciq34w3hcp883d6p,1,79.8,40.7,2023-04-01T17:20:52.008Z,2023-04-02T11:57:34Z,4156134073,178,,4153850529,56,Center,,,,,,,,,,,,,,,,,,,12c7rhdjh6rja1d2j45n3exyi,K. Vaesen,,,,1,,,,,,,,,,,,,,,,,,,,,,,,,,,,,,,,,,,,,
2526779877,449,15,2,46,5,2nhn3ikl1ciq34w3hcp883d6p,1,87.9,44.2,2023-04-01T17:20:53.538Z,2023-04-02T11:57:34Z,4153836449,22,,4153854715,233,445,4153854491,20,,4156134205,178,,4153854695,146,95,4153854697,147,49.6,4153854683,78,,4153854685,29,,f03fccqnepjczr841h0zqdeui,Y. Matsuo,4153854691,102,50.1,,4153836453,56,Center,4153854687,55,4153854693,103,17.1,4153836451,17,,,,,,,,,485,,,,,,,,,,,,,,,,,,
2526779883,445,10,2,46,6,920raeoumft3q2wmvc296uceo,1,3,52.2,2023-04-01T17:20:54.013Z,2023-04-02T11:57:33Z,4153836497,56,Back,4154998495,376,,4153836495,182,,4153839507,179,,4153839505,174,,4153854515,233,449,,,,,,,btyk45f7gmz3ck2dafpp22yg9,H. Koffi,,,,,,,,,,,,,,,,,,,,,,,,,,,,,,,,,,,,,,,,,
2526779927,446,49,2,46,8,920raeoumft3q2wmvc296uceo,1,7.3,45.9,2023-04-01T17:20:56.074Z,2023-04-02T11:57:33Z,,,,,,,,,,,,,,,,,,,,,,,,,ae26s08xs4l50sfm0r6jbsley,S. Andreou,,,,,,,,,,,,,,,,,,,,,,,,,,,,,,,,,,,,,,,,,
2526779975,447,1,2,46,9,920raeoumft3q2wmvc296uceo,0,7.4,31.7,2023-04-01T17:20:57.577Z,2023-04-02T11:57:33Z,4153837041,141,7.7,4153837039,140,54.1,4153837043,212,51.7,4156134521,178,,4153837037,56,Right,4153837045,213,6.0,4153837047,1,,4153837035,157,,ae26s08xs4l50sfm0r6jbsley,S. Andreou,,,,,,,,,,,,,,,,,,,,,,,,,,,,,,,,,,,,,,,,,
2526779963,450,49,2,46,12,2nhn3ikl1ciq34w3hcp883d6p,1,54.1,87.8,2023-04-01T17:21:00.578Z,2023-04-02T11:57:33Z,4154999547,189,,,,,,,,,,,,,,,,,,,,,,,auqy1bigw2a1owxg441wojzyt,L. Van Eenoo,,,,,,,,,,,,,,,,,,,,,,,,,,,,,,,,,,,,,,,,,
2526780013,451,1,2,46,13,2nhn3ikl1ciq34w3hcp883d6p,1,48.9,90.4,2023-04-01T17:21:01.482Z,2023-04-02T11:57:32Z,4153837289,56,Back,4153837297,141,65.8,4153837301,213,3.7,4154999581,189,,4153837299,212,31.9,4156134745,178,,4153837293,140,23.0,,,,auqy1bigw2a1owxg441wojzyt,L. Van Eenoo,,,,,,,,,,,,,,,,,,,,,,,,,,,,,,,,,,,,,,,,,
2526779981,448,43,2,46,17,920raeoumft3q2wmvc296uceo,1,0,0,2023-04-01T17:21:04.651Z,2023-04-01T17:21:34Z,4153837103,140,77.4,4153837107,212,30.2,4153837101,56,Center,4153837109,213,0.6,4153837105,141,33.7,4153838941,144,1,,,,,,,14xb29tv90y8uataijmh03rah,D. Heymans,,,,,,,,,,,,,,,,,,,,,,,,,,,,,,,,,,,,,,,,,
2526780053,452,1,2,46,19,2nhn3ikl1ciq34w3hcp883d6p,1,24.4,58.3,2023-04-01T17:21:07.599Z,2023-04-02T11:57:31Z,4156135023,178,,4153837525,56,Back,4153837531,212,29.0,4153837527,140,33.3,4153837533,213,5.0,4153837529,141,17.9,,,,,,,6qlfe04qjldj3rkeeme6gdi39,S. Bolat,,,,,,,,,,,,,,,,,,,,,,,,,,,,,,,,,,,,,,,,,
2526780097,453,1,2,46,24,2nhn3ikl1ciq34w3hcp883d6p,1,31.3,8.7,2023-04-01T17:21:11.912Z,2023-04-02T11:57:29Z,4153837747,213,6.0,4153837745,212,8.7,4153837741,140,39.3,4153837739,56,Back,4153837743,141,5.2,4156135127,178,,,,,,,,8hl43dvm1d57g011yacyoooa1,M. Fixelles,,,,,,,,,,,,,,,,,,,,,,,,,,,,,,,,,,,,,,,,,
2526780137,454,1,2,46,28,2nhn3ikl1ciq34w3hcp883d6p,1,27.5,18.3,2023-04-01T17:21:16.454Z,2023-04-02T11:57:27Z,4153837947,213,2.5,4153837945,212,24.0,4156135325,178,,4153837941,140,9.6,4153837939,56,Back,4153837943,141,40.3,,,,,,,e2z19y8is5m24brpa3gzn02qx,B. Reynolds,,,,,,,,,,,,,,,,,,,,,,,,,,,,,,,,,,,,,,,,,
2526780211,455,1,2,46,32,2nhn3ikl1ciq34w3hcp883d6p,1,9.9,41.4,2023-04-01T17:21:19.940Z,2023-04-02T11:57:26Z,4153838371,56,Back,4153838373,140,21.9,4153838381,1,,4153838379,213,1.2,4153838377,212,32.7,4156135393,178,,4153838375,141,85.7,,,,6qlfe04qjldj3rkeeme6gdi39,S. Bolat,,,,,,,,,,,,,,,,,,,,,,,,,,,,,,,,,,,,,,,,,
2526780271,456,1,2,46,38,2nhn3ikl1ciq34w3hcp883d6p,1,25.1,71.7,2023-04-01T17:21:26.601Z,2023-04-02T11:57:24Z,4153838695,141,33.6,4153838697,212,26.0,4153838699,213,4.6,4156135455,178,,4153838691,56,Back,4153838693,140,23.1,,,,,,,auqy1bigw2a1owxg441wojzyt,L. Van Eenoo,,,,,,,,,,,,,,,,,,,,,,,,,,,,,,,,,,,,,,,,,
2526780299,457,1,2,46,43,2nhn3ikl1ciq34w3hcp883d6p,1,27.7,21.2,2023-04-01T17:21:30.903Z,2023-04-02T11:57:23Z,4153838869,140,43.1,4153838875,213,0.2,4153838873,212,16.4,4156135545,178,,4153838871,141,24.9,4153838867,56,Back,,,,,,,5ujoracvgg00kzd0a8rh8oa1h,R. Neustädter,,,,,,,,,,,,,,,,,,,,,,,,,,,,,,,,,,,,,,,,,
2526780317,458,1,2,46,45,2nhn3ikl1ciq34w3hcp883d6p,1,36.5,11.5,2023-04-01T17:21:33.367Z,2023-04-02T11:57:23Z,4153838971,140,37.8,4153838973,141,5.0,4153838975,212,4.6,4153838977,213,5.0,4153838969,56,Back,4156135651,178,,,,,,,,8hl43dvm1d57g011yacyoooa1,M. Fixelles,,,,,,,,,,,,,,,,,,,,,,,,,,,,,,,,,,,,,,,,,
2526780369,459,1,2,46,47,2nhn3ikl1ciq34w3hcp883d6p,1,38.6,0.1,2023-04-01T17:21:34.915Z,2023-04-02T11:57:22Z,4153839193,140,42.9,4153839191,56,Back,4153839199,213,1.2,4156135737,178,,4153839197,212,12.6,4153839195,141,17.4,,,,,,,e2z19y8is5m24brpa3gzn02qx,B. Reynolds,,,,,,,,,,,,,,,,,,,,,,,,,,,,,,,,,,,,,,,,,
2526780457,460,1,2,46,48,2nhn3ikl1ciq34w3hcp883d6p,1,41.5,8.4,2023-04-01T17:21:36.529Z,2023-04-02T11:57:21Z,4156135899,178,,4153839655,56,Back,4153839663,141,85.7,4153839671,213,1.9,4153839673,1,,4153839651,196,,4153839647,155,,4153839659,140,23.2,12c7rhdjh6rja1d2j45n3exyi,K. Vaesen,4153839667,212,56.0,,,,,,,,,,,,,,,,,,,,,,,,,,,,,,,,,,,,,,
2526780505,461,1,2,46,57,2nhn3ikl1ciq34w3hcp883d6p,1,42,93.2,2023-04-01T17:21:44.934Z,2023-04-02T11:57:20Z,4153839929,140,28.0,4153839935,213,3.9,4156136095,178,,4153839927,56,Back,4153839931,141,71.4,4153839933,212,20.9,,,,,,,9qm1adecprlczxw7ldbpvoi51,E. Jordanov,,,,,,,,,,,,,,,,,,,,,,,,,,,,,,,,,,,,,,,,,
2526780607,462,1,2,47,0,2nhn3ikl1ciq34w3hcp883d6p,1,36.8,72.5,2023-04-01T17:21:48.453Z,2023-04-02T11:57:19Z,4153840409,213,5.2,4153840397,56,Right,4153840403,141,4.3,4153840395,196,,4156136341,178,,4153840393,155,,4153840411,1,,4153840399,140,57.6,9kywhmzih4xhuz5d1rrxjcpd6,R. Tagir,4153840407,212,51.3,,,,,,,,,,,,,,,,,,,,,,,,,,,,,,,,,,,,,,
2526780637,463,1,2,47,6,2nhn3ikl1ciq34w3hcp883d6p,1,52.2,3.2,2023-04-01T17:21:54.577Z,2023-04-02T11:57:18Z,4153840563,56,Back,4153840569,212,15.9,4156136461,178,,4153840567,141,24.4,4153840565,140,45.7,4153840571,213,2.0,,,,,,,e2z19y8is5m24brpa3gzn02qx,B. Reynolds,,,,,,,,,,,,,,,,,,,,,,,,,,,,,,,,,,,,,,,,,
2526780727,464,1,2,47,9,2nhn3ikl1ciq34w3hcp883d6p,1,48.6,20.3,2023-04-01T17:21:57.185Z,2023-04-02T11:57:17Z,4153841023,155,,4153841037,1,,4153841035,213,1.3,4153841029,140,58.4,4156136513,178,,4153841033,212,45.8,4153841027,56,Left,4153841031,141,86.0,8hl43dvm1d57g011yacyoooa1,M. Fixelles,4153841025,196,,,,,,,,,,,,,,,,,,,,,,,,,,,,,,,,,,,,,,,
2526780789,465,1,2,47,14,2nhn3ikl1ciq34w3hcp883d6p,1,66.2,86.1,2023-04-01T17:22:01.898Z,2023-04-02T11:57:16Z,4153841369,56,Center,4153841373,141,75.7,4153841381,213,5.8,4153841377,212,15.0,4153841371,140,78.8,4156136549,178,,,,,,,,9qm1adecprlczxw7ldbpvoi51,E. Jordanov,,,,,,,,,,,,,,,,,,,,,,,,,,,,,,,,,,,,,,,,,
2526780811,466,1,2,47,15,2nhn3ikl1ciq34w3hcp883d6p,1,76.2,78.6,2023-04-01T17:22:02.828Z,2023-04-02T11:57:16Z,4153841485,213,1.7,4153841477,56,Left,4155003351,156,,4153841479,140,75.3,4153841483,212,9.2,4153841481,141,92.0,4156136607,178,,,,,dd711ekg0nlaosmsy2lz13syy,T. Van den Keybus,,,,,,,,,,,,,,,,,,,,,,,,,,,,,,,,,,,,,,,,,
2526780837,467,1,2,47,17,2nhn3ikl1ciq34w3hcp883d6p,1,75.1,95.2,2023-04-01T17:22:04.963Z,2023-04-02T11:57:15Z,4153841615,212,17.7,4153841609,56,Center,4153841617,213,5.2,4156136697,178,,4153841613,141,71.8,4153841611,140,82.4,,,,,,,f03fccqnepjczr841h0zqdeui,Y. Matsuo,,,,,,,,,,,,,,,,,,,,,,,,,,,,,,,,,,,,,,,,,
2526780855,468,1,2,47,20,2nhn3ikl1ciq34w3hcp883d6p,0,96.2,79.6,2023-04-01T17:22:07.788Z,2023-04-02T11:57:15Z,4153841717,213,2.1,4156136801,178,,4153841709,56,Left,4153841715,212,9.3,4153841711,140,91.9,4153841713,141,91.5,,,,,,,9qm1adecprlczxw7ldbpvoi51,E. Jordanov,,,,,,,,,,,,,,,,,,,,,,,,,,,,,,,,,,,,,,,,,
2526780881,449,49,2,47,21,920raeoumft3q2wmvc296uceo,1,3.9,8.8,2023-04-01T17:22:08.847Z,2023-04-02T11:57:15Z,,,,,,,,,,,,,,,,,,,,,,,,,ae26s08xs4l50sfm0r6jbsley,S. Andreou,,,,,,,,,,,,,,,,,,,,,,,,,,,,,,,,,,,,,,,,,
2526780931,450,1,2,47,22,920raeoumft3q2wmvc296uceo,1,2.2,3.4,2023-04-01T17:22:09.820Z,2023-04-02T11:57:14Z,4153842197,56,Back,4153842205,213,0.9,4153842203,212,9.3,4153842199,140,7.5,4156136959,178,,4153842201,141,14.3,,,,,,,ae26s08xs4l50sfm0r6jbsley,S. Andreou,,,,,,,,,,,,,,,,,,,,,,,,,,,,,,,,,,,,,,,,,
2526780961,451,1,2,47,24,920raeoumft3q2wmvc296uceo,1,12.1,6,2023-04-01T17:22:11.798Z,2023-04-02T11:57:13Z,4156137059,178,,4153842335,213,1.9,4153842329,140,9.7,4153842333,212,8.5,4153842327,56,Back,4153842331,141,18.0,,,,,,,39bcswfqnpa07b4afevezejo4,J. Tchatchoua,,,,,,,,,,,,,,,,,,,,,,,,,,,,,,,,,,,,,,,,,
2526780975,452,1,2,47,25,920raeoumft3q2wmvc296uceo,1,16.7,14.2,2023-04-01T17:22:13.624Z,2023-04-02T11:57:12Z,4153842419,212,3.0,4156137137,178,,4153842421,213,5.8,4153842413,56,Back,4153842415,140,19.2,4153842417,141,12.0,,,,,,,72xzl0yjdetvqp2n1pmzyqvze,A. Hosseinzadeh,,,,,,,,,,,,,,,,,,,,,,,,,,,,,,,,,,,,,,,,,
2527204753,1036,67,2,47,26,920raeoumft3q2wmvc296uceo,1,28.6,12.1,2023-04-01T17:22:14.545Z,2023-04-02T11:57:12Z,4156166521,233,1070,,,,,,,,,,,,,,,,,,,,,,14xb29tv90y8uataijmh03rah,D. Heymans,,,,,,,,,,,,,,,,,,,,,,,,,,,,,,,,,,,,,,,,,
2527204749,1070,67,2,47,26,2nhn3ikl1ciq34w3hcp883d6p,0,71.4,87.9,2023-04-01T17:22:14.546Z,2023-04-02T11:57:12Z,4156166533,233,1036,,,,,,,,,,,,,,,,,,,,,,9kywhmzih4xhuz5d1rrxjcpd6,R. Tagir,,,,,,,,,,,,,,,,,,,,,,,,,,,,,,,,,,,,,,,,,
2526781025,453,1,2,47,26,920raeoumft3q2wmvc296uceo,0,27.8,11.5,2023-04-01T17:22:14.619Z,2023-04-02T11:57:11Z,4156137257,178,,4153842677,213,3.3,4153842669,56,Back,4153842675,212,8.9,4153842671,140,19.4,4153842673,141,9.3,,,,,,,14xb29tv90y8uataijmh03rah,D. Heymans,,,,,,,,,,,,,,,,,,,,,,,,,,,,,,,,,,,,,,,,,
2526781051,470,61,2,47,26,2nhn3ikl1ciq34w3hcp883d6p,1,71.4,88.2,2023-04-01T17:22:14.642Z,2023-04-02T11:57:11Z,4153842815,56,Left,4156137413,178,,,,,,,,,,,,,,,,,,,,9kywhmzih4xhuz5d1rrxjcpd6,R. Tagir,,,,,,,,,,,,,,,,,,,,,,,,,,,,,,,,,,,,,,,,,
2526781209,454,5,2,47,28,920raeoumft3q2wmvc296uceo,1,20.3,-1.8,2023-04-01T17:22:16.411Z,2023-04-02T05:06:07Z,4153855115,233,469,4153843683,56,Back,4153843685,347,,,,,,,,,,,,,,,,,14xb29tv90y8uataijmh03rah,D. Heymans,,,,,,,,,,,,,,,,,,,,,,,,,,,,,,,,,,,,,,,,,
2526781045,469,5,2,47,28,2nhn3ikl1ciq34w3hcp883d6p,0,79.7,101.8,2023-04-01T17:22:16.411Z,2023-04-02T05:06:08Z,4153842787,56,Left,4153855129,233,454,4153842789,347,,,,,,,,,,,,,,,,,f03fccqnepjczr841h0zqdeui,Y. Matsuo,,,,,,,,,,,,,,,,,,,,,,,,,,,,,,,,,,,,,,,,,
2526782813,467,1,2,47,32,920raeoumft3q2wmvc296uceo,0,31.3,0,2023-04-01T17:22:20.545Z,2023-04-02T11:57:11Z,4153852537,213,0.5,4153852737,107,,4153852535,212,14.7,4153852529,56,Back,4153852531,140,43.6,4153852533,141,8.3,4153853219,189,,,,,39bcswfqnpa07b4afevezejo4,J. Tchatchoua,,,,,,,,,,,,,,,,,,,,,,,,,,,,,,,,,,,,,,,,,
2526781227,471,49,2,47,40,2nhn3ikl1ciq34w3hcp883d6p,1,60,76.9,2023-04-01T17:22:28.259Z,2023-04-02T11:57:10Z,4155005945,189,,,,,,,,,,,,,,,,,,,,,,,7xs1rx9jos4ls85u362y9hqeh,N. Madsen,,,,,,,,,,,,,,,,,,,,,,,,,,,,,,,,,,,,,,,,,
2526781303,472,1,2,47,43,2nhn3ikl1ciq34w3hcp883d6p,1,65.5,75.5,2023-04-01T17:22:30.945Z,2023-04-02T11:57:09Z,4153844925,210,15,4156137773,178,,4153844159,141,84.1,4153844157,140,77.4,4153844161,212,13.8,4153844155,56,Left,4153844163,213,0.4,,,,7xs1rx9jos4ls85u362y9hqeh,N. Madsen,,,,1,,,,,,,,,,,,,,,,,,,,,,,,,,,,,,,,,,,,,
2526781311,473,15,2,47,47,2nhn3ikl1ciq34w3hcp883d6p,1,87.6,68.1,2023-04-01T17:22:35.581Z,2023-04-02T11:57:08Z,4153844973,215,,4153844977,147,57.2,4153844185,22,,4153844967,103,17.1,4153844589,72,,4153844961,55,472,4153844189,56,Center,4153844975,146,96.4,dd711ekg0nlaosmsy2lz13syy,T. Van den Keybus,4153845511,233,455,,4153844957,76,,4153844959,29,4153844187,64,,4153844965,102,4156137841,178,,,,,,,,52.9,,,,,,,,,,,,,,,,,
2526781325,455,10,2,47,48,920raeoumft3q2wmvc296uceo,1,3.8,42.4,2023-04-01T17:22:36.069Z,2023-04-02T11:57:07Z,4153844277,182,,4153845515,233,473,4153844279,56,Back,4153845469,179,,4155007227,378,,4153844273,173,,,,,,,,btyk45f7gmz3ck2dafpp22yg9,H. Koffi,,,,,,,,,,,,,,,,,,,,,,,,,,,,,,,,,,,,,,,,,
2526781345,456,6,2,47,49,920raeoumft3q2wmvc296uceo,0,4.7,38.5,2023-04-01T17:22:37.164Z,2023-04-02T05:06:45Z,4153844351,56,Back,4153844401,233,474,4153844357,73,,,,,,,,,,,,,,,,,btyk45f7gmz3ck2dafpp22yg9,H. Koffi,,,,,,,,,,,,,,,,,,,,,,,,,,,,,,,,,,,,,,,,,
2526781339,474,6,2,47,49,2nhn3ikl1ciq34w3hcp883d6p,1,95.3,61.5,2023-04-01T17:22:37.164Z,2023-04-02T05:06:45Z,4153844329,56,Center,4153844389,233,456,4153844331,73,,,,,,,,,,,,,,,,,dd711ekg0nlaosmsy2lz13syy,T. Van den Keybus,,,,,,,,,,,,,,,,,,,,,,,,,,,,,,,,,,,,,,,,,
2526781581,475,1,2,48,12,2nhn3ikl1ciq34w3hcp883d6p,0,99.5,99.5,2023-04-01T17:22:59.651Z,2023-04-02T05:06:50Z,4155007787,20,,4156138103,178,,4153845697,140,96.1,4153845703,213,4.6,4153845695,56,Center,4153845689,6,,4153845701,212,29.7,4153845693,223,,7xs1rx9jos4ls85u362y9hqeh,N. Madsen,4153845687,2,,,4153845691,155,,4153845699,141,,,,,,,,,,,,,,56.1,,,,,,,,,,,,,,,,,,
2526781621,457,12,2,48,13,920raeoumft3q2wmvc296uceo,1,0.8,46.4,2023-04-01T17:23:01.107Z,2023-04-02T11:57:06Z,4153845829,140,14.6,4153845835,213,6.3,4156138221,388,,4153845833,212,14.5,4153845827,56,Back,4153845899,15,,4153845831,141,45.7,,,,dqazrm2wmu9zqpvp8xbeeb7jd,V. Bayo,,,,,,,,,,,,,,,,,,,,,,,,,,,,,,,,,,,,,,,,,
2526781633,476,13,2,48,14,2nhn3ikl1ciq34w3hcp883d6p,1,84.4,54.6,2023-04-01T17:23:02.111Z,2023-04-02T11:57:06Z,4153857233,75,,4153857249,231,50.5,4156138345,178,,4153856389,25,,4153857237,103,26.4,4153857235,102,39.3,4153856399,153,,4153845911,56,Center,f03fccqnepjczr841h0zqdeui,Y. Matsuo,4153845909,17,,,4153857239,328,,4153857243,146,4153857241,458,,4153857245,147,4155009365,108,4153856391,72,,4155009367,391,,91.9,45.5,,,4153857247,230,,,,,,,100.5,,,,,,
2526781749,458,12,2,48,16,920raeoumft3q2wmvc296uceo,1,11.9,55.9,2023-04-01T17:23:03.909Z,2023-04-02T11:57:06Z,4153846491,140,46.6,4153846493,141,100.0,4153846489,56,Back,4153846533,167,,4153846495,212,48.1,4153846497,213,0.7,4156138415,178,,,,,87d73x3gkomc4soukr5uweqc5,I. Mbenza,,,,,,,,,,,,,,,,,,,,,,,,,,,,,,,,,,,,,,,,,
2526781755,459,5,2,48,22,920raeoumft3q2wmvc296uceo,0,46.5,102,2023-04-01T17:23:10.024Z,2023-04-02T05:07:06Z,4153846609,233,477,4153846517,56,Back,4153846519,347,,,,,,,,,,,,,,,,,87d73x3gkomc4soukr5uweqc5,I. Mbenza,,,,,,,,,,,,,,,,,,,,,,,,,,,,,,,,,,,,,,,,,
2526781765,477,5,2,48,22,2nhn3ikl1ciq34w3hcp883d6p,1,53.5,-2,2023-04-01T17:23:10.024Z,2023-04-02T05:07:06Z,4153846593,233,459,4153846583,56,Right,4153846585,347,,,,,,,,,,,,,,,,,f03fccqnepjczr841h0zqdeui,Y. Matsuo,,,,,,,,,,,,,,,,,,,,,,,,,,,,,,,,,,,,,,,,,
2526781809,478,1,2,48,23,2nhn3ikl1ciq34w3hcp883d6p,1,50.9,0,2023-04-01T17:23:11.132Z,2023-04-02T12:08:42Z,4153846919,213,2.7,4153846911,56,Back,4153846907,107,,4153846913,140,25.6,4153846921,1,,4153846915,141,18.5,4153846917,212,30.0,,,,e2z19y8is5m24brpa3gzn02qx,B. Reynolds,,,,,,,,,,,,,,,,,,,,,,,,,,,,,,,,,,,,,,,,,
2526781879,479,1,2,48,27,2nhn3ikl1ciq34w3hcp883d6p,1,24.4,12.9,2023-04-01T17:23:15.203Z,2023-04-02T11:57:05Z,4153847287,1,,4156138651,178,,4153847277,56,Center,4153847275,155,,4153847285,213,0.3,4153847281,141,29.5,4153847283,212,41.4,4153847279,140,62.3,6qlfe04qjldj3rkeeme6gdi39,S. Bolat,,,,,,,,,,,,,,,,,,,,,,,,,,,,,,,,,,,,,,,,,
2526781885,480,44,2,48,30,2nhn3ikl1ciq34w3hcp883d6p,1,64.5,15.6,2023-04-01T17:23:17.802Z,2023-04-02T11:57:04Z,4153847321,286,,4153847367,233,460,4153847319,56,Right,,,,,,,,,,,,,,,,8hl43dvm1d57g011yacyoooa1,M. Fixelles,,,,,,,,,,,,,,,,,,,,,,,,,,,,,,,,,,,,,,,,,
2526781891,460,44,2,48,30,920raeoumft3q2wmvc296uceo,0,35.5,84.4,2023-04-01T17:23:17.803Z,2023-04-02T11:57:04Z,4153847339,56,Back,4153847371,233,480,4153847341,285,,,,,,,,,,,,,,,,,4pbx40gvdmacim2n0k2qt41cl,J. Kayembe,,,,,,,,,,,,,,,,,,,,,,,,,,,,,,,,,,,,,,,,,
2526781897,481,1,2,48,30,2nhn3ikl1ciq34w3hcp883d6p,0,63.6,15.4,2023-04-01T17:23:17.849Z,2023-04-02T11:57:04Z,4153847349,141,33.7,4153847343,3,,4153847345,56,Center,4153847353,213,1.2,4156138917,388,,4153847351,212,13.2,4153847347,140,67.7,,,,8hl43dvm1d57g011yacyoooa1,M. Fixelles,,,,,,,,,,,,,,,,,,,,,,,,,,,,,,,,,,,,,,,,,
2526781911,482,3,2,48,32,2nhn3ikl1ciq34w3hcp883d6p,0,76.4,25.8,2023-04-01T17:23:19.653Z,2023-04-02T11:57:03Z,4153849199,286,,4153847439,56,Center,4153849403,233,461,4155011705,465,,4156139009,178,,,,,,,,,,,7xs1rx9jos4ls85u362y9hqeh,N. Madsen,,,,,,,,,,,,,,,,,,,,,,,,,,,,,,,,,,,,,,,,,
2526781921,461,7,2,48,32,920raeoumft3q2wmvc296uceo,0,23.6,74.2,2023-04-01T17:23:19.690Z,2023-04-02T11:57:03Z,4156139131,178,,4153847499,56,Back,4153849387,233,482,4155011793,385,,4153849057,285,,,,,,,,,,,3bhmh2ks5ma4rqda9zff6w251,S. Knežević,,,,,,,,,,,,,,,,,,,,,,,,,,,,,,,,,,,,,,,,,
2526781929,483,13,2,48,34,2nhn3ikl1ciq34w3hcp883d6p,1,88.8,40.8,2023-04-01T17:23:22.336Z,2023-04-02T11:57:02Z,4153849019,102,44.7,4153847553,22,,4153849029,231,47.1,4153847555,17,,4156139221,178,,4153847557,56,Center,4153849021,103,72.2,4153849023,458,,12c7rhdjh6rja1d2j45n3exyi,K. Vaesen,4155012765,214,,,4153848047,20,,4153849017,74,4153849025,230,96,,,,,,,,,,,,,,,,,,,,,,,,,,,,,
2526781935,462,5,2,48,36,920raeoumft3q2wmvc296uceo,1,-0.8,53.4,2023-04-01T17:23:23.940Z,2023-04-02T05:08:10Z,4153847607,56,Back,4153849287,346,,4153849495,233,484,,,,,,,,,,,,,,,,3bhmh2ks5ma4rqda9zff6w251,S. Knežević,,,,,,,,,,,,,,,,,,,,,,,,,,,,,,,,,,,,,,,,,
2526781945,484,5,2,48,36,2nhn3ikl1ciq34w3hcp883d6p,0,100.8,46.6,2023-04-01T17:23:23.940Z,2023-04-02T05:08:09Z,4153847665,56,Center,4153847667,346,,4153847727,233,462,,,,,,,,,,,,,,,,12c7rhdjh6rja1d2j45n3exyi,K. Vaesen,,,,,,,,,,,,,,,,,,,,,,,,,,,,,,,,,,,,,,,,,
2526782599,463,1,2,49,21,920raeoumft3q2wmvc296uceo,0,3.6,45.4,2023-04-01T17:24:08.762Z,2023-04-02T11:57:02Z,4153851285,140,64.9,4153851291,213,5.9,4153851293,1,,4153851287,141,10.6,4153851289,212,68.6,4153851295,74,,4153851283,56,Right,4153851281,124,,btyk45f7gmz3ck2dafpp22yg9,H. Koffi,,,,,,,,,,,,,,,,,,,,,,,,,,,,,,,,,,,,,,,,,
2526782655,486,1,2,49,26,2nhn3ikl1ciq34w3hcp883d6p,1,40.8,93,2023-04-01T17:24:13.711Z,2023-04-02T11:57:01Z,4153851559,3,,4156139593,388,,4153851573,213,5.0,4153851565,141,86.9,4153851561,56,Back,4153851563,140,41.9,4153851569,212,4.3,,,,9qm1adecprlczxw7ldbpvoi51,E. Jordanov,,,,,,,,,,,,,,,,,,,,,,,,,,,,,,,,,,,,,,,,,
2527205779,1141,67,2,49,27,2nhn3ikl1ciq34w3hcp883d6p,1,48.2,93.6,2023-04-01T17:24:15.013Z,2023-04-02T11:57:01Z,4156171757,233,1072,,,,,,,,,,,,,,,,,,,,,,f03fccqnepjczr841h0zqdeui,Y. Matsuo,,,,,,,,,,,,,,,,,,,,,,,,,,,,,,,,,,,,,,,,,
2527205777,1072,67,2,49,27,920raeoumft3q2wmvc296uceo,0,51.8,6.4,2023-04-01T17:24:15.014Z,2023-04-02T11:57:01Z,4156171765,233,1141,,,,,,,,,,,,,,,,,,,,,,72xzl0yjdetvqp2n1pmzyqvze,A. Hosseinzadeh,,,,,,,,,,,,,,,,,,,,,,,,,,,,,,,,,,,,,,,,,
2526782665,487,1,2,49,27,2nhn3ikl1ciq34w3hcp883d6p,0,47.6,93.5,2023-04-01T17:24:15.016Z,2023-04-02T11:57:00Z,4153851625,141,87.4,4153851639,213,5.6,4153851633,212,6.2,4153851619,56,Left,4156139767,388,,4153851623,140,52.0,,,,,,,f03fccqnepjczr841h0zqdeui,Y. Matsuo,,,,,,,,,,,,,,,,,,,,,,,,,,,,,,,,,,,,,,,,,
2526782661,464,1,2,49,28,920raeoumft3q2wmvc296uceo,1,47.8,5,2023-04-01T17:24:16.645Z,2023-04-02T11:57:00Z,4153851591,212,13.4,4153851593,213,2.1,4153851587,140,41.1,4153851585,56,Back,4153851589,141,21.8,4156139863,178,,,,,,,,39bcswfqnpa07b4afevezejo4,J. Tchatchoua,,,,,,,,,,,,,,,,,,,,,,,,,,,,,,,,,,,,,,,,,
2526782695,465,1,2,49,30,920raeoumft3q2wmvc296uceo,1,47.9,14.1,2023-04-01T17:24:17.847Z,2023-04-02T11:56:59Z,4153851789,213,3.2,4153851781,56,Back,4156139949,178,,4153851783,140,31.4,4153851785,141,12.0,4153851787,212,17.4,,,,,,,8zz5lnxo7twq8ntb7e0qfvbv9,M. Ilaimaharitra,,,,,,,,,,,,,,,,,,,,,,,,,,,,,,,,,,,,,,,,,
2526782721,466,1,2,49,31,920raeoumft3q2wmvc296uceo,0,39.2,5.7,2023-04-01T17:24:19.087Z,2023-04-02T11:56:59Z,4153851913,141,34.8,4153851907,155,,4153851911,140,80.0,4153851919,1,,4156140037,178,,4153851917,213,0.4,4153851915,212,47.2,4153851909,56,Center,ae26s08xs4l50sfm0r6jbsley,S. Andreou,,,,,,,,,,,,,,,,,,,,,,,,,,,,,,,,,,,,,,,,,
2526782739,488,49,2,49,35,2nhn3ikl1ciq34w3hcp883d6p,1,20.1,68.5,2023-04-01T17:24:23.377Z,2023-04-02T11:56:58Z,,,,,,,,,,,,,,,,,,,,,,,,,6qlfe04qjldj3rkeeme6gdi39,S. Bolat,,,,,,,,,,,,,,,,,,,,,,,,,,,,,,,,,,,,,,,,,
2526782763,489,1,2,49,36,2nhn3ikl1ciq34w3hcp883d6p,1,20.1,64.3,2023-04-01T17:24:24.615Z,2023-04-02T11:56:57Z,4156140321,178,,4153852195,141,36.9,4153852191,140,23.1,4153852187,56,Back,4153852203,213,4.9,4153852199,212,18.9,,,,,,,6qlfe04qjldj3rkeeme6gdi39,S. Bolat,,,,,,,,,,,,,,,,,,,,,,,,,,,,,,,,,,,,,,,,,
2526782831,490,1,2,49,41,2nhn3ikl1ciq34w3hcp883d6p,1,22.7,37.9,2023-04-01T17:24:29.001Z,2023-04-02T11:56:57Z,4153852641,213,1.5,4153852639,212,18.6,4156140369,178,,4153852633,56,Back,4153852635,140,24.2,4153852637,141,65.2,,,,,,,5ujoracvgg00kzd0a8rh8oa1h,R. Neustädter,,,,,,,,,,,,,,,,,,,,,,,,,,,,,,,,,,,,,,,,,
2526782853,491,1,2,49,44,2nhn3ikl1ciq34w3hcp883d6p,1,26.3,77.4,2023-04-01T17:24:32.058Z,2023-04-02T11:56:56Z,4153852755,140,30.3,4153852761,213,1.1,4153852759,212,8.8,4156140453,178,,4153852757,141,88.7,4153852753,56,Back,,,,,,,9kywhmzih4xhuz5d1rrxjcpd6,R. Tagir,,,,,,,,,,,,,,,,,,,,,,,,,,,,,,,,,,,,,,,,,
2526782863,492,1,2,49,45,2nhn3ikl1ciq34w3hcp883d6p,1,34.7,98.1,2023-04-01T17:24:33.362Z,2023-04-02T11:56:56Z,4153852851,213,4.6,4153852847,141,74.5,4153852845,140,33.7,4156140497,178,,4153852843,56,Back,4153852849,212,16.1,,,,,,,9qm1adecprlczxw7ldbpvoi51,E. Jordanov,,,,,,,,,,,,,,,,,,,,,,,,,,,,,,,,,,,,,,,,,
2526782885,493,1,2,49,46,2nhn3ikl1ciq34w3hcp883d6p,1,34.5,84,2023-04-01T17:24:34.530Z,2023-04-02T11:56:55Z,4156140555,178,,4153852923,141,92.0,4153852913,56,Back,4153852917,140,41.0,4153852927,212,8.7,4153852931,213,0.7,,,,,,,auqy1bigw2a1owxg441wojzyt,L. Van Eenoo,,,,,,,,,,,,,,,,,,,,,,,,,,,,,,,,,,,,,,,,,
2526782911,494,1,2,49,48,2nhn3ikl1ciq34w3hcp883d6p,1,46.2,92.4,2023-04-01T17:24:36.633Z,2023-04-02T11:56:54Z,4153853045,56,Back,4153853053,213,3.8,4153853051,212,11.9,4153853047,140,37.0,4156140643,178,,4153853049,141,82.3,,,,,,,f03fccqnepjczr841h0zqdeui,Y. Matsuo,,,,,,,,,,,,,,,,,,,,,,,,,,,,,,,,,,,,,,,,,
2526782933,495,1,2,49,49,2nhn3ikl1ciq34w3hcp883d6p,1,43.7,89.3,2023-04-01T17:24:37.096Z,2023-04-02T11:56:54Z,4156140761,178,,4153853193,56,Left,4153853199,212,23.8,4153853201,213,0.0,4153853197,141,89.7,4153853195,140,66.4,,,,,,,dd711ekg0nlaosmsy2lz13syy,T. Van den Keybus,,,,,,,,,,,,,,,,,,,,,,,,,,,,,,,,,,,,,,,,,
2526783053,497,4,2,49,52,2nhn3ikl1ciq34w3hcp883d6p,1,64.7,94.7,2023-04-01T17:24:39.851Z,2023-04-02T11:56:53Z,4153853857,265,,4153853863,233,468,4153853855,152,,4153853851,13,,4153853853,56,Left,4153853859,286,,,,,,,,9qm1adecprlczxw7ldbpvoi51,E. Jordanov,,,,,,,,,,,,,,,,,,,,,,,,,,,,,,,,,,,,,,,,,
2526783019,468,4,2,49,52,920raeoumft3q2wmvc296uceo,0,35.3,5.3,2023-04-01T17:24:39.852Z,2023-04-02T11:56:53Z,4153853629,152,,4153853625,13,,4153853889,233,497,4156173425,389,,4153853627,56,Back,4153853631,265,,4153853633,285,,,,,3bhmh2ks5ma4rqda9zff6w251,S. Knežević,,,,,,,,,,,,,,,,,,,,,,,,,,,,,,,,,,,,,,,,,
2526783005,496,43,2,49,58,2nhn3ikl1ciq34w3hcp883d6p,1,0,0,2023-04-01T17:24:46.332Z,2023-04-01T17:24:50Z,4153853575,392,0,4153853577,13,243,4153853767,144,17,4153853573,31,0,,,,,,,,,,,,,9qm1adecprlczxw7ldbpvoi51,E. Jordanov,,,,,,,,,,,,,,,,,,,,,,,,,,,,,,,,,,,,,,,,,
2526783119,469,17,2,50,4,920raeoumft3q2wmvc296uceo,1,0,0,2023-04-01T17:24:52.198Z,2023-04-02T05:09:14Z,4153854199,31,,4153854201,392,,4153854203,13,243,,,,,,,,,,,,,,,,3bhmh2ks5ma4rqda9zff6w251,S. Knežević,,,,,,,,,,,,,,,,,,,,,,,,,,,,,,,,,,,,,,,,,
2526783957,498,1,2,51,16,2nhn3ikl1ciq34w3hcp883d6p,0,68.3,92.7,2023-04-01T17:26:04.044Z,2023-04-02T11:56:52Z,4153859085,152,,4155014827,20,,4153859091,141,46.6,4153859087,56,Center,4153859093,212,42.6,4153859095,213,5.5,4153859097,1,,4153859083,155,,7xs1rx9jos4ls85u362y9hqeh,N. Madsen,4153859081,5,,,4155015017,223,,4153859089,140,4153859079,2,,4156141037,178,,,,,,,,,95.8,,,,,,,,,,,,,,,,,,
2526783961,470,52,2,51,19,920raeoumft3q2wmvc296uceo,1,2.7,56.1,2023-04-01T17:26:06.775Z,2023-04-02T11:56:52Z,4155015395,378,,4156141095,388,,,,,,,,,,,,,,,,,,,,btyk45f7gmz3ck2dafpp22yg9,H. Koffi,,,,,,,,,,,,,,,,,,,,,,,,,,,,,,,,,,,,,,,,,
2526784177,471,1,2,51,33,920raeoumft3q2wmvc296uceo,1,16.9,51.8,2023-04-01T17:26:21.001Z,2023-04-02T11:26:19Z,4153860241,140,58.3,4153860239,56,Left,4153860243,141,82.7,4153860249,1,,4153860247,213,0.5,4153860237,199,,4153860245,212,48.3,,,,btyk45f7gmz3ck2dafpp22yg9,H. Koffi,,,,,,,,,,,,,,,,,,,,,,,,,,,,,,,,,,,,,,,,,
2526784207,472,44,2,51,36,920raeoumft3q2wmvc296uceo,1,63.3,98.1,2023-04-01T17:26:24.033Z,2023-04-02T11:56:52Z,4153860329,286,,4153860415,233,499,4153860327,56,Left,,,,,,,,,,,,,,,,dqazrm2wmu9zqpvp8xbeeb7jd,V. Bayo,,,,,,,,,,,,,,,,,,,,,,,,,,,,,,,,,,,,,,,,,
2526784173,499,44,2,51,36,2nhn3ikl1ciq34w3hcp883d6p,0,36.7,1.9,2023-04-01T17:26:24.034Z,2023-04-02T11:56:51Z,4153860217,285,,4153860437,233,472,4153860215,56,Back,,,,,,,,,,,,,,,,e2z19y8is5m24brpa3gzn02qx,B. Reynolds,,,,,,,,,,,,,,,,,,,,,,,,,,,,,,,,,,,,,,,,,
2526784225,473,1,2,51,36,920raeoumft3q2wmvc296uceo,0,62.9,97.5,2023-04-01T17:26:24.061Z,2023-04-02T11:56:51Z,4156141267,388,,4153860447,141,93.0,4153860451,213,6.1,4153860445,140,77.3,4153860441,168,,4153860439,3,,4153860443,56,Left,4153860449,212,15.4,dqazrm2wmu9zqpvp8xbeeb7jd,V. Bayo,,,,,,,,,,,,,,,,,,,,,,,,,,,,,,,,,,,,,,,,,
2526784229,500,49,2,51,39,2nhn3ikl1ciq34w3hcp883d6p,1,23.6,5.2,2023-04-01T17:26:27.485Z,2023-04-02T11:56:51Z,,,,,,,,,,,,,,,,,,,,,,,,,5ujoracvgg00kzd0a8rh8oa1h,R. Neustädter,,,,,,,,,,,,,,,,,,,,,,,,,,,,,,,,,,,,,,,,,
2526784279,501,1,2,51,39,2nhn3ikl1ciq34w3hcp883d6p,0,23.6,4.9,2023-04-01T17:26:27.497Z,2023-04-02T11:56:50Z,4153860697,212,34.4,4157160475,1,,4153860695,141,11.6,4156141435,178,,4153860689,155,,4153860693,140,56.1,4153860691,56,Right,4153860699,213,0.1,5ujoracvgg00kzd0a8rh8oa1h,R. Neustädter,,,,,,,,,,,,,,,,,,,,,,,,,,,,,,,,,,,,,,,,,
2526784287,474,1,2,51,42,920raeoumft3q2wmvc296uceo,1,47,99.9,2023-04-01T17:26:29.958Z,2023-04-02T11:56:50Z,4153860761,3,,4153860763,56,Left,4153860769,212,10.8,4153860767,141,92.1,4156141537,388,,4153860773,213,5.8,4153860765,140,56.0,,,,4pbx40gvdmacim2n0k2qt41cl,J. Kayembe,,,,,,,,,,,,,,,,,,,,,,,,,,,,,,,,,,,,,,,,,
2526784293,475,49,2,51,43,920raeoumft3q2wmvc296uceo,1,53.9,96.2,2023-04-01T17:26:30.712Z,2023-04-02T11:56:50Z,,,,,,,,,,,,,,,,,,,,,,,,,5ecklu1u6t21rhh8fh4zoq2cq,A. Zorgane,,,,,,,,,,,,,,,,,,,,,,,,,,,,,,,,,,,,,,,,,
2526784309,476,1,2,51,43,920raeoumft3q2wmvc296uceo,1,53.8,96.3,2023-04-01T17:26:30.750Z,2023-04-02T11:56:49Z,4153860871,212,13.6,4153860867,141,77.5,4153860859,56,Center,4153860863,140,58.2,4153860875,213,5.1,4156141667,178,,,,,,,,5ecklu1u6t21rhh8fh4zoq2cq,A. Zorgane,,,,,,,,,,,,,,,,,,,,,,,,,,,,,,,,,,,,,,,,,
2526784335,477,1,2,51,44,920raeoumft3q2wmvc296uceo,1,57.6,78.7,2023-04-01T17:26:32.141Z,2023-04-02T11:56:49Z,4153861015,141,84.7,4156141723,178,,4153861017,212,5.6,4153861019,213,0.8,4153861013,140,61.2,4153861011,56,Left,,,,,,,8zz5lnxo7twq8ntb7e0qfvbv9,M. Ilaimaharitra,,,,,,,,,,,,,,,,,,,,,,,,,,,,,,,,,,,,,,,,,
2526784363,478,1,2,51,46,920raeoumft3q2wmvc296uceo,1,64.1,86.1,2023-04-01T17:26:33.848Z,2023-04-02T11:56:48Z,4153861183,212,6.7,4156141837,178,,4153861181,141,95.9,4153861179,140,64.6,4153861177,56,Left,4153861185,213,1.5,,,,,,,14xb29tv90y8uataijmh03rah,D. Heymans,,,,,,,,,,,,,,,,,,,,,,,,,,,,,,,,,,,,,,,,,
2526784387,479,1,2,51,48,920raeoumft3q2wmvc296uceo,1,72.8,87.5,2023-04-01T17:26:35.854Z,2023-04-02T11:56:47Z,4156142015,178,,4153861305,56,Left,4153861313,213,3.0,4153861307,140,59.2,4153861311,212,14.4,4153861309,141,89.9,,,,,,,87d73x3gkomc4soukr5uweqc5,I. Mbenza,,,,,,,,,,,,,,,,,,,,,,,,,,,,,,,,,,,,,,,,,
2526784409,480,1,2,51,50,920raeoumft3q2wmvc296uceo,1,59,94.5,2023-04-01T17:26:38.048Z,2023-04-02T11:56:47Z,4153861429,141,74.4,4153861425,56,Center,4153861433,213,4.6,4156142107,178,,4153861431,212,13.8,4153861427,140,57.2,,,,,,,5ecklu1u6t21rhh8fh4zoq2cq,A. Zorgane,,,,,,,,,,,,,,,,,,,,,,,,,,,,,,,,,,,,,,,,,
2526784441,481,1,2,51,51,920raeoumft3q2wmvc296uceo,1,57.1,81.4,2023-04-01T17:26:39.334Z,2023-04-02T11:56:46Z,4153861585,213,5.1,4156142241,178,,4153861577,56,Center,4153861579,140,63.6,4153861583,212,19.9,4153861581,141,53.9,,,,,,,8zz5lnxo7twq8ntb7e0qfvbv9,M. Ilaimaharitra,,,,,,,,,,,,,,,,,,,,,,,,,,,,,,,,,,,,,,,,,
2526784463,482,1,2,51,53,920raeoumft3q2wmvc296uceo,0,63.3,57.8,2023-04-01T17:26:41.272Z,2023-04-02T11:56:46Z,4153861689,212,27.6,4156142329,178,,4153861683,56,Center,4153861685,140,88.6,4153861691,213,6.0,4153861687,141,46.9,,,,,,,72xzl0yjdetvqp2n1pmzyqvze,A. Hosseinzadeh,,,,,,,,,,,,,,,,,,,,,,,,,,,,,,,,,,,,,,,,,
2526784471,502,52,2,51,56,2nhn3ikl1ciq34w3hcp883d6p,1,13.4,58.4,2023-04-01T17:26:43.683Z,2023-04-02T11:56:45Z,4156142393,178,,4155017531,376,,,,,,,,,,,,,,,,,,,,6qlfe04qjldj3rkeeme6gdi39,S. Bolat,,,,,,,,,,,,,,,,,,,,,,,,,,,,,,,,,,,,,,,,,
2526784575,503,1,2,52,0,2nhn3ikl1ciq34w3hcp883d6p,1,16.2,63.2,2023-04-01T17:26:48.516Z,2023-04-02T11:56:45Z,4153862231,56,Back,4156142503,178,,4153862233,140,22.5,4153862239,213,0.8,4153862237,212,9.4,4153862229,123,,4153862235,141,73.0,,,,6qlfe04qjldj3rkeeme6gdi39,S. Bolat,,,,,,,,,,,,,,,,,,,,,,,,,,,,,,,,,,,,,,,,,
2526784613,504,1,2,52,3,2nhn3ikl1ciq34w3hcp883d6p,1,21.9,83.6,2023-04-01T17:26:51.551Z,2023-04-02T11:56:45Z,4153862421,213,0.8,4153862413,56,Back,4156142567,178,,4153862419,212,9.3,4153862417,141,93.6,4153862415,140,28.0,,,,,,,9kywhmzih4xhuz5d1rrxjcpd6,R. Tagir,,,,,,,,,,,,,,,,,,,,,,,,,,,,,,,,,,,,,,,,,
2526784717,505,1,2,52,4,2nhn3ikl1ciq34w3hcp883d6p,1,31.4,97.8,2023-04-01T17:26:52.629Z,2023-04-02T11:56:45Z,4153862881,140,17.4,4153862879,56,Back,4156142629,178,,4153862891,213,3.8,4153862887,212,18.3,4153862885,141,81.8,,,,,,,9qm1adecprlczxw7ldbpvoi51,E. Jordanov,,,,,,,,,,,,,,,,,,,,,,,,,,,,,,,,,,,,,,,,,
2526784741,506,1,2,52,10,2nhn3ikl1ciq34w3hcp883d6p,1,30.2,71.3,2023-04-01T17:26:58.064Z,2023-04-02T11:56:42Z,4153863043,141,54.9,4153863035,56,Back,4153863039,140,33.7,4156142753,178,,4153863051,213,5.0,4153863047,212,11.7,,,,,,,9kywhmzih4xhuz5d1rrxjcpd6,R. Tagir,,,,,,,,,,,,,,,,,,,,,,,,,,,,,,,,,,,,,,,,,
2526784765,507,1,2,52,12,2nhn3ikl1ciq34w3hcp883d6p,1,34.4,56,2023-04-01T17:27:00.009Z,2023-04-02T11:56:42Z,4153863147,56,Back,4153863151,141,67.3,4153863153,212,8.7,4156143187,178,,4153863155,213,2.0,4153863149,140,30.6,,,,,,,7xs1rx9jos4ls85u362y9hqeh,N. Madsen,,,,,,,,,,,,,,,,,,,,,,,,,,,,,,,,,,,,,,,,,
2526784865,508,1,2,52,14,2nhn3ikl1ciq34w3hcp883d6p,1,32.6,68.2,2023-04-01T17:27:02.169Z,2023-04-02T11:56:40Z,4153863653,140,27.8,4153863651,56,Back,4153863659,213,4.5,4153863657,212,24.1,4156143297,178,,4153863655,141,33.6,,,,,,,auqy1bigw2a1owxg441wojzyt,L. Van Eenoo,,,,,,,,,,,,,,,,,,,,,,,,,,,,,,,,,,,,,,,,,
2526784887,509,1,2,52,19,2nhn3ikl1ciq34w3hcp883d6p,1,34.3,21.7,2023-04-01T17:27:07.546Z,2023-04-02T11:56:40Z,4153863807,212,11.7,4153863805,141,7.0,4153863801,56,Back,4153863803,140,40.1,4156143397,178,,4153863809,213,5.3,,,,,,,5ujoracvgg00kzd0a8rh8oa1h,R. Neustädter,,,,,,,,,,,,,,,,,,,,,,,,,,,,,,,,,,,,,,,,,
2526784921,510,1,2,52,21,2nhn3ikl1ciq34w3hcp883d6p,0,41.5,0.6,2023-04-01T17:27:08.921Z,2023-04-02T11:56:40Z,4156143527,178,,4153863973,141,9.2,4153863971,140,42.4,4153863997,233,483,4153863975,212,5.9,4153863969,56,Back,4153863977,213,1.4,,,,e2z19y8is5m24brpa3gzn02qx,B. Reynolds,,,,,,,,,,,,,,,,,,,,,,,,,,,,,,,,,,,,,,,,,
2526784905,483,61,2,52,21,920raeoumft3q2wmvc296uceo,1,55.6,99.1,2023-04-01T17:27:09.204Z,2023-04-02T11:56:39Z,4153863869,56,Left,4156143747,178,,,,,,,,,,,,,,,,,,,,87d73x3gkomc4soukr5uweqc5,I. Mbenza,,,,,,,,,,,,,,,,,,,,,,,,,,,,,,,,,,,,,,,,,
2526785009,511,1,2,52,24,2nhn3ikl1ciq34w3hcp883d6p,1,61.5,2.1,2023-04-01T17:27:12.022Z,2023-04-02T11:56:39Z,4153864461,140,75.7,4153864469,212,16.7,4153864459,56,Right,4156143987,178,,4153864471,213,0.5,4153864465,141,13.1,,,,,,,12c7rhdjh6rja1d2j45n3exyi,K. Vaesen,,,,,,,,,,,,,,,,,,,,,,,,,,,,,,,,,,,,,,,,,
2526785013,512,1,2,52,30,2nhn3ikl1ciq34w3hcp883d6p,0,96.7,6.1,2023-04-01T17:27:18.235Z,2023-04-02T11:56:38Z,4153864489,212,6.2,4156144143,178,,4153865023,233,484,4153865021,236,,4153864483,56,Right,4153865027,286,,4153864485,140,91.8,4153864487,141,11.3,8hl43dvm1d57g011yacyoooa1,M. Fixelles,4153864491,213,2.5,,,,,,,,,,,,,,,,,,,,,,,,,,,,,,,,,,,,,,
2526785049,484,74,2,52,30,920raeoumft3q2wmvc296uceo,1,0.1,98.2,2023-04-01T17:27:18.458Z,2023-04-02T11:56:38Z,4153864699,56,Back,4153864973,285,,4156144221,178,,4153865059,233,512,,,,,,,,,,,,,5ecklu1u6t21rhh8fh4zoq2cq,A. Zorgane,,,,,,,,,,,,,,,,,,,,,,,,,,,,,,,,,,,,,,,,,
2526785063,485,6,2,52,32,920raeoumft3q2wmvc296uceo,0,3.7,86.6,2023-04-01T17:27:20.629Z,2023-04-02T05:11:41Z,4153864827,73,,4153864755,56,Back,4153864889,233,513,,,,,,,,,,,,,,,,5ecklu1u6t21rhh8fh4zoq2cq,A. Zorgane,,,,,,,,,,,,,,,,,,,,,,,,,,,,,,,,,,,,,,,,,
2526785043,513,6,2,52,32,2nhn3ikl1ciq34w3hcp883d6p,1,96.3,13.4,2023-04-01T17:27:20.629Z,2023-04-02T05:11:41Z,4153864667,75,,4153864885,233,485,4153864665,56,Right,,,,,,,,,,,,,,,,8hl43dvm1d57g011yacyoooa1,M. Fixelles,,,,,,,,,,,,,,,,,,,,,,,,,,,,,,,,,,,,,,,,,
2526785423,514,1,2,53,0,2nhn3ikl1ciq34w3hcp883d6p,0,99.5,0.5,2023-04-01T17:27:47.897Z,2023-04-02T05:11:45Z,4155019205,72,,4153866741,141,47.8,4153866743,212,32.5,4153866739,140,94.9,4153866747,1,,4153866745,213,1.7,4156144419,178,,4153866909,233,486,auqy1bigw2a1owxg441wojzyt,L. Van Eenoo,4153866731,6,,,4153866733,155,,4153866729,2,4153866735,223,,4153866737,56,,,,,,,,,,Center,,,,,,,,,,,,,,,,,
2526785443,486,41,2,53,2,920raeoumft3q2wmvc296uceo,1,3.1,51,2023-04-01T17:27:49.717Z,2023-04-02T11:56:37Z,4153866867,141,41.2,4153866921,233,514,4153866871,213,5.9,4153866865,140,19.7,4156144519,388,,4155019607,378,,4153866869,212,18.7,,,,btyk45f7gmz3ck2dafpp22yg9,H. Koffi,,,,,,,,,,,,,,,,,,,,,,,,,,,,,,,,,,,,,,,,,
2526785451,515,13,2,53,4,2nhn3ikl1ciq34w3hcp883d6p,1,78.3,57.9,2023-04-01T17:27:51.656Z,2023-04-02T11:56:37Z,4153872017,25,,4153872659,103,5.6,4155020249,391,,4153872019,20,,4156144581,178,,4153872675,146,89.8,4153866897,56,Center,4153872651,73,,9qm1adecprlczxw7ldbpvoi51,E. Jordanov,4153872023,153,,,4153872661,108,,4153872679,230,4153872677,147,60.1,4153866895,18,4153872669,328,4153872655,102,74.6,4153872681,231,,97.5,,,50.5,4153872673,458,,,,,,,,,,,,,
2526785585,487,12,2,53,5,920raeoumft3q2wmvc296uceo,1,11.7,37.2,2023-04-01T17:27:53.262Z,2023-04-02T11:56:36Z,4153867749,141,70.9,4153867745,56,Center,4156144627,178,,4153867747,140,66.3,4153867751,212,61.7,4153867753,213,0.4,,,,,,,14xb29tv90y8uataijmh03rah,D. Heymans,,,,,,,,,,,,,,,,,,,,,,,,,,,,,,,,,,,,,,,,,
2526785575,516,1,2,53,15,2nhn3ikl1ciq34w3hcp883d6p,0,33,13.7,2023-04-01T17:28:02.683Z,2023-04-02T11:56:35Z,4153867685,141,19.8,4153867687,212,40.0,4153867691,1,,4153867679,155,,4153867689,213,0.1,4153867681,56,Right,4156144733,178,,4153867683,140,70.9,6qlfe04qjldj3rkeeme6gdi39,S. Bolat,,,,,,,,,,,,,,,,,,,,,,,,,,,,,,,,,,,,,,,,,
2526785597,488,1,2,53,18,920raeoumft3q2wmvc296uceo,0,24.3,93.2,2023-04-01T17:28:05.683Z,2023-04-02T11:56:35Z,4153867823,157,,4153867829,141,78.1,4153867835,1,,4156144843,178,,4153867831,212,14.2,4153867827,140,33.6,4153867833,213,5.5,4153867825,56,Back,4pbx40gvdmacim2n0k2qt41cl,J. Kayembe,,,,,,,,,,,,,,,,,,,,,,,,,,,,,,,,,,,,,,,,,
2526785611,517,49,2,53,18,2nhn3ikl1ciq34w3hcp883d6p,1,64.1,12.5,2023-04-01T17:28:06.209Z,2023-04-02T11:56:35Z,,,,,,,,,,,,,,,,,,,,,,,,,auqy1bigw2a1owxg441wojzyt,L. Van Eenoo,,,,,,,,,,,,,,,,,,,,,,,,,,,,,,,,,,,,,,,,,
2526785637,518,1,2,53,19,2nhn3ikl1ciq34w3hcp883d6p,1,68.2,10,2023-04-01T17:28:07.417Z,2023-04-02T11:56:34Z,4156145113,178,,4153868049,140,72.8,4153868055,213,1.1,4153868053,212,11.0,4153868051,141,24.6,4153868047,56,Center,,,,,,,auqy1bigw2a1owxg441wojzyt,L. Van Eenoo,,,,,,,,,,,,,,,,,,,,,,,,,,,,,,,,,,,,,,,,,
2526785639,519,50,2,53,20,2nhn3ikl1ciq34w3hcp883d6p,1,72.8,19,2023-04-01T17:28:08.606Z,2023-04-02T11:56:33Z,4153868067,56,Right,4153868247,233,489,4153868069,286,,,,,,,,,,,,,,,,,12c7rhdjh6rja1d2j45n3exyi,K. Vaesen,,,,,,,,,,,,,,,,,,,,,,,,,,,,,,,,,,,,,,,,,
2526785657,489,7,2,53,21,920raeoumft3q2wmvc296uceo,1,27.2,81,2023-04-01T17:28:08.813Z,2023-04-02T11:56:33Z,4155022815,384,,4153868229,233,519,4153868183,56,Back,4153868185,285,,4156145347,178,,,,,,,,,,,3bhmh2ks5ma4rqda9zff6w251,S. Knežević,,,,,,,,,,,,,,,,,,,,,,,,,,,,,,,,,,,,,,,,,
2526785661,490,49,2,53,22,920raeoumft3q2wmvc296uceo,1,33.3,76.1,2023-04-01T17:28:10.122Z,2023-04-02T11:56:33Z,,,,,,,,,,,,,,,,,,,,,,,,,8zz5lnxo7twq8ntb7e0qfvbv9,M. Ilaimaharitra,,,,,,,,,,,,,,,,,,,,,,,,,,,,,,,,,,,,,,,,,
2526785711,491,1,2,53,23,920raeoumft3q2wmvc296uceo,1,36.7,76.6,2023-04-01T17:28:11.047Z,2023-04-02T11:56:32Z,4153868533,141,62.7,4153868531,140,40.8,4153868537,213,5.1,4153868535,212,10.4,4153868529,56,Back,4156145655,178,,,,,,,,8zz5lnxo7twq8ntb7e0qfvbv9,M. Ilaimaharitra,,,,,,,,,,,,,,,,,,,,,,,,,,,,,,,,,,,,,,,,,
2526785741,492,1,2,53,27,920raeoumft3q2wmvc296uceo,1,49.9,42.8,2023-04-01T17:28:15.490Z,2023-04-02T11:56:30Z,4153868697,212,11.4,4153868695,141,38.9,4153868691,56,Center,4153868693,140,60.5,4153868699,213,6.0,4156145737,178,,,,,,,,5ecklu1u6t21rhh8fh4zoq2cq,A. Zorgane,,,,,,,,,,,,,,,,,,,,,,,,,,,,,,,,,,,,,,,,,
2526785745,493,1,2,53,29,920raeoumft3q2wmvc296uceo,0,57.7,37.8,2023-04-01T17:28:16.662Z,2023-04-02T11:56:30Z,4153868715,56,Center,4153868717,140,55.0,4153868719,141,49.7,4153868723,213,1.9,4156145837,178,,4153868721,212,8.6,,,,,,,14xb29tv90y8uataijmh03rah,D. Heymans,,,,,,,,,,,,,,,,,,,,,,,,,,,,,,,,,,,,,,,,,
2526785749,520,49,2,53,30,2nhn3ikl1ciq34w3hcp883d6p,1,45.7,52.1,2023-04-01T17:28:17.982Z,2023-04-02T11:56:29Z,,,,,,,,,,,,,,,,,,,,,,,,,12c7rhdjh6rja1d2j45n3exyi,K. Vaesen,,,,,,,,,,,,,,,,,,,,,,,,,,,,,,,,,,,,,,,,,
2526785799,521,1,2,53,32,2nhn3ikl1ciq34w3hcp883d6p,1,49.5,51,2023-04-01T17:28:19.799Z,2023-04-02T11:56:28Z,4153869031,212,8.1,4153869027,140,57.2,4153869033,213,6.2,4156145951,178,,4153869025,56,Center,4153869029,141,50.3,,,,,,,12c7rhdjh6rja1d2j45n3exyi,K. Vaesen,,,,,,,,,,,,,,,,,,,,,,,,,,,,,,,,,,,,,,,,,
2526785801,522,61,2,53,32,2nhn3ikl1ciq34w3hcp883d6p,0,56.4,50.5,2023-04-01T17:28:20.456Z,2023-04-02T11:56:28Z,4156146005,178,,4153869037,56,Center,,,,,,,,,,,,,,,,,,,auqy1bigw2a1owxg441wojzyt,L. Van Eenoo,,,,,,,,,,,,,,,,,,,,,,,,,,,,,,,,,,,,,,,,,
2526785831,494,1,2,53,33,920raeoumft3q2wmvc296uceo,1,40.4,47,2023-04-01T17:28:21.114Z,2023-04-02T11:56:27Z,4155024155,212,8.9,4153869201,56,Back,4155024157,213,5.2,4156146089,178,,4155024153,141,35.7,4155024151,140,44.6,,,,,,,3bhmh2ks5ma4rqda9zff6w251,S. Knežević,,,,,,,,,,,,,,,,,,,,,,,,,,,,,,,,,,,,,,,,,
2526785845,495,49,2,53,34,920raeoumft3q2wmvc296uceo,1,44.6,35.4,2023-04-01T17:28:22.581Z,2023-04-02T11:56:27Z,,,,,,,,,,,,,,,,,,,,,,,,,5ecklu1u6t21rhh8fh4zoq2cq,A. Zorgane,,,,,,,,,,,,,,,,,,,,,,,,,,,,,,,,,,,,,,,,,
2526785887,496,1,2,53,38,920raeoumft3q2wmvc296uceo,1,54.6,20.7,2023-04-01T17:28:26.094Z,2023-04-02T11:56:26Z,4153869469,212,11.4,4153869463,56,Center,4156146409,178,,4153869465,140,64.2,4153869471,213,0.5,4153869467,141,28.6,,,,,,,5ecklu1u6t21rhh8fh4zoq2cq,A. Zorgane,,,,,,,,,,,,,,,,,,,,,,,,,,,,,,,,,,,,,,,,,
2526785905,497,1,2,53,39,920raeoumft3q2wmvc296uceo,1,63,18.3,2023-04-01T17:28:27.208Z,2023-04-02T11:56:25Z,4153869567,140,63.2,4153869571,212,5.0,4153869573,213,4.8,4153869569,141,10.9,4153869565,56,Right,4156146483,178,,,,,,,,dqazrm2wmu9zqpvp8xbeeb7jd,V. Bayo,,,,,,,,,,,,,,,,,,,,,,,,,,,,,,,,,,,,,,,,,
2526785939,498,1,2,53,41,920raeoumft3q2wmvc296uceo,1,63.2,6.6,2023-04-01T17:28:28.741Z,2023-04-02T11:56:25Z,4153869747,141,21.2,4153869751,213,1.1,4153869745,140,68.0,4156146511,178,,4153869743,56,Center,4153869749,212,11.1,,,,,,,5ecklu1u6t21rhh8fh4zoq2cq,A. Zorgane,,,,,,,,,,,,,,,,,,,,,,,,,,,,,,,,,,,,,,,,,
2526785975,499,1,2,53,43,920raeoumft3q2wmvc296uceo,1,67.8,8.7,2023-04-01T17:28:30.750Z,2023-04-02T11:56:25Z,4156146603,178,,4153869941,141,24.9,4153869943,212,11.1,4153869939,140,66.8,4153869937,56,Center,4153869945,213,1.7,,,,,,,39bcswfqnpa07b4afevezejo4,J. Tchatchoua,,,,,,,,,,,,,,,,,,,,,,,,,,,,,,,,,,,,,,,,,
2526785999,500,1,2,53,45,920raeoumft3q2wmvc296uceo,1,68.1,22.7,2023-04-01T17:28:33.150Z,2023-04-02T11:56:23Z,4153870103,212,11.9,4153870101,141,39.4,4153870097,56,Center,4153870099,140,64.6,4153870105,213,1.9,4156146703,178,,,,,,,,72xzl0yjdetvqp2n1pmzyqvze,A. Hosseinzadeh,,,,,,,,,,,,,,,,,,,,,,,,,,,,,,,,,,,,,,,,,
2526786005,501,1,2,53,46,920raeoumft3q2wmvc296uceo,1,65.7,37.3,2023-04-01T17:28:34.094Z,2023-04-02T11:56:23Z,4153870125,140,76.2,4153870131,213,0.2,4153870127,141,39.8,4153870129,212,11.2,4153870123,56,Center,4156146757,178,,,,,,,,14xb29tv90y8uataijmh03rah,D. Heymans,,,,,,,,,,,,,,,,,,,,,,,,,,,,,,,,,,,,,,,,,
2526786031,502,1,2,53,47,920raeoumft3q2wmvc296uceo,1,75.6,36.7,2023-04-01T17:28:35.110Z,2023-04-02T11:56:23Z,4153870247,56,Center,4153870251,141,58.7,4153870253,212,19.7,4156146807,178,,4153870255,213,2.3,4153870249,140,63.4,,,,,,,dqazrm2wmu9zqpvp8xbeeb7jd,V. Bayo,,,,,,,,,,,,,,,,,,,,,,,,,,,,,,,,,,,,,,,,,
2526786055,503,1,2,53,50,920raeoumft3q2wmvc296uceo,1,64,62.6,2023-04-01T17:28:38.224Z,2023-04-02T11:56:22Z,4153870379,212,22.4,4153870373,56,Left,4153870381,213,1.1,4153870375,140,73.2,4153870377,141,92.3,4156146843,178,,,,,,,,4pbx40gvdmacim2n0k2qt41cl,J. Kayembe,,,,,,,,,,,,,,,,,,,,,,,,,,,,,,,,,,,,,,,,,
2526786127,504,1,2,53,53,920raeoumft3q2wmvc296uceo,1,77,96.3,2023-04-01T17:28:41.304Z,2023-04-02T11:56:21Z,4153870775,212,12.3,4153870769,56,Left,4153870777,213,5.8,4153870773,141,88.1,4156147007,178,,4153870771,140,87.4,,,,,,,87d73x3gkomc4soukr5uweqc5,I. Mbenza,,,,,,,,,,,,,,,,,,,,,,,,,,,,,,,,,,,,,,,,,
2526786163,505,1,2,53,57,920raeoumft3q2wmvc296uceo,1,84.5,91.6,2023-04-01T17:28:44.972Z,2023-04-02T11:56:20Z,4153870957,212,16.4,4156147129,178,,4153870955,141,77.8,4153870953,140,71.7,4153870951,56,Center,4153870959,213,3.8,,,,,,,14xb29tv90y8uataijmh03rah,D. Heymans,,,,,,,,,,,,,,,,,,,,,,,,,,,,,,,,,,,,,,,,,
2526786207,506,1,2,54,1,920raeoumft3q2wmvc296uceo,1,72.6,88.6,2023-04-01T17:28:48.838Z,2023-04-02T11:56:19Z,4153871159,141,92.1,4156147209,178,,4153871161,212,4.3,4153871155,56,Left,4153871163,213,0.6,4153871157,140,76.0,,,,,,,4pbx40gvdmacim2n0k2qt41cl,J. Kayembe,,,,,,,,,,,,,,,,,,,,,,,,,,,,,,,,,,,,,,,,,
2526786235,507,1,2,54,4,920raeoumft3q2wmvc296uceo,1,77.5,93.8,2023-04-01T17:28:51.710Z,2023-04-02T11:56:18Z,4153871291,56,Left,4153871297,212,10.8,4153871293,140,68.2,4156147353,178,,4153871299,213,3.6,4153871295,141,86.9,,,,,,,14xb29tv90y8uataijmh03rah,D. Heymans,,,,,,,,,,,,,,,,,,,,,,,,,,,,,,,,,,,,,,,,,
2526786245,508,1,2,54,7,920raeoumft3q2wmvc296uceo,0,67,97.7,2023-04-01T17:28:54.838Z,2023-04-02T11:56:17Z,4153871439,286,,4153871353,56,Left,4153871355,140,72.1,4156147415,178,,4153871357,141,89.9,4153871433,236,,4153871359,212,7.5,4153871361,213,5.5,4pbx40gvdmacim2n0k2qt41cl,J. Kayembe,4153871435,233,523,,,,,,,,,,,,,,,,,,,,,,,,,,,,,,,,,,,,,,
2526786251,523,74,2,54,7,2nhn3ikl1ciq34w3hcp883d6p,1,31.4,6.7,2023-04-01T17:28:54.968Z,2023-04-02T11:56:17Z,4156147523,178,,4153871399,285,,4153871397,56,Back,4153871441,233,508,,,,,,,,,,,,,8hl43dvm1d57g011yacyoooa1,M. Fixelles,,,,,,,,,,,,,,,,,,,,,,,,,,,,,,,,,,,,,,,,,
2526786305,509,5,2,54,8,920raeoumft3q2wmvc296uceo,1,66.2,101.6,2023-04-01T17:28:56.271Z,2023-04-02T05:14:18Z,4153871699,56,Left,4153871701,347,,4153871747,233,524,,,,,,,,,,,,,,,,4pbx40gvdmacim2n0k2qt41cl,J. Kayembe,,,,,,,,,,,,,,,,,,,,,,,,,,,,,,,,,,,,,,,,,
2526786265,524,5,2,54,8,2nhn3ikl1ciq34w3hcp883d6p,0,33.8,-1.6,2023-04-01T17:28:56.271Z,2023-04-02T05:14:18Z,4153871469,347,,4153871791,233,509,4153871467,56,Back,,,,,,,,,,,,,,,,8hl43dvm1d57g011yacyoooa1,M. Fixelles,,,,,,,,,,,,,,,,,,,,,,,,,,,,,,,,,,,,,,,,,
2526786399,510,1,2,54,18,920raeoumft3q2wmvc296uceo,1,67.5,100,2023-04-01T17:29:06.357Z,2023-04-02T11:56:16Z,4153872255,212,13.8,4153872249,140,55.8,4153872257,213,3.6,4153872245,107,,4153872253,141,92.6,4153872247,56,Left,,,,,,,87d73x3gkomc4soukr5uweqc5,I. Mbenza,,,,,,,,,,,,,,,,,,,,,,,,,,,,,,,,,,,,,,,,,
2526786435,511,3,2,54,21,920raeoumft3q2wmvc296uceo,1,56.1,98.2,2023-04-01T17:29:09.250Z,2023-04-02T11:56:15Z,4156147839,178,,4153873115,233,525,4153872471,56,Left,4153872473,286,,4155025783,464,,,,,,,,,,,4pbx40gvdmacim2n0k2qt41cl,J. Kayembe,,,,,,,,,,,,,,,,,,,,,,,,,,,,,,,,,,,,,,,,,
2526786487,525,45,2,54,21,2nhn3ikl1ciq34w3hcp883d6p,0,43.9,1.8,2023-04-01T17:29:09.250Z,2023-04-02T11:56:15Z,4153872773,56,Back,4153873135,233,511,4153872775,285,,,,,,,,,,,,,,,,,8hl43dvm1d57g011yacyoooa1,M. Fixelles,,,,,,,,,,,,,,,,,,,,,,,,,,,,,,,,,,,,,,,,,
2526786473,512,1,2,54,24,920raeoumft3q2wmvc296uceo,1,63.4,98.2,2023-04-01T17:29:11.854Z,2023-04-02T11:56:14Z,4153872697,56,Left,4153872701,140,68.4,4156147937,178,,4153872703,141,86.2,4153872707,212,9.7,4153872711,213,5.3,,,,,,,4pbx40gvdmacim2n0k2qt41cl,J. Kayembe,,,,,,,,,,,,,,,,,,,,,,,,,,,,,,,,,,,,,,,,,
2527207577,1220,83,2,54,25,2nhn3ikl1ciq34w3hcp883d6p,1,29.7,0.9,2023-04-01T17:29:13.242Z,2023-04-02T11:36:12Z,4156180693,399,210464,,,,,,,,,,,,,,,,,,,,,,5ujoracvgg00kzd0a8rh8oa1h,R. Neustädter,,,,,,,,,,,,,,,,,,,,,,,,,,,,,,,,,,,,,,,,,
2526786495,513,1,2,54,26,920raeoumft3q2wmvc296uceo,1,68.2,97.9,2023-04-01T17:29:14.142Z,2023-04-02T11:56:13Z,4156148097,178,,4153872797,140,63.3,4153872795,56,Left,4153872801,212,5.5,4153872799,141,95.0,4153872803,213,3.5,,,,,,,dqazrm2wmu9zqpvp8xbeeb7jd,V. Bayo,,,,,,,,,,,,,,,,,,,,,,,,,,,,,,,,,,,,,,,,,
2526786523,514,1,2,54,28,920raeoumft3q2wmvc296uceo,1,60.5,99.9,2023-04-01T17:29:15.959Z,2023-04-02T11:56:12Z,4153872957,212,9.4,4153872955,141,86.3,4153872953,140,59.0,4153872951,56,Left,4156148191,178,,4153872959,213,4.5,,,,,,,87d73x3gkomc4soukr5uweqc5,I. Mbenza,,,,,,,,,,,,,,,,,,,,,,,,,,,,,,,,,,,,,,,,,
2526786551,515,1,2,54,29,920raeoumft3q2wmvc296uceo,1,54.1,96.8,2023-04-01T17:29:17.339Z,2023-04-02T11:56:11Z,4156148301,178,,4153873091,141,76.3,4153873093,212,17.5,4153873087,56,Back,4153873089,140,44.0,4153873095,213,4.1,,,,,,,4pbx40gvdmacim2n0k2qt41cl,J. Kayembe,,,,,,,,,,,,,,,,,,,,,,,,,,,,,,,,,,,,,,,,,
2526786583,516,1,2,54,31,920raeoumft3q2wmvc296uceo,1,45.4,81.7,2023-04-01T17:29:19.505Z,2023-04-02T11:56:11Z,4153873295,213,3.9,4156148361,178,,4153873289,140,30.1,4153873293,212,22.4,4153873287,56,Back,4153873291,141,58.7,,,,,,,8zz5lnxo7twq8ntb7e0qfvbv9,M. Ilaimaharitra,,,,,,,,,,,,,,,,,,,,,,,,,,,,,,,,,,,,,,,,,
2526786613,517,1,2,54,33,920raeoumft3q2wmvc296uceo,1,34,71.5,2023-04-01T17:29:21.079Z,2023-04-02T11:56:10Z,4153873419,140,37.6,4153873423,212,15.0,4153873421,141,92.9,4153873425,213,1.3,4153873417,56,Back,4156148425,178,,,,,,,,3bhmh2ks5ma4rqda9zff6w251,S. Knežević,,,,,,,,,,,,,,,,,,,,,,,,,,,,,,,,,,,,,,,,,
2526786647,518,1,2,54,36,920raeoumft3q2wmvc296uceo,0,39.5,98.9,2023-04-01T17:29:24.294Z,2023-04-02T11:56:10Z,4153873593,213,4.8,4153873577,56,Back,4156148465,178,,4153873585,141,92.6,4153873581,140,39.7,4153873589,212,4.3,,,,,,,4pbx40gvdmacim2n0k2qt41cl,J. Kayembe,,,,,,,,,,,,,,,,,,,,,,,,,,,,,,,,,,,,,,,,,
2526786643,526,61,2,54,36,2nhn3ikl1ciq34w3hcp883d6p,1,57.6,0.9,2023-04-01T17:29:24.349Z,2023-04-02T11:56:09Z,4156148519,178,,4153873565,56,Right,,,,,,,,,,,,,,,,,,,8hl43dvm1d57g011yacyoooa1,M. Fixelles,,,,,,,,,,,,,,,,,,,,,,,,,,,,,,,,,,,,,,,,,
2526786691,519,1,2,54,38,920raeoumft3q2wmvc296uceo,0,56.4,99.9,2023-04-01T17:29:26.122Z,2023-04-02T11:56:09Z,4153873789,141,82.4,4153873783,56,Left,4156148629,178,,4153873787,140,54.7,4153873793,213,4.6,4153873791,212,12.0,,,,,,,dqazrm2wmu9zqpvp8xbeeb7jd,V. Bayo,,,,,,,,,,,,,,,,,,,,,,,,,,,,,,,,,,,,,,,,,
2526786685,527,49,2,54,39,2nhn3ikl1ciq34w3hcp883d6p,1,46.2,7,2023-04-01T17:29:27.017Z,2023-04-02T11:56:08Z,,,,,,,,,,,,,,,,,,,,,,,,,auqy1bigw2a1owxg441wojzyt,L. Van Eenoo,,,,,,,,,,,,,,,,,,,,,,,,,,,,,,,,,,,,,,,,,
2526786757,528,1,2,54,42,2nhn3ikl1ciq34w3hcp883d6p,1,59.4,9.6,2023-04-01T17:29:30.056Z,2023-04-02T11:56:07Z,4153874141,212,10.8,4153874143,213,6.0,4153874139,141,5.6,4156149125,178,,4153874135,56,Right,4153874137,140,69.4,,,,,,,auqy1bigw2a1owxg441wojzyt,L. Van Eenoo,,,,,,,,,,,,,,,,,,,,,,,,,,,,,,,,,,,,,,,,,
2526786797,529,1,2,54,46,2nhn3ikl1ciq34w3hcp883d6p,1,68.3,8.4,2023-04-01T17:29:34.275Z,2023-04-02T11:56:06Z,4153874393,196,,4153874405,1,,4153874391,155,,4153874397,140,62.8,4153874403,213,1.7,4153874395,56,Left,4153874401,212,51.5,4153874399,141,83.6,8hl43dvm1d57g011yacyoooa1,M. Fixelles,4156149191,178,,,,,,,,,,,,,,,,,,,,,,,,,,,,,,,,,,,,,,,
2526786843,530,1,2,54,50,2nhn3ikl1ciq34w3hcp883d6p,1,61.7,73.6,2023-04-01T17:29:37.807Z,2023-04-02T11:56:05Z,4153874599,212,17.0,4153874593,56,Left,4153874595,140,73.4,4153874601,213,0.8,4156149291,178,,4153874597,141,90.9,,,,,,,9qm1adecprlczxw7ldbpvoi51,E. Jordanov,,,,,,,,,,,,,,,,,,,,,,,,,,,,,,,,,,,,,,,,,
2526786895,531,1,2,54,54,2nhn3ikl1ciq34w3hcp883d6p,1,72.4,79.1,2023-04-01T17:29:42.566Z,2023-04-02T11:56:04Z,4153874835,56,Center,4153874837,140,61.9,4153874841,212,11.1,4153874843,213,3.2,4153874839,141,77.5,4156149361,178,,,,,,,,f03fccqnepjczr841h0zqdeui,Y. Matsuo,,,,,,,,,,,,,,,,,,,,,,,,,,,,,,,,,,,,,,,,,
2526787003,532,1,2,54,58,2nhn3ikl1ciq34w3hcp883d6p,1,61.4,75.8,2023-04-01T17:29:46.131Z,2023-04-02T11:56:03Z,4153875447,213,4.8,4153875437,56,Center,4153875445,212,35.7,4156149497,178,,4153875443,141,23.7,4153875439,140,65.7,4153875449,1,,,,,9kywhmzih4xhuz5d1rrxjcpd6,R. Tagir,,,,,,,,,,,,,,,,,,,,,,,,,,,,,,,,,,,,,,,,,
2526787059,533,1,2,55,5,2nhn3ikl1ciq34w3hcp883d6p,1,66.5,24,2023-04-01T17:29:53.107Z,2023-04-02T11:56:02Z,4153875769,212,45.4,4153875761,196,,4153875763,56,Left,4153875771,213,1.5,4153875773,1,,4153875765,140,71.3,4156149607,178,,4153875767,141,90.3,auqy1bigw2a1owxg441wojzyt,L. Van Eenoo,,,,,,,,,,,,,,,,,,,,,,,,,,,,,,,,,,,,,,,,,
2526787133,534,1,2,55,10,2nhn3ikl1ciq34w3hcp883d6p,1,71.9,92.3,2023-04-01T17:29:58.460Z,2023-04-02T11:56:00Z,4153876119,141,85.7,4153876115,56,Left,4156149821,178,,4153876121,212,17.8,4153876123,213,6.0,4153876117,140,88.3,,,,,,,9qm1adecprlczxw7ldbpvoi51,E. Jordanov,,,,,,,,,,,,,,,,,,,,,,,,,,,,,,,,,,,,,,,,,
2526996017,879,3,2,55,12,2nhn3ikl1ciq34w3hcp883d6p,0,83.6,89.5,2023-04-01T17:30:00.311Z,2023-04-02T11:56:00Z,4155027935,467,ae26s08xs4l50sfm0r6jbsley,4156150095,178,,4155027929,56,Left,4155027933,464,,4155027931,286,,,,,,,,,,,f03fccqnepjczr841h0zqdeui,Y. Matsuo,,,,,,,,,,,,,,,,,,,,,,,,,,,,,,,,,,,,,,,,,
2526787139,535,4,2,55,12,2nhn3ikl1ciq34w3hcp883d6p,1,84.5,88.8,2023-04-01T17:30:00.502Z,2023-04-02T11:55:59Z,4153876127,13,,4153876131,152,,4153876133,265,,4153877149,233,520,4153876135,286,,4153876129,56,Left,,,,,,,f03fccqnepjczr841h0zqdeui,Y. Matsuo,,,,,,,,,,,,,,,,,,,,,,,,,,,,,,,,,,,,,,,,,
2526787311,520,4,2,55,12,920raeoumft3q2wmvc296uceo,0,15.5,11.2,2023-04-01T17:30:00.503Z,2023-04-02T11:55:59Z,4153877125,285,,4153877117,13,,4153877119,56,Back,4153877171,233,535,4156150169,178,,4153877121,152,,4153877123,265,,,,,ae26s08xs4l50sfm0r6jbsley,S. Andreou,,,,,,,,,,,,,,,,,,,,,,,,,,,,,,,,,,,,,,,,,
2526787699,536,1,2,56,1,2nhn3ikl1ciq34w3hcp883d6p,0,84.8,96.3,2023-04-01T17:30:49.569Z,2023-04-02T11:55:59Z,4155028579,223,,4153879323,56,Center,4153879321,152,,4153879325,140,95.2,4153879315,2,,4153879317,5,,4153879327,141,54.5,4153879329,212,30.4,7xs1rx9jos4ls85u362y9hqeh,N. Madsen,4153879319,155,,,4155028581,20,,4156150261,178,4153879331,213,5.1,,,,,,,,,,,,,,,,,,,,,,,,,,,,,
2526787735,521,12,2,56,3,920raeoumft3q2wmvc296uceo,1,3.2,46.4,2023-04-01T17:30:50.836Z,2023-04-02T12:38:20Z,4153879545,212,15.5,4153879547,213,0.9,4156150525,388,,4153879561,15,,4153879541,140,12.6,4153879543,141,64.0,4153879539,56,Back,,,,3bhmh2ks5ma4rqda9zff6w251,S. Knežević,,,,,,,,,,,,,,,,,,,,,,,,,,,,,,,,,,,,,,,,,
2526787765,537,61,2,56,7,2nhn3ikl1ciq34w3hcp883d6p,0,85,34.2,2023-04-01T17:30:54.854Z,2023-04-02T11:55:58Z,4153879719,56,Center,4156150687,178,,,,,,,,,,,,,,,,,,,,8hl43dvm1d57g011yacyoooa1,M. Fixelles,,,,,,,,,,,,,,,,,,,,,,,,,,,,,,,,,,,,,,,,,
2526787783,522,49,2,56,7,920raeoumft3q2wmvc296uceo,1,12.8,70.9,2023-04-01T17:30:55.359Z,2023-04-02T11:55:58Z,,,,,,,,,,,,,,,,,,,,,,,,,5ecklu1u6t21rhh8fh4zoq2cq,A. Zorgane,,,,,,,,,,,,,,,,,,,,,,,,,,,,,,,,,,,,,,,,,
2526787803,523,1,2,56,9,920raeoumft3q2wmvc296uceo,1,10.9,74.1,2023-04-01T17:30:56.821Z,2023-04-02T11:55:57Z,4153879947,213,1.7,4153879945,212,6.9,4156150861,178,,4153879943,141,84.1,4153879939,56,Back,4153879941,140,10.0,,,,,,,5ecklu1u6t21rhh8fh4zoq2cq,A. Zorgane,,,,,,,,,,,,,,,,,,,,,,,,,,,,,,,,,,,,,,,,,
2526787823,524,1,2,56,10,920raeoumft3q2wmvc296uceo,1,9.2,79.2,2023-04-01T17:30:57.824Z,2023-04-02T11:55:56Z,4153880045,213,5.9,4153880037,56,Back,4153880043,212,13.4,4153880039,140,21.2,4153880041,141,72.7,4156150955,178,,,,,,,,14xb29tv90y8uataijmh03rah,D. Heymans,,,,,,,,,,,,,,,,,,,,,,,,,,,,,,,,,,,,,,,,,
2526787835,525,1,2,56,11,920raeoumft3q2wmvc296uceo,1,20.1,71.4,2023-04-01T17:30:59.050Z,2023-04-02T11:55:55Z,4153880119,212,17.1,4153880113,56,Back,4153880121,213,1.2,4153880115,140,26.6,4156151001,178,,4153880117,141,94.5,,,,,,,dqazrm2wmu9zqpvp8xbeeb7jd,V. Bayo,,,,,,,,,,,,,,,,,,,,,,,,,,,,,,,,,,,,,,,,,
2526787869,526,1,2,56,13,920raeoumft3q2wmvc296uceo,1,24.3,99.8,2023-04-01T17:31:01.597Z,2023-04-02T11:55:55Z,4156151143,178,,4153880289,213,5.9,4153880281,56,Back,4153880283,140,39.7,4153880285,141,91.5,4153880287,212,17.1,,,,,,,8zz5lnxo7twq8ntb7e0qfvbv9,M. Ilaimaharitra,,,,,,,,,,,,,,,,,,,,,,,,,,,,,,,,,,,,,,,,,
2527275367,1591,67,2,56,16,920raeoumft3q2wmvc296uceo,1,44.7,97,2023-04-01T17:31:04.169Z,2023-04-02T11:55:54Z,4156517839,233,1625,,,,,,,,,,,,,,,,,,,,,,dqazrm2wmu9zqpvp8xbeeb7jd,V. Bayo,,,,,,,,,,,,,,,,,,,,,,,,,,,,,,,,,,,,,,,,,
2527275361,1625,67,2,56,16,2nhn3ikl1ciq34w3hcp883d6p,0,55.3,3,2023-04-01T17:31:04.170Z,2023-04-02T11:55:54Z,4156517869,233,1591,,,,,,,,,,,,,,,,,,,,,,9kywhmzih4xhuz5d1rrxjcpd6,R. Tagir,,,,,,,,,,,,,,,,,,,,,,,,,,,,,,,,,,,,,,,,,
2526787919,527,1,2,56,16,920raeoumft3q2wmvc296uceo,1,44.9,96.4,2023-04-01T17:31:04.204Z,2023-04-02T11:55:54Z,4153880555,141,82.9,4153880557,212,19.5,4153880559,213,5.8,4153880553,140,61.3,4156151219,178,,4153880551,56,Left,,,,,,,dqazrm2wmu9zqpvp8xbeeb7jd,V. Bayo,,,,,,,,,,,,,,,,,,,,,,,,,,,,,,,,,,,,,,,,,
2526787947,528,1,2,56,19,920raeoumft3q2wmvc296uceo,1,67.1,93.4,2023-04-01T17:31:07.198Z,2023-04-02T11:55:53Z,4153880741,141,90.1,4153880743,212,2.3,4153880739,140,66.8,4156151279,178,,4153880737,56,Left,4153880745,213,4.6,,,,,,,72xzl0yjdetvqp2n1pmzyqvze,A. Hosseinzadeh,,,,,,,,,,,,,,,,,,,,,,,,,,,,,,,,,,,,,,,,,
2526787951,529,50,2,56,20,920raeoumft3q2wmvc296uceo,1,71.1,88.9,2023-04-01T17:31:08.269Z,2023-04-02T11:35:56Z,4153880889,233,538,4153880759,286,,4153880755,56,Left,,,,,,,,,,,,,,,,dqazrm2wmu9zqpvp8xbeeb7jd,V. Bayo,,,,,,,,,,,,,,,,,,,,,,,,,,,,,,,,,,,,,,,,,
2526787963,538,7,2,56,21,2nhn3ikl1ciq34w3hcp883d6p,0,28.9,11.1,2023-04-01T17:31:09.238Z,2023-04-02T11:35:56Z,4153880815,285,,4153880813,56,Back,4156151411,178,,4153880849,233,529,4155030465,385,,,,,,,,,,,auqy1bigw2a1owxg441wojzyt,L. Van Eenoo,,,,,,,,,,,,,,,,,,,,,,,,,,,,,,,,,,,,,,,,,
2526788003,530,1,2,56,24,920raeoumft3q2wmvc296uceo,1,60,87.4,2023-04-01T17:31:11.970Z,2023-04-02T11:55:53Z,4153881107,56,Center,4153881113,212,22.1,4156151525,178,,4153881111,141,55.5,4153881115,213,4.9,4153881109,140,64.2,,,,,,,8zz5lnxo7twq8ntb7e0qfvbv9,M. Ilaimaharitra,,,,,,,,,,,,,,,,,,,,,,,,,,,,,,,,,,,,,,,,,
2526788059,531,1,2,56,27,920raeoumft3q2wmvc296uceo,1,66.4,49.5,2023-04-01T17:31:15.374Z,2023-04-02T11:55:52Z,4156151619,178,,4153881405,213,5.2,4153881401,141,14.0,4153881395,56,Right,4153881403,212,27.1,4153881397,140,78.1,,,,,,,14xb29tv90y8uataijmh03rah,D. Heymans,,,,,,,,,,,,,,,,,,,,,,,,,,,,,,,,,,,,,,,,,
2526788075,532,1,2,56,32,920raeoumft3q2wmvc296uceo,0,76.5,13,2023-04-01T17:31:20.019Z,2023-04-02T11:55:50Z,4153881527,213,1.1,4153881517,155,,4153881515,2,,4155030877,224,,4153881525,212,23.5,4155030879,20,,4153881521,140,87.2,4153881523,141,43.4,87d73x3gkomc4soukr5uweqc5,I. Mbenza,4153881519,56,Center,,4156151685,178,,,,,,,,,,,,,,,,,,,,,,,,,,,,,,,,,,,
2526788459,539,12,2,56,33,2nhn3ikl1ciq34w3hcp883d6p,1,10.8,57.8,2023-04-01T17:31:20.996Z,2023-04-02T11:55:50Z,4153883575,212,34.7,4153883569,56,Back,4156151741,178,,4153883577,213,0.4,4153883573,141,76.3,4153883571,140,41.6,,,,,,,5ujoracvgg00kzd0a8rh8oa1h,R. Neustädter,,,,,,,,,,,,,,,,,,,,,,,,,,,,,,,,,,,,,,,,,
2526788163,534,1,2,56,37,920raeoumft3q2wmvc296uceo,1,56.4,20.7,2023-04-01T17:31:25.515Z,2023-04-02T11:55:50Z,4153881937,212,9.3,4156151867,178,,4153881929,56,Center,4153881931,140,57.6,4153881933,141,34.2,4153881939,213,1.4,,,,,,,ae26s08xs4l50sfm0r6jbsley,S. Andreou,,,,,,,,,,,,,,,,,,,,,,,,,,,,,,,,,,,,,,,,,
2526788153,533,43,2,56,39,920raeoumft3q2wmvc296uceo,1,0,0,2023-04-01T17:31:27.580Z,2023-04-01T17:32:25Z,4153885517,144,49,,,,,,,,,,,,,,,,,,,,,,ae26s08xs4l50sfm0r6jbsley,S. Andreou,,,,,,,,,,,,,,,,,,,,,,,,,,,,,,,,,,,,,,,,,
2526788203,535,1,2,56,40,920raeoumft3q2wmvc296uceo,1,55.8,37.4,2023-04-01T17:31:28.010Z,2023-04-02T11:55:49Z,4153882155,213,1.4,4153882149,140,59.9,4153882153,212,29.3,4153882151,141,80.0,4153882147,56,Left,4156151901,178,,,,,,,,5ecklu1u6t21rhh8fh4zoq2cq,A. Zorgane,,,,,,,,,,,,,,,,,,,,,,,,,,,,,,,,,,,,,,,,,
2526788237,536,1,2,56,44,920raeoumft3q2wmvc296uceo,1,66.2,97.8,2023-04-01T17:31:32.142Z,2023-04-02T11:55:48Z,4153882401,141,76.6,4153882403,212,14.4,4153882397,56,Center,4156151977,178,,4153882399,140,67.0,4153882405,213,4.8,,,,,,,4pbx40gvdmacim2n0k2qt41cl,J. Kayembe,,,,,,,,,,,,,,,,,,,,,,,,,,,,,,,,,,,,,,,,,
2526788287,537,1,2,56,47,920raeoumft3q2wmvc296uceo,1,75,90.1,2023-04-01T17:31:34.764Z,2023-04-02T11:55:47Z,4156152095,178,,4153882687,56,Left,4153882693,212,14.9,4153882691,141,89.0,4153882695,213,3.2,4153882689,140,60.8,,,,,,,8zz5lnxo7twq8ntb7e0qfvbv9,M. Ilaimaharitra,,,,,,,,,,,,,,,,,,,,,,,,,,,,,,,,,,,,,,,,,
2526788367,538,1,2,56,50,920raeoumft3q2wmvc296uceo,1,65.9,97.3,2023-04-01T17:31:38.063Z,2023-04-02T11:55:46Z,4153883095,212,34.0,4153883089,56,Center,4153883097,213,5.4,4156152183,178,,4153883099,1,,4153883093,141,60.0,4153883087,155,,4153883091,140,87.5,4pbx40gvdmacim2n0k2qt41cl,J. Kayembe,,,,,,,,,,,,,,,,,,,,,,,,,,,,,,,,,,,,,,,,,
2526788401,539,1,2,56,54,920raeoumft3q2wmvc296uceo,1,91,77,2023-04-01T17:31:42.201Z,2023-04-02T11:55:46Z,4153883243,141,95.3,4153883239,56,Left,4153883241,140,83.1,4156152277,178,,4153883247,213,2.2,4153883245,212,15.0,,,,,,,14xb29tv90y8uataijmh03rah,D. Heymans,,,,,,,,,,,,,,,,,,,,,,,,,,,,,,,,,,,,,,,,,
2526788455,540,1,2,56,57,920raeoumft3q2wmvc296uceo,1,83.8,91.8,2023-04-01T17:31:45.523Z,2023-04-02T11:55:45Z,4153883547,140,94.6,4153883551,212,15.1,4153883553,213,5.6,4153883545,56,Center,4156152419,178,,4153883549,141,77.2,,,,,,,8zz5lnxo7twq8ntb7e0qfvbv9,M. Ilaimaharitra,,,,,,,,,,,,,,,,,,,,,,,,,,,,,,,,,,,,,,,,,
2526788469,541,1,2,57,0,920raeoumft3q2wmvc296uceo,0,96.9,73.2,2023-04-01T17:31:48.197Z,2023-04-02T12:36:52Z,4153883637,213,4.8,4155031907,224,,4153883629,56,Center,4153883635,212,25.9,4153883627,155,,4153883631,140,98.1,4155031909,72,,4153883633,141,35.1,39bcswfqnpa07b4afevezejo4,J. Tchatchoua,4156152553,178,,,4153883625,2,,,,,,,,,,,,,,,,,,,,,,,,,,,,,,,,,,,
2526788463,540,12,2,57,2,2nhn3ikl1ciq34w3hcp883d6p,1,2.5,57.3,2023-04-01T17:31:49.776Z,2023-04-02T12:38:07Z,4153883609,213,2.4,4153883603,140,0.0,4153883601,56,Back,4156152773,178,,4153883605,141,62.9,4156152775,21,,4153883623,167,,4153883607,212,5.4,12c7rhdjh6rja1d2j45n3exyi,K. Vaesen,,,,,,,,,,,,,,,,,,,,,,,,,,,,,,,,,,,,,,,,,
2526788465,541,6,2,57,2,2nhn3ikl1ciq34w3hcp883d6p,0,0,64.2,2023-04-01T17:31:50.329Z,2023-04-02T05:18:51Z,4153883613,56,Back,4153883617,73,,4153883897,233,542,,,,,,,,,,,,,,,,12c7rhdjh6rja1d2j45n3exyi,K. Vaesen,,,,,,,,,,,,,,,,,,,,,,,,,,,,,,,,,,,,,,,,,
2526788507,542,6,2,57,2,920raeoumft3q2wmvc296uceo,1,100,35.8,2023-04-01T17:31:50.329Z,2023-04-02T05:18:50Z,4153883887,233,541,4153883851,56,Center,4153883853,75,,,,,,,,,,,,,,,,,39bcswfqnpa07b4afevezejo4,J. Tchatchoua,,,,,,,,,,,,,,,,,,,,,,,,,,,,,,,,,,,,,,,,,
2526788859,543,1,2,57,37,920raeoumft3q2wmvc296uceo,0,99.6,0.7,2023-04-01T17:32:24.736Z,2023-04-02T05:18:55Z,4153885609,6,,4153885619,141,42.3,4153886017,233,542,4156152941,178,,4153885615,56,Center,4153885617,140,100.0,4155032527,20,,4153885607,2,,5ecklu1u6t21rhh8fh4zoq2cq,A. Zorgane,4153885621,212,28.3,,4153885613,224,,4153885611,155,4153885623,213,1.5,,,,,,,,,,,,,,,,,,,,,,,,,,,,,
2526788907,543,5,2,57,38,2nhn3ikl1ciq34w3hcp883d6p,1,-1,63.7,2023-04-01T17:32:26.267Z,2023-04-02T05:18:59Z,4153886223,233,544,4153885899,56,Back,4153885901,346,,,,,,,,,,,,,,,,,6qlfe04qjldj3rkeeme6gdi39,S. Bolat,,,,,,,,,,,,,,,,,,,,,,,,,,,,,,,,,,,,,,,,,
2526788955,544,5,2,57,38,920raeoumft3q2wmvc296uceo,0,101,36.3,2023-04-01T17:32:26.267Z,2023-04-02T05:18:59Z,4153886227,233,543,4153886151,56,Center,4153886153,346,,,,,,,,,,,,,,,,,5ecklu1u6t21rhh8fh4zoq2cq,A. Zorgane,,,,,,,,,,,,,,,,,,,,,,,,,,,,,,,,,,,,,,,,,
2526788857,542,43,2,57,39,2nhn3ikl1ciq34w3hcp883d6p,1,0,0,2023-04-01T17:32:27.571Z,2023-04-01T17:32:31Z,4153885671,233,543,4153885853,144,11,4153885603,88,0,4153885601,56,Back,,,,,,,,,,,,,6qlfe04qjldj3rkeeme6gdi39,S. Bolat,,,,,,,,,,,,,,,,,,,,,,,,,,,,,,,,,,,,,,,,,
2526789007,544,1,2,57,50,2nhn3ikl1ciq34w3hcp883d6p,1,4.3,56.1,2023-04-01T17:32:38.370Z,2023-04-02T11:55:44Z,4153886461,141,92.6,4153886463,212,41.4,4153886467,1,,4153886459,140,35.8,4153886465,213,0.6,4153886455,155,,4153886457,56,Back,4153886453,124,,6qlfe04qjldj3rkeeme6gdi39,S. Bolat,4153886471,74,,,,,,,,,,,,,,,,,,,,,,,,,,,,,,,,,,,,,,,
2526789029,545,1,2,57,53,2nhn3ikl1ciq34w3hcp883d6p,1,41.8,95.7,2023-04-01T17:32:41.155Z,2023-04-02T11:55:44Z,4153886565,141,77.8,4156153227,388,,4153886559,3,,4153886567,212,20.2,4153886569,213,5.6,4153886563,140,57.1,4153886561,56,Center,,,,9qm1adecprlczxw7ldbpvoi51,E. Jordanov,,,,,,,,,,,,,,,,,,,,,,,,,,,,,,,,,,,,,,,,,
2526789033,546,44,2,57,55,2nhn3ikl1ciq34w3hcp883d6p,1,53.1,85.2,2023-04-01T17:32:43.104Z,2023-04-02T11:55:43Z,4153886597,286,,4153886595,56,Left,4153886701,233,545,,,,,,,,,,,,,,,,f03fccqnepjczr841h0zqdeui,Y. Matsuo,,,,,,,,,,,,,,,,,,,,,,,,,,,,,,,,,,,,,,,,,
2526789039,545,44,2,57,55,920raeoumft3q2wmvc296uceo,0,46.9,14.8,2023-04-01T17:32:43.105Z,2023-04-02T11:55:43Z,4153886741,233,546,4153886639,285,,4153886637,56,Back,,,,,,,,,,,,,,,,39bcswfqnpa07b4afevezejo4,J. Tchatchoua,,,,,,,,,,,,,,,,,,,,,,,,,,,,,,,,,,,,,,,,,
2526789037,547,1,2,57,55,2nhn3ikl1ciq34w3hcp883d6p,0,52.7,85.7,2023-04-01T17:32:43.117Z,2023-04-02T11:55:43Z,4153886621,56,Center,4153886623,140,63.0,4156153411,388,,4153886619,168,,4153886629,213,5.3,4153886627,212,19.5,4153886617,3,,4153886625,141,61.8,f03fccqnepjczr841h0zqdeui,Y. Matsuo,,,,,,,,,,,,,,,,,,,,,,,,,,,,,,,,,,,,,,,,,
2526789081,546,1,2,57,56,920raeoumft3q2wmvc296uceo,1,40.8,28,2023-04-01T17:32:44.396Z,2023-04-02T11:55:42Z,4153886961,213,0.9,4156153533,178,,4153886955,140,50.9,4153886963,1,,4153886957,141,49.3,4153886959,212,18.0,4153886953,56,Center,4153886951,157,,ae26s08xs4l50sfm0r6jbsley,S. Andreou,,,,,,,,,,,,,,,,,,,,,,,,,,,,,,,,,,,,,,,,,
2526789085,547,49,2,57,59,920raeoumft3q2wmvc296uceo,1,50.7,48,2023-04-01T17:32:46.687Z,2023-04-02T11:55:42Z,,,,,,,,,,,,,,,,,,,,,,,,,87d73x3gkomc4soukr5uweqc5,I. Mbenza,,,,,,,,,,,,,,,,,,,,,,,,,,,,,,,,,,,,,,,,,
2526789103,548,1,2,57,59,920raeoumft3q2wmvc296uceo,1,50.7,48,2023-04-01T17:32:46.709Z,2023-04-02T11:55:41Z,4153887063,56,Back,4153887069,212,20.2,4153887067,141,62.6,4156153687,178,,4153887071,213,2.6,4153887065,140,33.9,,,,,,,87d73x3gkomc4soukr5uweqc5,I. Mbenza,,,,,,,,,,,,,,,,,,,,,,,,,,,,,,,,,,,,,,,,,
2526789111,549,1,2,58,2,920raeoumft3q2wmvc296uceo,1,36.3,58.9,2023-04-01T17:32:49.893Z,2023-04-02T11:55:41Z,4156153817,178,,4153887113,212,12.4,4153887107,56,Back,4153887111,141,45.7,4153887115,213,5.5,4153887109,140,44.4,,,,,,,4pbx40gvdmacim2n0k2qt41cl,J. Kayembe,,,,,,,,,,,,,,,,,,,,,,,,,,,,,,,,,,,,,,,,,
2526789153,550,1,2,58,3,920raeoumft3q2wmvc296uceo,1,43.6,42.3,2023-04-01T17:32:51.223Z,2023-04-02T11:55:40Z,4153887347,212,13.9,4153887345,141,51.0,4156153893,178,,4153887341,56,Back,4153887343,140,31.6,4153887349,213,2.7,,,,,,,5ecklu1u6t21rhh8fh4zoq2cq,A. Zorgane,,,,,,,,,,,,,,,,,,,,,,,,,,,,,,,,,,,,,,,,,
2526789167,551,1,2,58,5,920raeoumft3q2wmvc296uceo,0,29.2,43.9,2023-04-01T17:32:53.109Z,2023-04-02T11:55:40Z,4156153953,178,,4153887431,140,42.2,4153887433,141,74.1,4155034389,155,,4153887435,212,24.7,4153887429,56,Back,4153887437,213,1.0,,,,3bhmh2ks5ma4rqda9zff6w251,S. Knežević,,,,,,,,,,,,,,,,,,,,,,,,,,,,,,,,,,,,,,,,,
2526789161,548,8,2,58,6,2nhn3ikl1ciq34w3hcp883d6p,1,56.1,24.9,2023-04-01T17:32:54.186Z,2023-04-02T11:55:40Z,4155034451,384,,4153887473,15,,4153887397,56,Center,4156154087,388,,,,,,,,,,,,,,8hl43dvm1d57g011yacyoooa1,M. Fixelles,,,,,,,,,,,,,,,,,,,,,,,,,,,,,,,,,,,,,,,,,
2526789263,552,1,2,58,11,920raeoumft3q2wmvc296uceo,1,80.2,86.4,2023-04-01T17:32:58.826Z,2023-04-02T11:55:39Z,4153888003,140,75.6,4153888001,56,Center,4153888009,213,4.4,4156154183,178,,4153888007,212,14.3,4153888005,141,66.6,,,,,,,dqazrm2wmu9zqpvp8xbeeb7jd,V. Bayo,,,,,,,,,,,,,,,,,,,,,,,,,,,,,,,,,,,,,,,,,
2526789295,553,1,2,58,13,920raeoumft3q2wmvc296uceo,1,87.8,68,2023-04-01T17:33:01.537Z,2023-04-02T11:55:38Z,4153888155,141,74.1,4153888161,213,2.3,4153888149,56,Center,4153888157,212,5.3,4156154317,178,,4153888151,140,84.6,,,,,,,87d73x3gkomc4soukr5uweqc5,I. Mbenza,,,,,,,,,,,,,,,,,,,,,,,,,,,,,,,,,,,,,,,,,
2526789373,554,1,2,58,17,920raeoumft3q2wmvc296uceo,1,84.7,69.5,2023-04-01T17:33:05.144Z,2023-04-02T11:55:37Z,4153888603,212,16.4,4153888597,56,Center,4153888601,141,51.9,4153888605,213,4.0,4153888599,140,74.0,4156154473,178,,,,,,,,dqazrm2wmu9zqpvp8xbeeb7jd,V. Bayo,,,,,,,,,,,,,,,,,,,,,,,,,,,,,,,,,,,,,,,,,
2526789497,555,1,2,58,20,920raeoumft3q2wmvc296uceo,1,72.5,46.8,2023-04-01T17:33:07.981Z,2023-04-02T11:55:36Z,4153889343,212,32.2,4153889339,140,92.7,4153889341,141,11.2,4153889345,213,5.4,4156154569,178,,4153889337,56,Right,4157154031,1,,4153889335,155,,5ecklu1u6t21rhh8fh4zoq2cq,A. Zorgane,,,,,,,,,,,,,,,,,,,,,,,,,,,,,,,,,,,,,,,,,
2526997455,866,61,2,58,22,920raeoumft3q2wmvc296uceo,0,89,11.9,2023-04-01T17:33:10.150Z,2023-04-02T11:55:36Z,4155035847,56,Right,4156154733,178,,4156154731,21,,,,,,,,,,,,,,,,,8zz5lnxo7twq8ntb7e0qfvbv9,M. Ilaimaharitra,,,,,,,,,,,,,,,,,,,,,,,,,,,,,,,,,,,,,,,,,
2526789435,549,5,2,58,24,2nhn3ikl1ciq34w3hcp883d6p,1,-0.8,93.4,2023-04-01T17:33:12.568Z,2023-04-02T05:20:19Z,4153888949,346,,4153889407,233,556,4153888947,56,Back,,,,,,,,,,,,,,,,f03fccqnepjczr841h0zqdeui,Y. Matsuo,,,,,,,,,,,,,,,,,,,,,,,,,,,,,,,,,,,,,,,,,
2526789505,556,5,2,58,24,920raeoumft3q2wmvc296uceo,0,100.8,6.6,2023-04-01T17:33:12.568Z,2023-04-02T05:20:19Z,4153889415,233,549,4153889391,346,,4153889389,56,Right,,,,,,,,,,,,,,,,5ecklu1u6t21rhh8fh4zoq2cq,A. Zorgane,,,,,,,,,,,,,,,,,,,,,,,,,,,,,,,,,,,,,,,,,
2526789615,550,1,2,58,32,2nhn3ikl1ciq34w3hcp883d6p,1,4,56.9,2023-04-01T17:33:20.268Z,2023-04-02T11:55:36Z,4153890051,124,,4153890059,141,68.7,4153890067,237,,4153890057,140,7.0,4153890063,213,1.2,4155036171,189,,4153890061,212,8.6,4153890055,56,Back,6qlfe04qjldj3rkeeme6gdi39,S. Bolat,,,,,,,,,,,,,,,,,,,,,,,,,,,,,,,,,,,,,,,,,
2526789667,551,1,2,58,40,2nhn3ikl1ciq34w3hcp883d6p,1,21.1,80.9,2023-04-01T17:33:27.927Z,2023-04-02T11:55:35Z,4153890349,213,4.1,4153890343,140,12.3,4153890341,56,Back,4153890345,141,61.5,4156155093,178,,4153890347,212,16.1,,,,,,,9kywhmzih4xhuz5d1rrxjcpd6,R. Tagir,,,,,,,,,,,,,,,,,,,,,,,,,,,,,,,,,,,,,,,,,
2526789709,552,1,2,58,43,2nhn3ikl1ciq34w3hcp883d6p,1,12.7,57.4,2023-04-01T17:33:31.377Z,2023-04-02T11:55:35Z,4156155183,178,,4153890545,141,84.1,4153890547,212,18.9,4153890549,213,1.3,4153890541,56,Back,4153890543,140,17.8,,,,,,,6qlfe04qjldj3rkeeme6gdi39,S. Bolat,,,,,,,,,,,,,,,,,,,,,,,,,,,,,,,,,,,,,,,,,
2526789747,553,1,2,58,47,2nhn3ikl1ciq34w3hcp883d6p,1,29.2,87.1,2023-04-01T17:33:34.978Z,2023-04-02T11:55:34Z,4153890785,141,93.6,4156155255,178,,4153890787,212,5.4,4153890789,213,2.2,4153890781,56,Back,4153890783,140,26.3,,,,,,,9kywhmzih4xhuz5d1rrxjcpd6,R. Tagir,,,,,,,,,,,,,,,,,,,,,,,,,,,,,,,,,,,,,,,,,
2526789783,554,1,2,58,49,2nhn3ikl1ciq34w3hcp883d6p,1,34.7,95.4,2023-04-01T17:33:37.106Z,2023-04-02T11:55:34Z,4156155315,178,,4153890967,155,,4153890973,141,80.5,4153890971,140,62.7,4153890975,212,31.1,4153890969,56,Left,4153890977,213,6.0,,,,9qm1adecprlczxw7ldbpvoi51,E. Jordanov,,,,,,,,,,,,,,,,,,,,,,,,,,,,,,,,,,,,,,,,,
2527209285,1338,67,2,58,51,2nhn3ikl1ciq34w3hcp883d6p,1,56.3,78.6,2023-04-01T17:33:38.856Z,2023-04-02T11:55:34Z,4156189699,233,1314,,,,,,,,,,,,,,,,,,,,,,12c7rhdjh6rja1d2j45n3exyi,K. Vaesen,,,,,,,,,,,,,,,,,,,,,,,,,,,,,,,,,,,,,,,,,
2527209273,1314,67,2,58,51,920raeoumft3q2wmvc296uceo,0,43.7,21.4,2023-04-01T17:33:38.857Z,2023-04-02T11:55:33Z,4156189703,233,1338,,,,,,,,,,,,,,,,,,,,,,ae26s08xs4l50sfm0r6jbsley,S. Andreou,,,,,,,,,,,,,,,,,,,,,,,,,,,,,,,,,,,,,,,,,
2526789801,555,1,2,58,51,2nhn3ikl1ciq34w3hcp883d6p,1,56.9,79.5,2023-04-01T17:33:38.892Z,2023-04-02T11:55:33Z,4153891067,140,56.3,4153891071,212,3.7,4153891065,56,Center,4153891073,213,4.5,4156155363,178,,4153891069,141,74.1,,,,,,,12c7rhdjh6rja1d2j45n3exyi,K. Vaesen,,,,,,,,,,,,,,,,,,,,,,,,,,,,,,,,,,,,,,,,,
2526789823,556,1,2,58,51,2nhn3ikl1ciq34w3hcp883d6p,1,53.5,74.3,2023-04-01T17:33:39.573Z,2023-04-02T11:55:32Z,4153891195,3,,4153891197,56,Left,4153891205,213,0.8,4156155427,388,,4153891199,140,60.8,4153891201,141,85.9,4153891203,212,11.0,,,,f03fccqnepjczr841h0zqdeui,Y. Matsuo,,,,,,,,,,,,,,,,,,,,,,,,,,,,,,,,,,,,,,,,,
2526789831,557,61,2,58,53,2nhn3ikl1ciq34w3hcp883d6p,0,55.3,84.2,2023-04-01T17:33:41.249Z,2023-04-02T11:55:32Z,4153891227,56,Left,4156155547,178,,,,,,,,,,,,,,,,,,,,12c7rhdjh6rja1d2j45n3exyi,K. Vaesen,,,,,,,,,,,,,,,,,,,,,,,,,,,,,,,,,,,,,,,,,
2526789863,557,49,2,58,54,920raeoumft3q2wmvc296uceo,1,41.9,8.3,2023-04-01T17:33:42.448Z,2023-04-02T11:55:31Z,,,,,,,,,,,,,,,,,,,,,,,,,ae26s08xs4l50sfm0r6jbsley,S. Andreou,,,,,,,,,,,,,,,,,,,,,,,,,,,,,,,,,,,,,,,,,
2526789875,558,1,2,58,54,920raeoumft3q2wmvc296uceo,0,41.8,8,2023-04-01T17:33:42.524Z,2023-04-02T11:55:31Z,4153891419,56,Right,4153891425,212,22.5,4153891421,140,63.1,4153891427,213,0.1,4156155799,178,,4153891423,141,12.2,,,,,,,ae26s08xs4l50sfm0r6jbsley,S. Andreou,,,,,,,,,,,,,,,,,,,,,,,,,,,,,,,,,,,,,,,,,
2526789897,558,49,2,58,56,2nhn3ikl1ciq34w3hcp883d6p,1,40.4,93,2023-04-01T17:33:44.599Z,2023-04-02T11:55:30Z,,,,,,,,,,,,,,,,,,,,,,,,,9kywhmzih4xhuz5d1rrxjcpd6,R. Tagir,,,,,,,,,,,,,,,,,,,,,,,,,,,,,,,,,,,,,,,,,
2526789949,559,1,2,59,0,2nhn3ikl1ciq34w3hcp883d6p,1,47.7,93.3,2023-04-01T17:33:47.914Z,2023-04-02T11:55:29Z,4153891787,213,5.1,4153891785,212,14.5,4156155991,178,,4153891783,141,73.5,4153891781,140,52.7,4153891779,56,Center,,,,,,,9kywhmzih4xhuz5d1rrxjcpd6,R. Tagir,,,,,,,,,,,,,,,,,,,,,,,,,,,,,,,,,,,,,,,,,
2526789971,560,1,2,59,1,2nhn3ikl1ciq34w3hcp883d6p,1,50.9,77.9,2023-04-01T17:33:48.911Z,2023-04-02T11:55:28Z,4153891927,213,0.4,4153891925,212,7.9,4153891923,141,82.1,4153891921,140,57.9,4156156073,178,,4153891919,56,Left,,,,,,,7xs1rx9jos4ls85u362y9hqeh,N. Madsen,,,,,,,,,,,,,,,,,,,,,,,,,,,,,,,,,,,,,,,,,
2526789981,561,1,2,59,1,2nhn3ikl1ciq34w3hcp883d6p,1,56.6,85.9,2023-04-01T17:33:49.564Z,2023-04-02T11:55:28Z,4153891967,140,53.6,4156156159,178,,4155037663,156,,4153891971,212,3.9,4153891969,141,82.6,4153891973,213,3.8,4153891965,56,Left,,,,12c7rhdjh6rja1d2j45n3exyi,K. Vaesen,,,,,,,,,,,,,,,,,,,,,,,,,,,,,,,,,,,,,,,,,
2526790061,562,1,2,59,2,2nhn3ikl1ciq34w3hcp883d6p,1,51.9,86.5,2023-04-01T17:33:50.287Z,2023-04-02T11:55:27Z,4153892389,212,16.3,4153892383,56,Left,4156156217,178,,4153892385,140,66.7,4153892391,213,0.3,4153892387,141,93.5,,,,,,,7xs1rx9jos4ls85u362y9hqeh,N. Madsen,,,,,,,,,,,,,,,,,,,,,,,,,,,,,,,,,,,,,,,,,
2526790141,563,1,2,59,6,2nhn3ikl1ciq34w3hcp883d6p,1,61.4,91.5,2023-04-01T17:33:54.512Z,2023-04-02T11:55:25Z,4153892875,155,,4156156259,178,,4153892885,213,5.9,4153892887,1,,4153892877,56,Center,4153892879,140,98.1,4153892881,141,68.8,4153892883,212,41.5,9qm1adecprlczxw7ldbpvoi51,E. Jordanov,,,,,,,,,,,,,,,,,,,,,,,,,,,,,,,,,,,,,,,,,
2526790153,564,1,2,59,10,2nhn3ikl1ciq34w3hcp883d6p,0,98.3,71.9,2023-04-01T17:33:58.089Z,2023-04-02T11:55:24Z,4153892943,155,,4156156341,178,,4153892949,141,52.8,4153892951,212,16.6,4153892947,140,88.4,4153892953,213,4.0,4153892945,56,Center,,,,f03fccqnepjczr841h0zqdeui,Y. Matsuo,,,,,,,,,,,,,,,,,,,,,,,,,,,,,,,,,,,,,,,,,
2526790201,559,12,2,59,12,920raeoumft3q2wmvc296uceo,1,9.4,50.1,2023-04-01T17:34:00.252Z,2023-04-02T11:55:24Z,4153893163,140,26.0,4153893175,15,,4153893169,213,6.2,4153893167,212,17.4,4153893159,56,Back,4156156447,178,,4153893165,141,49.0,,,,4pbx40gvdmacim2n0k2qt41cl,J. Kayembe,,,,,,,,,,,,,,,,,,,,,,,,,,,,,,,,,,,,,,,,,
2526790219,560,49,2,59,14,920raeoumft3q2wmvc296uceo,1,24.3,57.3,2023-04-01T17:34:02.601Z,2023-04-02T11:55:23Z,,,,,,,,,,,,,,,,,,,,,,,,,14xb29tv90y8uataijmh03rah,D. Heymans,,,,,,,,,,,,,,,,,,,,,,,,,,,,,,,,,,,,,,,,,
2526790243,561,1,2,59,14,920raeoumft3q2wmvc296uceo,1,24.1,57.6,2023-04-01T17:34:02.617Z,2023-04-02T11:55:23Z,4153893373,141,59.1,4153893371,140,24.4,4153893369,56,Back,4153893377,213,1.3,4153893375,212,1.1,4156156607,178,,,,,,,,14xb29tv90y8uataijmh03rah,D. Heymans,,,,,,,,,,,,,,,,,,,,,,,,,,,,,,,,,,,,,,,,,
2526790249,562,3,2,59,16,920raeoumft3q2wmvc296uceo,1,24.5,58.6,2023-04-01T17:34:04.349Z,2023-04-02T11:55:22Z,4155038933,464,,4153893403,56,Back,4153893481,233,565,4156156693,178,,4153893405,285,,,,,,,,,,,72xzl0yjdetvqp2n1pmzyqvze,A. Hosseinzadeh,,,,,,,,,,,,,,,,,,,,,,,,,,,,,,,,,,,,,,,,,
2526790225,565,45,2,59,16,2nhn3ikl1ciq34w3hcp883d6p,0,75.5,41.4,2023-04-01T17:34:04.349Z,2023-04-02T11:55:22Z,4153893307,286,,4155182887,233,562,4153893303,56,Center,,,,,,,,,,,,,,,,auqy1bigw2a1owxg441wojzyt,L. Van Eenoo,,,,,,,,,,,,,,,,,,,,,,,,,,,,,,,,,,,,,,,,,
2526790271,563,1,2,59,18,920raeoumft3q2wmvc296uceo,1,26.7,52.7,2023-04-01T17:34:06.180Z,2023-04-02T11:55:22Z,4153893595,213,4.6,4153893589,140,26.1,4153893593,212,4.5,4153893587,56,Back,4156156787,178,,4153893591,141,46.1,,,,,,,72xzl0yjdetvqp2n1pmzyqvze,A. Hosseinzadeh,,,,,,,,,,,,,,,,,,,,,,,,,,,,,,,,,,,,,,,,,
2526790273,564,1,2,59,20,920raeoumft3q2wmvc296uceo,0,26.5,39.5,2023-04-01T17:34:08.475Z,2023-04-02T11:55:21Z,4153893613,140,23.1,4153893617,212,10.9,4153893611,56,Back,4156156953,178,,4153893615,141,54.6,4153893619,213,1.9,,,,,,,8zz5lnxo7twq8ntb7e0qfvbv9,M. Ilaimaharitra,,,,,,,,,,,,,,,,,,,,,,,,,,,,,,,,,,,,,,,,,
2527209651,1371,67,2,59,21,2nhn3ikl1ciq34w3hcp883d6p,1,78.7,51.4,2023-04-01T17:34:09.140Z,2023-04-02T11:55:20Z,4156191367,233,1360,,,,,,,,,,,,,,,,,,,,,,12c7rhdjh6rja1d2j45n3exyi,K. Vaesen,,,,,,,,,,,,,,,,,,,,,,,,,,,,,,,,,,,,,,,,,
2527209647,1360,67,2,59,21,920raeoumft3q2wmvc296uceo,0,21.3,48.6,2023-04-01T17:34:09.141Z,2023-04-02T11:55:20Z,4156191373,233,1371,,,,,,,,,,,,,,,,,,,,,,3bhmh2ks5ma4rqda9zff6w251,S. Knežević,,,,,,,,,,,,,,,,,,,,,,,,,,,,,,,,,,,,,,,,,
2526790283,566,1,2,59,21,2nhn3ikl1ciq34w3hcp883d6p,1,77.1,51.1,2023-04-01T17:34:09.160Z,2023-04-02T11:55:20Z,4155039873,141,62.5,4155039871,140,77.6,4155039875,212,7.8,4153893675,56,Center,4155039877,213,1.5,4156157011,178,,,,,,,,12c7rhdjh6rja1d2j45n3exyi,K. Vaesen,,,,,,,,,,,,,,,,,,,,,,,,,,,,,,,,,,,,,,,,,
2526790291,567,49,2,59,22,2nhn3ikl1ciq34w3hcp883d6p,1,77.9,60.4,2023-04-01T17:34:09.911Z,2023-04-02T11:55:19Z,,,,,,,,,,,,,,,,,,,,,,,,,dd711ekg0nlaosmsy2lz13syy,T. Van den Keybus,,,,,,,,,,,,,,,,,,,,,,,,,,,,,,,,,,,,,,,,,
2526998681,880,61,2,59,23,2nhn3ikl1ciq34w3hcp883d6p,1,80.6,60.3,2023-04-01T17:34:10.911Z,2023-04-02T11:55:18Z,4155043187,343,3,4155042961,56,Center,4156157181,178,,,,,,,,,,,,,,,,,dd711ekg0nlaosmsy2lz13syy,T. Van den Keybus,,,,,,,,,,,,,,,,,,,,,,,,,,,,,,,,,,,,,,,,,
2526790415,568,84,2,59,26,2nhn3ikl1ciq34w3hcp883d6p,1,0,0,2023-04-01T17:34:14.643Z,2023-04-01T17:35:58Z,4153894387,265,,4153902111,436,4,4153895199,233,565,4153898363,343,2,4153894385,152,,4153894381,13,,4153894383,56,Center,4153894379,9,,dd711ekg0nlaosmsy2lz13syy,T. Van den Keybus,4153894389,286,,,,,,,,,,,,,,,,,,,,,,,,,,,,,,,,,,,,,,,
2526790563,565,43,2,59,26,920raeoumft3q2wmvc296uceo,1,0,0,2023-04-01T17:34:14.644Z,2023-04-01T17:36:06Z,4153895167,285,0,4153895159,13,0,4153895165,265,0,4153895161,56,Back,4153895163,152,0,4153902787,144,4,4153895157,9,0,,,,8zz5lnxo7twq8ntb7e0qfvbv9,M. Ilaimaharitra,,,,,,,,,,,,,,,,,,,,,,,,,,,,,,,,,,,,,,,,,
2526791037,569,27,2,60,10,2nhn3ikl1ciq34w3hcp883d6p,1,0,0,2023-04-01T17:34:58.557Z,2023-04-02T05:07:46Z,4153897883,207,,4153897881,201,,4153897885,364,,,,,,,,,,,,,,,,,,,,,,,,,,,,,,,,,,,,,,,,,,,,,,,,,,,,,,,,,,,
2526791121,570,65,2,60,21,2nhn3ikl1ciq34w3hcp883d6p,1,0,0,2023-04-01T17:35:09.153Z,2023-04-02T05:07:37Z,4153901389,336,,4153898365,330,,4153898367,365,568,,,,,,,,,,,,,,,,dd711ekg0nlaosmsy2lz13syy,T. Van den Keybus,,,,,,,,,,,,,,,,,,,,,,,,,,,,,,,,,,,,,,,,,
2526791701,571,28,2,60,52,2nhn3ikl1ciq34w3hcp883d6p,1,0,0,2023-04-01T17:35:39.706Z,2023-04-02T05:07:58Z,4153901367,364,,4153901369,55,569,,,,,,,,,,,,,,,,,,,,,,,,,,,,,,,,,,,,,,,,,,,,,,,,,,,,,,,,,,,,,
2526791919,572,68,2,61,17,2nhn3ikl1ciq34w3hcp883d6p,0,0,0,2023-04-01T17:36:04.828Z,2023-04-02T05:08:04Z,,,,,,,,,,,,,,,,,,,,,,,,,,,,,,,,,,,,,,,,,,,,,,,,,,,,,,,,,,,,,,,,,,,
2526791991,566,68,2,61,17,920raeoumft3q2wmvc296uceo,1,0,0,2023-04-01T17:36:04.830Z,2023-04-02T05:08:09Z,,,,,,,,,,,,,,,,,,,,,,,,,,,,,,,,,,,,,,,,,,,,,,,,,,,,,,,,,,,,,,,,,,,
2526792013,567,52,2,61,18,920raeoumft3q2wmvc296uceo,1,11.4,35,2023-04-01T17:36:05.894Z,2023-04-02T11:55:18Z,4155041827,376,,4156139569,178,,,,,,,,,,,,,,,,,,,,btyk45f7gmz3ck2dafpp22yg9,H. Koffi,,,,,,,,,,,,,,,,,,,,,,,,,,,,,,,,,,,,,,,,,
2526792077,568,80,2,61,26,920raeoumft3q2wmvc296uceo,0,19.2,24.6,2023-04-01T17:36:14.353Z,2023-04-02T11:55:17Z,4156139731,178,,4155043459,189,,,,,,,,,,,,,,,,,,,,btyk45f7gmz3ck2dafpp22yg9,H. Koffi,,,,,,,,,,,,,,,,,,,,,,,,,,,,,,,,,,,,,,,,,
2526792111,569,1,2,61,27,920raeoumft3q2wmvc296uceo,0,21.2,22.3,2023-04-01T17:36:15.248Z,2023-04-02T11:55:17Z,4153903685,141,13.1,4153903687,212,41.5,4153903693,1,,4153903677,157,,4153903679,198,,4156139779,178,,4153903689,213,6.1,4153903681,56,Right,btyk45f7gmz3ck2dafpp22yg9,H. Koffi,4153903683,140,60.3,,,,,,,,,,,,,,,,,,,,,,,,,,,,,,,,,,,,,,
2526792121,573,44,2,61,30,2nhn3ikl1ciq34w3hcp883d6p,1,43.4,87.8,2023-04-01T17:36:18.240Z,2023-04-02T11:55:17Z,4153903743,285,,4153903741,56,Back,4153903797,233,570,,,,,,,,,,,,,,,,auqy1bigw2a1owxg441wojzyt,L. Van Eenoo,,,,,,,,,,,,,,,,,,,,,,,,,,,,,,,,,,,,,,,,,
2526792119,570,44,2,61,30,920raeoumft3q2wmvc296uceo,0,56.6,12.2,2023-04-01T17:36:18.241Z,2023-04-02T11:55:16Z,4153903737,56,Right,4153903821,233,573,4153903739,286,,,,,,,,,,,,,,,,,72xzl0yjdetvqp2n1pmzyqvze,A. Hosseinzadeh,,,,,,,,,,,,,,,,,,,,,,,,,,,,,,,,,,,,,,,,,
2526792139,574,1,2,61,30,2nhn3ikl1ciq34w3hcp883d6p,0,42.5,88.1,2023-04-01T17:36:18.341Z,2023-04-02T11:55:16Z,4153903827,3,,4153903831,140,36.6,4153903833,141,83.3,4156139983,388,,4153903837,213,3.6,4153903835,212,7.0,4153903829,56,Back,,,,auqy1bigw2a1owxg441wojzyt,L. Van Eenoo,,,,,,,,,,,,,,,,,,,,,,,,,,,,,,,,,,,,,,,,,
2526792127,571,61,2,61,30,920raeoumft3q2wmvc296uceo,1,56.8,11.8,2023-04-01T17:36:18.408Z,2023-04-02T11:55:16Z,4156140337,388,,4156140991,15,,4153903771,56,Right,,,,,,,,,,,,,,,,72xzl0yjdetvqp2n1pmzyqvze,A. Hosseinzadeh,,,,,,,,,,,,,,,,,,,,,,,,,,,,,,,,,,,,,,,,,
2526792163,572,1,2,61,32,920raeoumft3q2wmvc296uceo,0,55.7,22.9,2023-04-01T17:36:19.843Z,2023-04-02T11:55:16Z,4153903949,212,6.8,4156140449,178,,4153903943,140,61.5,4153903941,56,Right,4153904045,233,575,4153903945,141,18.3,4153904043,236,,4153903953,213,5.8,8zz5lnxo7twq8ntb7e0qfvbv9,M. Ilaimaharitra,4153904049,286,,,,,,,,,,,,,,,,,,,,,,,,,,,,,,,,,,,,,,,
2526792171,575,74,2,61,32,2nhn3ikl1ciq34w3hcp883d6p,1,43.7,74.9,2023-04-01T17:36:19.873Z,2023-04-02T11:55:15Z,4156141183,388,,4153903987,56,Back,4153903989,285,,4153904071,233,572,,,,,,,,,,,,,f03fccqnepjczr841h0zqdeui,Y. Matsuo,,,,,,,,,,,,,,,,,,,,,,,,,,,,,,,,,,,,,,,,,
2526998921,867,1,2,61,33,920raeoumft3q2wmvc296uceo,0,61.6,17.9,2023-04-01T17:36:21.249Z,2023-04-02T11:55:15Z,4155044237,212,15.5,4155044235,141,22.5,4155044233,140,76.1,4155044231,56,Center,4155044239,213,0.2,4156141263,178,,,,,,,,14xb29tv90y8uataijmh03rah,D. Heymans,,,,,,,,,,,,,,,,,,,,,,,,,,,,,,,,,,,,,,,,,
2526998995,881,1,2,61,34,2nhn3ikl1ciq34w3hcp883d6p,0,32.1,82.9,2023-04-01T17:36:21.894Z,2023-04-02T11:55:14Z,4155044651,213,2.6,4155044647,141,83.6,4155044645,140,31.3,4156141563,388,,4155044643,56,Back,4155044641,3,,4155044649,212,1.0,,,,9qm1adecprlczxw7ldbpvoi51,E. Jordanov,,,,,,,,,,,,,,,,,,,,,,,,,,,,,,,,,,,,,,,,,
2526792197,573,1,2,61,35,920raeoumft3q2wmvc296uceo,1,64.1,17.4,2023-04-01T17:36:22.915Z,2023-04-02T11:55:14Z,4153904143,140,72.0,4153904141,56,Right,4153904149,213,5.8,4153904147,212,9.4,4153904145,141,10.9,4156141639,178,,,,,,,,14xb29tv90y8uataijmh03rah,D. Heymans,,,,,,,,,,,,,,,,,,,,,,,,,,,,,,,,,,,,,,,,,
2526792277,574,1,2,61,37,920raeoumft3q2wmvc296uceo,1,70.2,8.6,2023-04-01T17:36:24.731Z,2023-04-02T11:55:13Z,4156141679,178,,4153904529,141,23.3,4153904533,213,1.4,4153904531,212,10.2,4153904527,140,72.2,4153904525,56,Center,,,,,,,72xzl0yjdetvqp2n1pmzyqvze,A. Hosseinzadeh,,,,,,,,,,,,,,,,,,,,,,,,,,,,,,,,,,,,,,,,,
2526792299,575,1,2,61,40,920raeoumft3q2wmvc296uceo,1,80.6,11.3,2023-04-01T17:36:28.266Z,2023-04-02T11:55:11Z,4156141763,178,,4153904615,56,Right,4153904619,141,9.1,4153904623,213,4.1,4153904617,140,79.6,4153904621,212,1.8,,,,,,,14xb29tv90y8uataijmh03rah,D. Heymans,,,,,,,,,,,,,,,,,,,,,,,,,,,,,,,,,,,,,,,,,
2526792329,576,1,2,61,42,920raeoumft3q2wmvc296uceo,1,73.8,3.6,2023-04-01T17:36:29.675Z,2023-04-02T11:55:10Z,4156141861,178,,4153904797,140,71.7,4153904795,56,Right,4153904799,141,15.5,4153904801,212,8.4,4153904803,213,1.8,,,,,,,72xzl0yjdetvqp2n1pmzyqvze,A. Hosseinzadeh,,,,,,,,,,,,,,,,,,,,,,,,,,,,,,,,,,,,,,,,,
2526792347,577,1,2,61,42,920raeoumft3q2wmvc296uceo,1,70.3,13.2,2023-04-01T17:36:30.528Z,2023-04-02T11:55:10Z,4153904907,212,9.3,4153904905,141,21.0,4153904903,140,77.6,4156141965,178,,4153904901,56,Right,4153904909,213,0.6,,,,,,,8zz5lnxo7twq8ntb7e0qfvbv9,M. Ilaimaharitra,,,,,,,,,,,,,,,,,,,,,,,,,,,,,,,,,,,,,,,,,
2527207437,1214,67,2,61,43,920raeoumft3q2wmvc296uceo,1,76.8,17.1,2023-04-01T17:36:31.266Z,2023-04-02T11:55:09Z,4156180041,233,1207,,,,,,,,,,,,,,,,,,,,,,14xb29tv90y8uataijmh03rah,D. Heymans,,,,,,,,,,,,,,,,,,,,,,,,,,,,,,,,,,,,,,,,,
2527207435,1207,67,2,61,43,2nhn3ikl1ciq34w3hcp883d6p,0,23.2,82.9,2023-04-01T17:36:31.267Z,2023-04-02T11:55:09Z,4156180045,233,1214,,,,,,,,,,,,,,,,,,,,,,9kywhmzih4xhuz5d1rrxjcpd6,R. Tagir,,,,,,,,,,,,,,,,,,,,,,,,,,,,,,,,,,,,,,,,,
2526792355,578,1,2,61,43,920raeoumft3q2wmvc296uceo,1,76.1,15.8,2023-04-01T17:36:31.297Z,2023-04-02T11:55:09Z,4153904969,212,12.3,4153904963,56,Right,4156142047,178,,4153904971,213,5.7,4153904965,140,86.0,4153904967,141,6.2,,,,,,,14xb29tv90y8uataijmh03rah,D. Heymans,,,,,,,,,,,,,,,,,,,,,,,,,,,,,,,,,,,,,,,,,
2526792415,579,1,2,61,45,920raeoumft3q2wmvc296uceo,0,78.9,2.1,2023-04-01T17:36:32.774Z,2023-04-02T11:55:08Z,4153905249,56,Center,4153905261,141,34.0,4156142195,178,,4153905257,140,100.0,4153905269,213,0.7,4153905265,212,31.8,,,,,,,72xzl0yjdetvqp2n1pmzyqvze,A. Hosseinzadeh,,,,,,,,,,,,,,,,,,,,,,,,,,,,,,,,,,,,,,,,,
2526792525,577,5,2,61,47,2nhn3ikl1ciq34w3hcp883d6p,1,-0.6,66.4,2023-04-01T17:36:35.506Z,2023-04-02T05:10:18Z,4153905851,56,Back,4153939181,346,,4153938907,233,580,,,,,,,,,,,,,,,,e2z19y8is5m24brpa3gzn02qx,B. Reynolds,,,,,,,,,,,,,,,,,,,,,,,,,,,,,,,,,,,,,,,,,
2526792423,580,5,2,61,47,920raeoumft3q2wmvc296uceo,0,100.6,33.6,2023-04-01T17:36:35.506Z,2023-04-02T05:10:18Z,4153905303,56,Center,4153938927,233,577,4153939175,346,,,,,,,,,,,,,,,,,14xb29tv90y8uataijmh03rah,D. Heymans,,,,,,,,,,,,,,,,,,,,,,,,,,,,,,,,,,,,,,,,,
2526792517,576,43,2,61,50,2nhn3ikl1ciq34w3hcp883d6p,1,0,0,2023-04-01T17:36:37.938Z,2023-04-01T17:36:59Z,4153905811,213,0.7,4153905803,141,62.7,4153905807,212,9.2,4153905799,140,11.1,4153905795,56,Back,4153907515,144,12,,,,,,,e2z19y8is5m24brpa3gzn02qx,B. Reynolds,,,,,,,,,,,,,,,,,,,,,,,,,,,,,,,,,,,,,,,,,
2526792513,582,43,2,61,51,920raeoumft3q2wmvc296uceo,1,0,0,2023-04-01T17:36:38.673Z,2023-04-01T17:37:53Z,4153905777,56,Center,4153912761,144,61,,,,,,,,,,,,,,,,,,,dqazrm2wmu9zqpvp8xbeeb7jd,V. Bayo,,,,,,,,,,,,,,,,,,,,,,,,,,,,,,,,,,,,,,,,,
2526792449,581,43,2,61,52,920raeoumft3q2wmvc296uceo,1,0,0,2023-04-01T17:36:40.201Z,2023-04-01T17:37:49Z,4153905459,17,0,4153905467,251,0,4153912375,144,39,4153905461,56,Center,4153905457,22,0,,,,,,,,,,87d73x3gkomc4soukr5uweqc5,I. Mbenza,,,,,,,,,,,,,,,,,,,,,,,,,,,,,,,,,,,,,,,,,
2526792889,578,1,2,62,7,2nhn3ikl1ciq34w3hcp883d6p,0,5.6,43.5,2023-04-01T17:36:55.007Z,2023-04-02T11:55:08Z,4153907695,124,,4153907703,141,38.9,4153907701,140,64.4,4153907709,1,,4153907697,155,,4153907711,74,,4153907699,56,Center,4153907707,213,6.2,6qlfe04qjldj3rkeeme6gdi39,S. Bolat,4155045843,189,,,4153907705,212,61.8,,,,,,,,,,,,,,,,,,,,,,,,,,,,,,,,,,
2526792949,583,1,2,62,12,920raeoumft3q2wmvc296uceo,0,40.4,50.3,2023-04-01T17:37:00.161Z,2023-04-02T11:55:08Z,4153908089,212,18.6,4153908083,56,Center,4153908081,3,,4153908085,140,58.1,4156142615,388,,4153908091,213,0.1,4153908087,141,52.5,4155045963,189,,3bhmh2ks5ma4rqda9zff6w251,S. Knežević,,,,,,,,,,,,,,,,,,,,,,,,,,,,,,,,,,,,,,,,,
2526999305,882,61,2,62,13,2nhn3ikl1ciq34w3hcp883d6p,1,42.8,43.6,2023-04-01T17:37:01.444Z,2023-04-02T11:55:07Z,4155046373,56,Back,4156142795,178,,,,,,,,,,,,,,,,,,,,7xs1rx9jos4ls85u362y9hqeh,N. Madsen,,,,,,,,,,,,,,,,,,,,,,,,,,,,,,,,,,,,,,,,,
2526792975,579,1,2,62,17,2nhn3ikl1ciq34w3hcp883d6p,1,51.9,54.8,2023-04-01T17:37:04.846Z,2023-04-02T11:55:06Z,4153908195,213,6.3,4153908189,140,67.8,4153908187,56,Center,4153908193,212,16.7,4153908191,141,54.5,4156142899,178,,,,,,,,8hl43dvm1d57g011yacyoooa1,M. Fixelles,,,,,,,,,,,,,,,,,,,,,,,,,,,,,,,,,,,,,,,,,
2526792995,580,1,2,62,17,2nhn3ikl1ciq34w3hcp883d6p,1,60.7,53.6,2023-04-01T17:37:05.611Z,2023-04-02T11:55:05Z,4153908259,140,65.7,4153908265,213,5.2,4153908263,212,10.3,4153908261,141,40.6,4153908257,56,Center,4156143057,178,,,,,,,,f03fccqnepjczr841h0zqdeui,Y. Matsuo,,,,,,,,,,,,,,,,,,,,,,,,,,,,,,,,,,,,,,,,,
2526793001,581,3,2,62,19,2nhn3ikl1ciq34w3hcp883d6p,0,62.9,43,2023-04-01T17:37:06.969Z,2023-04-02T11:35:31Z,4155046757,464,,4153908297,56,Center,4153908595,233,584,4156143137,178,,4153908299,286,,,,,,,,,,,auqy1bigw2a1owxg441wojzyt,L. Van Eenoo,,,,,,,,,,,,,,,,,,,,,,,,,,,,,,,,,,,,,,,,,
2526793039,584,7,2,62,19,920raeoumft3q2wmvc296uceo,1,37.1,57,2023-04-01T17:37:06.976Z,2023-04-02T11:35:31Z,4153908577,233,581,4156143273,389,,4153908485,56,Back,4155046811,384,,4153908487,285,,,,,,,,,,,8zz5lnxo7twq8ntb7e0qfvbv9,M. Ilaimaharitra,,,,,,,,,,,,,,,,,,,,,,,,,,,,,,,,,,,,,,,,,
2526793049,585,49,2,62,20,920raeoumft3q2wmvc296uceo,1,37.3,63,2023-04-01T17:37:07.869Z,2023-04-02T11:55:05Z,,,,,,,,,,,,,,,,,,,,,,,,,5ecklu1u6t21rhh8fh4zoq2cq,A. Zorgane,,,,,,,,,,,,,,,,,,,,,,,,,,,,,,,,,,,,,,,,,
2526793065,586,1,2,62,20,920raeoumft3q2wmvc296uceo,1,37.2,64.8,2023-04-01T17:37:08.140Z,2023-04-02T11:55:05Z,4153908617,212,11.6,4153908615,141,81.8,4153908613,140,36.2,4153908611,56,Back,4156143589,178,,4153908619,213,1.7,,,,,,,5ecklu1u6t21rhh8fh4zoq2cq,A. Zorgane,,,,,,,,,,,,,,,,,,,,,,,,,,,,,,,,,,,,,,,,,
2526793089,587,1,2,62,21,920raeoumft3q2wmvc296uceo,1,33.6,78.7,2023-04-01T17:37:09.402Z,2023-04-02T11:55:04Z,4156143739,178,,4153908711,140,29.8,4153908713,141,73.2,4153908709,56,Back,4153908715,212,5.5,4153908717,213,3.9,,,,,,,87d73x3gkomc4soukr5uweqc5,I. Mbenza,,,,,,,,,,,,,,,,,,,,,,,,,,,,,,,,,,,,,,,,,
2526793125,588,1,2,62,22,920raeoumft3q2wmvc296uceo,1,28.3,78.2,2023-04-01T17:37:10.157Z,2023-04-02T11:55:04Z,4153908895,141,86.3,4153908897,212,9.1,4156143907,178,,4153908899,213,0.7,4153908893,140,35.2,4153908891,56,Back,,,,,,,4pbx40gvdmacim2n0k2qt41cl,J. Kayembe,,,,,,,,,,,,,,,,,,,,,,,,,,,,,,,,,,,,,,,,,
2526793201,589,1,2,62,24,920raeoumft3q2wmvc296uceo,1,33.9,99.9,2023-04-01T17:37:12.431Z,2023-04-02T11:55:03Z,4153909301,56,Left,4153909305,140,54.3,4153909311,212,21.8,4156144077,178,,4153909307,141,93.9,4153909313,213,6.1,,,,,,,87d73x3gkomc4soukr5uweqc5,I. Mbenza,,,,,,,,,,,,,,,,,,,,,,,,,,,,,,,,,,,,,,,,,
2526793239,590,1,2,62,30,920raeoumft3q2wmvc296uceo,1,69.2,96.8,2023-04-01T17:37:17.946Z,2023-04-02T11:54:59Z,4153909549,212,12.4,4153909543,56,Left,4153909545,140,80.1,4153909547,141,89.9,4153909551,213,5.9,4156144237,178,,,,,,,,8zz5lnxo7twq8ntb7e0qfvbv9,M. Ilaimaharitra,,,,,,,,,,,,,,,,,,,,,,,,,,,,,,,,,,,,,,,,,
2526793259,582,45,2,62,32,2nhn3ikl1ciq34w3hcp883d6p,0,19.8,11.2,2023-04-01T17:37:19.665Z,2023-04-02T11:54:58Z,4153909785,233,591,4153909641,56,Back,4153909643,285,,,,,,,,,,,,,,,,,5ujoracvgg00kzd0a8rh8oa1h,R. Neustädter,,,,,,,,,,,,,,,,,,,,,,,,,,,,,,,,,,,,,,,,,
2526793279,591,3,2,62,32,920raeoumft3q2wmvc296uceo,1,80.2,88.8,2023-04-01T17:37:19.665Z,2023-04-02T11:54:58Z,4156144385,178,,4153909751,233,582,4155047301,464,,4153909743,286,,4153909741,56,Left,,,,,,,,,,5ecklu1u6t21rhh8fh4zoq2cq,A. Zorgane,,,,,,,,,,,,,,,,,,,,,,,,,,,,,,,,,,,,,,,,,
2526793377,592,1,2,62,36,920raeoumft3q2wmvc296uceo,1,98.2,99.9,2023-04-01T17:37:23.818Z,2023-04-02T11:54:57Z,4153910257,56,Left,4153910261,140,88.0,4153910275,213,3.9,4153910271,212,15.2,4153910267,141,84.1,4156144525,178,,,,,,,,5ecklu1u6t21rhh8fh4zoq2cq,A. Zorgane,,,,,,,,,,,,,,,,,,,,,,,,,,,,,,,,,,,,,,,,,
2526793387,593,3,2,62,39,920raeoumft3q2wmvc296uceo,0,90.4,78.5,2023-04-01T17:37:26.784Z,2023-04-02T11:54:55Z,4155047473,465,,4153910313,56,Center,4156144643,178,,4153910315,286,,4153910391,211,,,,,,,,,,,8zz5lnxo7twq8ntb7e0qfvbv9,M. Ilaimaharitra,,,,,,,,,,,,,,,,,,,,,,,,,,,,,,,,,,,,,,,,,
2526793397,583,49,2,62,40,2nhn3ikl1ciq34w3hcp883d6p,1,5.3,28.9,2023-04-01T17:37:28.410Z,2023-04-02T11:54:54Z,,,,,,,,,,,,,,,,,,,,,,,,,5ujoracvgg00kzd0a8rh8oa1h,R. Neustädter,,,,,,,,,,,,,,,,,,,,,,,,,,,,,,,,,,,,,,,,,
2526793497,584,1,2,62,41,2nhn3ikl1ciq34w3hcp883d6p,1,0.9,30.8,2023-04-01T17:37:29.611Z,2023-04-02T11:54:54Z,4153910917,212,13.6,4153910915,141,26.2,4153910911,56,Back,4153910913,140,13.5,4156144883,178,,4153910919,213,6.1,,,,,,,5ujoracvgg00kzd0a8rh8oa1h,R. Neustädter,,,,,,,,,,,,,,,,,,,,,,,,,,,,,,,,,,,,,,,,,
2526793541,585,1,2,62,47,2nhn3ikl1ciq34w3hcp883d6p,0,29.1,16.9,2023-04-01T17:37:34.821Z,2023-04-02T11:54:51Z,4153911179,56,Back,4153911181,140,39.6,4156145119,178,,4153911183,141,26.1,4153911185,212,12.7,4153911187,213,0.5,,,,,,,7xs1rx9jos4ls85u362y9hqeh,N. Madsen,,,,,,,,,,,,,,,,,,,,,,,,,,,,,,,,,,,,,,,,,
2526793567,594,49,2,62,47,920raeoumft3q2wmvc296uceo,1,62.1,83.4,2023-04-01T17:37:35.584Z,2023-04-02T11:54:51Z,,,,,,,,,,,,,,,,,,,,,,,,,3bhmh2ks5ma4rqda9zff6w251,S. Knežević,,,,,,,,,,,,,,,,,,,,,,,,,,,,,,,,,,,,,,,,,
2526793595,595,1,2,62,48,920raeoumft3q2wmvc296uceo,1,63.5,84.6,2023-04-01T17:37:36.398Z,2023-04-02T11:54:50Z,4156145247,178,,4153911495,140,61.9,4153911501,213,3.1,4153911497,141,84.7,4153911499,212,1.7,4153911493,56,Left,,,,,,,3bhmh2ks5ma4rqda9zff6w251,S. Knežević,,,,,,,,,,,,,,,,,,,,,,,,,,,,,,,,,,,,,,,,,
2526793669,596,1,2,62,52,920raeoumft3q2wmvc296uceo,1,68.4,85,2023-04-01T17:37:39.829Z,2023-04-02T11:54:49Z,4153911885,213,2.9,4156145407,178,,4153911879,140,51.7,4153911883,212,17.9,4153911873,56,Left,4153911881,141,90.6,,,,,,,72xzl0yjdetvqp2n1pmzyqvze,A. Hosseinzadeh,,,,,,,,,,,,,,,,,,,,,,,,,,,,,,,,,,,,,,,,,
2526793705,597,1,2,62,55,920raeoumft3q2wmvc296uceo,1,56.7,99.9,2023-04-01T17:37:43.426Z,2023-04-02T11:54:48Z,4153912149,141,94.2,4156145463,178,,4153912145,56,Left,4153912153,213,5.8,4153912151,212,9.0,4153912147,140,64.4,,,,,,,4pbx40gvdmacim2n0k2qt41cl,J. Kayembe,,,,,,,,,,,,,,,,,,,,,,,,,,,,,,,,,,,,,,,,,
2526793769,598,1,2,62,59,920raeoumft3q2wmvc296uceo,1,68.9,99.9,2023-04-01T17:37:46.925Z,2023-04-02T11:54:47Z,4153912503,212,17.9,4153912501,141,79.1,4153912497,56,Left,4153912499,140,58.5,4153912505,213,4.1,4156145529,178,,,,,,,,5ecklu1u6t21rhh8fh4zoq2cq,A. Zorgane,,,,,,,,,,,,,,,,,,,,,,,,,,,,,,,,,,,,,,,,,
2526793899,599,1,2,63,2,920raeoumft3q2wmvc296uceo,1,58.9,78.6,2023-04-01T17:37:50.365Z,2023-04-02T11:54:46Z,4153913227,212,17.4,4153913225,141,76.0,4153913223,140,42.4,4153913221,56,Back,4156145585,178,,4153913229,213,3.2,,,,,,,72xzl0yjdetvqp2n1pmzyqvze,A. Hosseinzadeh,,,,,,,,,,,,,,,,,,,,,,,,,,,,,,,,,,,,,,,,,
2526793919,600,1,2,63,5,920raeoumft3q2wmvc296uceo,1,43.1,85.4,2023-04-01T17:37:52.806Z,2023-04-02T11:54:45Z,4153913333,141,58.8,4156145755,178,,4153913331,140,29.8,4153913337,213,4.1,4153913335,212,22.9,4153913329,56,Back,,,,,,,87d73x3gkomc4soukr5uweqc5,I. Mbenza,,,,,,,,,,,,,,,,,,,,,,,,,,,,,,,,,,,,,,,,,
2526793977,601,1,2,63,7,920raeoumft3q2wmvc296uceo,1,35.3,60.7,2023-04-01T17:37:55.466Z,2023-04-02T11:54:44Z,4153913649,141,45.2,4153913645,56,Back,4156145841,178,,4153913653,213,3.6,4153913647,140,15.2,4153913651,212,23.6,,,,,,,3bhmh2ks5ma4rqda9zff6w251,S. Knežević,,,,,,,,,,,,,,,,,,,,,,,,,,,,,,,,,,,,,,,,,
2526794009,602,1,2,63,12,920raeoumft3q2wmvc296uceo,1,20.2,36.5,2023-04-01T17:37:59.905Z,2023-04-02T11:54:44Z,4153913861,1,,4153913849,141,17.7,4153913843,56,Right,4153913857,213,6.0,4156145935,178,,4153913853,212,40.5,4155049057,155,,4153913847,140,56.8,btyk45f7gmz3ck2dafpp22yg9,H. Koffi,,,,,,,,,,,,,,,,,,,,,,,,,,,,,,,,,,,,,,,,,
2526794051,603,1,2,63,15,920raeoumft3q2wmvc296uceo,0,58.4,17.7,2023-04-01T17:38:02.735Z,2023-04-02T11:54:43Z,4153914035,56,Right,4153914037,140,75.9,4156146009,388,,4153914041,212,18.4,4153914043,213,6.2,4153914039,141,16.2,4153914031,3,,4153914033,168,,14xb29tv90y8uataijmh03rah,D. Heymans,,,,,,,,,,,,,,,,,,,,,,,,,,,,,,,,,,,,,,,,,
2526794081,586,49,2,63,16,2nhn3ikl1ciq34w3hcp883d6p,1,29,87.4,2023-04-01T17:38:04.314Z,2023-04-02T11:54:43Z,,,,,,,,,,,,,,,,,,,,,,,,,9qm1adecprlczxw7ldbpvoi51,E. Jordanov,,,,,,,,,,,,,,,,,,,,,,,,,,,,,,,,,,,,,,,,,
2526794139,587,1,2,63,20,2nhn3ikl1ciq34w3hcp883d6p,1,4.2,87.4,2023-04-01T17:38:08.211Z,2023-04-02T11:54:42Z,4153914505,212,12.0,4153914499,56,Back,4153914507,213,5.5,4156146195,178,,4153914501,140,12.3,4153914503,141,75.0,,,,,,,9qm1adecprlczxw7ldbpvoi51,E. Jordanov,,,,,,,,,,,,,,,,,,,,,,,,,,,,,,,,,,,,,,,,,
2526794159,588,1,2,63,24,2nhn3ikl1ciq34w3hcp883d6p,1,16.1,81.1,2023-04-01T17:38:11.646Z,2023-04-02T11:54:41Z,4156146263,178,,4153914629,213,2.0,4153914621,56,Back,4153914623,140,13.4,4153914625,141,90.2,4153914627,212,6.8,,,,,,,9kywhmzih4xhuz5d1rrxjcpd6,R. Tagir,,,,,,,,,,,,,,,,,,,,,,,,,,,,,,,,,,,,,,,,,
2526794239,589,1,2,63,26,2nhn3ikl1ciq34w3hcp883d6p,1,21.1,93.5,2023-04-01T17:38:13.885Z,2023-04-02T11:54:40Z,4153915047,213,4.1,4153915045,212,28.1,4153915039,56,Back,4153915043,141,60.9,4153915041,140,4.7,4156146309,178,,,,,,,,auqy1bigw2a1owxg441wojzyt,L. Van Eenoo,,,,,,,,,,,,,,,,,,,,,,,,,,,,,,,,,,,,,,,,,
2526794269,590,1,2,63,29,2nhn3ikl1ciq34w3hcp883d6p,1,9.2,59.5,2023-04-01T17:38:17.248Z,2023-04-02T11:54:39Z,4153915261,140,25.2,4153915263,141,19.4,4153915269,1,,4156146379,178,,4153915267,213,5.3,4153915259,56,Back,4153915265,212,32.0,,,,6qlfe04qjldj3rkeeme6gdi39,S. Bolat,,,,,,,,,,,,,,,,,,,,,,,,,,,,,,,,,,,,,,,,,
2526794311,591,1,2,63,32,2nhn3ikl1ciq34w3hcp883d6p,1,21.2,13.6,2023-04-01T17:38:20.321Z,2023-04-02T11:54:39Z,4153915523,213,6.0,4153915521,212,13.1,4153915513,56,Back,4153915515,140,33.3,4153915517,141,8.9,4156146423,178,,,,,,,,e2z19y8is5m24brpa3gzn02qx,B. Reynolds,,,,,,,,,,,,,,,,,,,,,,,,,,,,,,,,,,,,,,,,,
2526794321,592,3,2,63,35,2nhn3ikl1ciq34w3hcp883d6p,0,38.6,7,2023-04-01T17:38:22.778Z,2023-04-02T11:54:38Z,4156153327,178,,4153915571,286,,4153916111,233,604,4155049693,465,,4153915569,56,Back,,,,,,,,,,8hl43dvm1d57g011yacyoooa1,M. Fixelles,,,,,,,,,,,,,,,,,,,,,,,,,,,,,,,,,,,,,,,,,
2526794393,604,7,2,63,35,920raeoumft3q2wmvc296uceo,1,61.4,93,2023-04-01T17:38:22.929Z,2023-04-02T11:54:38Z,4153916065,285,,4156153449,178,,4155049779,383,,4153916063,56,Left,4153916085,233,592,,,,,,,,,,5ecklu1u6t21rhh8fh4zoq2cq,A. Zorgane,,,,,,,,,,,,,,,,,,,,,,,,,,,,,,,,,,,,,,,,,
2526794395,605,49,2,63,35,920raeoumft3q2wmvc296uceo,1,61.1,94.2,2023-04-01T17:38:23.272Z,2023-04-02T11:54:38Z,,,,,,,,,,,,,,,,,,,,,,,,,5ecklu1u6t21rhh8fh4zoq2cq,A. Zorgane,,,,,,,,,,,,,,,,,,,,,,,,,,,,,,,,,,,,,,,,,
2526794635,607,1,2,63,36,920raeoumft3q2wmvc296uceo,1,59.4,94,2023-04-01T17:38:24.157Z,2023-04-02T11:54:37Z,4153917277,213,3.6,4153917269,56,Left,4156153605,178,,4153917275,212,9.2,4153917271,140,51.4,4153917273,141,88.6,,,,,,,5ecklu1u6t21rhh8fh4zoq2cq,A. Zorgane,,,,,,,,,,,,,,,,,,,,,,,,,,,,,,,,,,,,,,,,,
2526794411,606,1,2,63,37,920raeoumft3q2wmvc296uceo,0,50.8,98.6,2023-04-01T17:38:25.525Z,2023-04-02T11:54:36Z,4153916137,1,,4156153675,178,,4153916135,213,6.2,4153916129,140,85.5,4153916131,141,94.5,4153916127,56,Left,4153916133,212,36.5,4153916125,155,,4pbx40gvdmacim2n0k2qt41cl,J. Kayembe,,,,,,,,,,,,,,,,,,,,,,,,,,,,,,,,,,,,,,,,,
2526794417,593,49,2,63,41,2nhn3ikl1ciq34w3hcp883d6p,1,13.6,14.2,2023-04-01T17:38:29.076Z,2023-04-02T11:54:36Z,,,,,,,,,,,,,,,,,,,,,,,,,5ujoracvgg00kzd0a8rh8oa1h,R. Neustädter,,,,,,,,,,,,,,,,,,,,,,,,,,,,,,,,,,,,,,,,,
2526794471,594,1,2,63,42,2nhn3ikl1ciq34w3hcp883d6p,1,7,10.4,2023-04-01T17:38:30.206Z,2023-04-02T11:54:36Z,4153916441,140,4.6,4153916439,56,Back,4156153931,178,,4153916443,141,42.7,4153916447,213,1.7,4153916445,212,22.1,,,,,,,5ujoracvgg00kzd0a8rh8oa1h,R. Neustädter,,,,,,,,,,,,,,,,,,,,,,,,,,,,,,,,,,,,,,,,,
2526794533,595,1,2,63,44,2nhn3ikl1ciq34w3hcp883d6p,1,4.4,40.5,2023-04-01T17:38:32.087Z,2023-04-02T11:54:35Z,4153916783,212,37.8,4156154023,178,,4153916781,141,88.6,4153916779,140,22.4,4153916777,56,Back,4153916791,1,,4153916787,213,1.0,,,,6qlfe04qjldj3rkeeme6gdi39,S. Bolat,,,,,,,,,,,,,,,,,,,,,,,,,,,,,,,,,,,,,,,,,
2526794577,596,1,2,63,48,2nhn3ikl1ciq34w3hcp883d6p,1,30.2,94.5,2023-04-01T17:38:36.409Z,2023-04-02T11:54:35Z,4153916993,56,Back,4153916999,212,13.8,4153917001,213,3.9,4153916997,141,81.1,4156154071,178,,4153916995,140,20.3,,,,,,,9qm1adecprlczxw7ldbpvoi51,E. Jordanov,,,,,,,,,,,,,,,,,,,,,,,,,,,,,,,,,,,,,,,,,
2526794601,597,1,2,63,52,2nhn3ikl1ciq34w3hcp883d6p,1,24.6,80,2023-04-01T17:38:39.999Z,2023-04-02T11:54:34Z,4153917123,140,28.1,4156154091,178,,4153917121,56,Back,4153917129,213,4.9,4153917127,212,16.5,4153917125,141,56.3,,,,,,,9kywhmzih4xhuz5d1rrxjcpd6,R. Tagir,,,,,,,,,,,,,,,,,,,,,,,,,,,,,,,,,,,,,,,,,
2526794703,598,1,2,63,54,2nhn3ikl1ciq34w3hcp883d6p,1,28.7,61.2,2023-04-01T17:38:42.104Z,2023-04-02T11:54:33Z,4153917683,141,41.5,4153917681,140,35.4,4153917679,56,Back,4153917687,213,5.2,4153917685,212,15.1,4156154169,178,,,,,,,,auqy1bigw2a1owxg441wojzyt,L. Van Eenoo,,,,,,,,,,,,,,,,,,,,,,,,,,,,,,,,,,,,,,,,,
2526794739,599,1,2,64,0,2nhn3ikl1ciq34w3hcp883d6p,1,37.5,78.3,2023-04-01T17:38:48.103Z,2023-04-02T11:54:30Z,4153917839,140,42.6,4153917843,212,10.8,4153917841,141,92.1,4153917845,213,1.1,4153917837,56,Back,4156154249,178,,,,,,,,7xs1rx9jos4ls85u362y9hqeh,N. Madsen,,,,,,,,,,,,,,,,,,,,,,,,,,,,,,,,,,,,,,,,,
2526794781,600,1,2,64,2,2nhn3ikl1ciq34w3hcp883d6p,1,45.5,94.6,2023-04-01T17:38:50.107Z,2023-04-02T11:54:29Z,4153918057,213,3.7,4156154291,178,,4153918049,56,Back,4153918055,212,23.8,4153918051,140,26.5,4153918053,141,75.4,,,,,,,9qm1adecprlczxw7ldbpvoi51,E. Jordanov,,,,,,,,,,,,,,,,,,,,,,,,,,,,,,,,,,,,,,,,,
2526794831,601,1,2,64,6,2nhn3ikl1ciq34w3hcp883d6p,1,37,74.2,2023-04-01T17:38:54.275Z,2023-04-02T11:54:28Z,4153918349,140,27.8,4153918355,213,4.3,4156154429,178,,4153918353,212,24.7,4153918351,141,40.7,4153918347,56,Back,,,,,,,9kywhmzih4xhuz5d1rrxjcpd6,R. Tagir,,,,,,,,,,,,,,,,,,,,,,,,,,,,,,,,,,,,,,,,,
2526794903,602,1,2,64,10,2nhn3ikl1ciq34w3hcp883d6p,1,33.4,47.3,2023-04-01T17:38:58.011Z,2023-04-02T11:54:27Z,4153918725,141,85.7,4153918727,212,26.3,4153918729,213,1.5,4156154637,178,,4153918723,140,36.3,4153918721,56,Back,,,,,,,5ujoracvgg00kzd0a8rh8oa1h,R. Neustädter,,,,,,,,,,,,,,,,,,,,,,,,,,,,,,,,,,,,,,,,,
2526794955,603,1,2,64,14,2nhn3ikl1ciq34w3hcp883d6p,0,41.7,87.2,2023-04-01T17:39:02.506Z,2023-04-02T11:54:25Z,4153918997,213,0.0,4153918995,212,34.4,4156154671,178,,4153918989,56,Left,4153918993,141,89.0,4153918987,155,,4153918991,140,74.4,4153918999,1,,7xs1rx9jos4ls85u362y9hqeh,N. Madsen,,,,,,,,,,,,,,,,,,,,,,,,,,,,,,,,,,,,,,,,,
2526795043,610,49,2,64,17,920raeoumft3q2wmvc296uceo,1,25.6,11.7,2023-04-01T17:39:04.950Z,2023-04-02T11:54:25Z,,,,,,,,,,,,,,,,,,,,,,,,,ae26s08xs4l50sfm0r6jbsley,S. Andreou,,,,,,,,,,,,,,,,,,,,,,,,,,,,,,,,,,,,,,,,,
2526795023,608,43,2,64,19,920raeoumft3q2wmvc296uceo,1,0,0,2023-04-01T17:39:07.177Z,2023-04-01T17:39:43Z,4153922339,144,1,4153919389,212,4.7,4153919385,140,22.5,4153919387,141,12.3,4153919383,56,Back,4153919391,213,5.3,,,,,,,ae26s08xs4l50sfm0r6jbsley,S. Andreou,,,,,,,,,,,,,,,,,,,,,,,,,,,,,,,,,,,,,,,,,
2526795053,611,3,2,64,20,920raeoumft3q2wmvc296uceo,0,28.6,5.7,2023-04-01T17:39:07.771Z,2023-04-02T11:54:24Z,4153920647,233,604,4155051515,464,,4153919551,56,Back,4153919553,285,,4156154983,178,,,,,,,,,,,ae26s08xs4l50sfm0r6jbsley,S. Andreou,,,,,,,,,,,,,,,,,,,,,,,,,,,,,,,,,,,,,,,,,
2526795019,604,7,2,64,20,2nhn3ikl1ciq34w3hcp883d6p,0,71.4,94.3,2023-04-01T17:39:07.849Z,2023-04-02T11:54:23Z,4155051631,385,,4156155033,178,,4153919363,286,,4153919361,56,Left,4153919613,233,611,,,,,,,,,,9qm1adecprlczxw7ldbpvoi51,E. Jordanov,,,,,,,,,,,,,,,,,,,,,,,,,,,,,,,,,,,,,,,,,
2526795041,609,43,2,64,21,920raeoumft3q2wmvc296uceo,1,0,0,2023-04-01T17:39:08.760Z,2023-04-01T17:39:55Z,4153919491,141,15.6,4153919487,56,Back,4153919493,212,4.4,4153923091,144,1,4153919489,140,19.1,4153919495,213,2.6,,,,,,,39bcswfqnpa07b4afevezejo4,J. Tchatchoua,,,,,,,,,,,,,,,,,,,,,,,,,,,,,,,,,,,,,,,,,
2526795127,612,1,2,64,21,920raeoumft3q2wmvc296uceo,0,26.9,4,2023-04-01T17:39:08.860Z,2023-04-02T11:54:23Z,4153919953,56,Right,4153919951,157,,4153919959,212,37.9,4153919957,141,8.3,4156155263,178,,4153919961,213,0.1,4153919955,140,62.9,4153919963,1,,39bcswfqnpa07b4afevezejo4,J. Tchatchoua,,,,,,,,,,,,,,,,,,,,,,,,,,,,,,,,,,,,,,,,,
2526795125,605,49,2,64,26,2nhn3ikl1ciq34w3hcp883d6p,1,40.2,94.6,2023-04-01T17:39:14.203Z,2023-04-02T11:54:23Z,4155052091,189,,,,,,,,,,,,,,,,,,,,,,,9kywhmzih4xhuz5d1rrxjcpd6,R. Tagir,,,,,,,,,,,,,,,,,,,,,,,,,,,,,,,,,,,,,,,,,
2526795205,606,1,2,64,27,2nhn3ikl1ciq34w3hcp883d6p,1,41.3,94.4,2023-04-01T17:39:14.865Z,2023-04-02T11:54:22Z,4156155529,178,,4153920423,213,6.2,4153920411,141,94.2,4153920405,140,43.9,4153920401,56,Back,4153920417,212,2.7,,,,,,,9kywhmzih4xhuz5d1rrxjcpd6,R. Tagir,,,,,,,,,,,,,,,,,,,,,,,,,,,,,,,,,,,,,,,,,
2526795289,607,1,2,64,32,2nhn3ikl1ciq34w3hcp883d6p,1,36.7,80.6,2023-04-01T17:39:20.061Z,2023-04-02T11:54:21Z,4153920953,56,Back,4153920951,196,,4153920959,212,48.5,4156155601,178,,4153920957,141,10.1,4153920949,155,,4153920961,213,4.6,4153920955,140,29.8,7xs1rx9jos4ls85u362y9hqeh,N. Madsen,4153920963,1,,,,,,,,,,,,,,,,,,,,,,,,,,,,,,,,,,,,,,,
2526795291,608,3,2,64,37,2nhn3ikl1ciq34w3hcp883d6p,0,31.9,4.9,2023-04-01T17:39:24.709Z,2023-04-02T11:54:20Z,4155052553,464,,4156155755,178,,4157147127,285,,4153920969,56,Back,4153921277,233,613,,,,,,,,,,e2z19y8is5m24brpa3gzn02qx,B. Reynolds,,,,,,,,,,,,,,,,,,,,,,,,,,,,,,,,,,,,,,,,,
2526795333,613,7,2,64,37,920raeoumft3q2wmvc296uceo,1,68.1,95.1,2023-04-01T17:39:25.452Z,2023-04-02T11:54:20Z,4153921171,56,Left,4156155803,178,,4157147097,286,,4153921169,167,,4155052697,385,,4153921249,233,608,,,,,,,dqazrm2wmu9zqpvp8xbeeb7jd,V. Bayo,,,,,,,,,,,,,,,,,,,,,,,,,,,,,,,,,,,,,,,,,
2526795621,609,5,2,64,40,2nhn3ikl1ciq34w3hcp883d6p,1,38.2,-1.4,2023-04-01T17:39:27.818Z,2023-04-02T05:21:17Z,4153922793,56,Back,4153922897,233,614,4153922795,347,,,,,,,,,,,,,,,,,e2z19y8is5m24brpa3gzn02qx,B. Reynolds,,,,,,,,,,,,,,,,,,,,,,,,,,,,,,,,,,,,,,,,,
2526795343,614,5,2,64,40,920raeoumft3q2wmvc296uceo,0,61.8,101.4,2023-04-01T17:39:27.818Z,2023-04-02T05:21:17Z,4153921239,347,,4153921237,56,Left,4153922931,233,609,,,,,,,,,,,,,,,,dqazrm2wmu9zqpvp8xbeeb7jd,V. Bayo,,,,,,,,,,,,,,,,,,,,,,,,,,,,,,,,,,,,,,,,,
2526795629,610,18,2,65,1,2nhn3ikl1ciq34w3hcp883d6p,1,0,0,2023-04-01T17:39:49.024Z,2023-04-02T05:21:23Z,4153922825,59,14,4153922823,44,Forward,4153922821,42,,4153922853,55,611,,,,,,,,,,,,,12c7rhdjh6rja1d2j45n3exyi,K. Vaesen,,,,,,,,,,,,,,,,,,,,,,,,,,,,,,,,,,,,,,,,,
2526795635,611,19,2,65,1,2nhn3ikl1ciq34w3hcp883d6p,1,0,0,2023-04-01T17:39:49.025Z,2023-04-02T05:21:24Z,4153922849,55,610,4153922839,42,,4153922843,145,9,4153922845,59,45,4153944905,292,0,4153922847,44,Midfielder,4153944907,293,0,,,,96xomdtz505yoaz35i5bb8f84,N. Dorgeles,,,,,,,,,,,,,,,,,,,,,,,,,,,,,,,,,,,,,,,,,
2526795797,612,18,2,65,5,2nhn3ikl1ciq34w3hcp883d6p,1,0,0,2023-04-01T17:39:52.743Z,2023-04-02T05:21:31Z,4153923591,44,Midfielder,4153923593,59,8,4153923661,55,613,4153923589,42,,,,,,,,,,,,,,7xs1rx9jos4ls85u362y9hqeh,N. Madsen,,,,,,,,,,,,,,,,,,,,,,,,,,,,,,,,,,,,,,,,,
2526795801,613,19,2,65,5,2nhn3ikl1ciq34w3hcp883d6p,1,0,0,2023-04-01T17:39:52.744Z,2023-04-02T05:21:31Z,4153923619,145,4,4153944645,293,0,4153923623,44,Midfielder,4153923621,59,5,4153944643,292,0,4153923615,42,,4153923627,55,612,,,,2j8y06wuinnx87eetadj55zo5,N. Chadli,,,,,,,,,,,,,,,,,,,,,,,,,,,,,,,,,,,,,,,,,
2526795907,614,1,2,65,17,2nhn3ikl1ciq34w3hcp883d6p,1,42.5,0,2023-04-01T17:40:05.495Z,2023-04-02T11:54:20Z,4153924129,212,35.2,4153924123,56,Back,4153924121,107,,4153924125,140,34.2,4153924133,1,,4153924131,213,1.8,4153924127,141,48.5,,,,e2z19y8is5m24brpa3gzn02qx,B. Reynolds,,,,,,,,,,,,,,,,,,,,,,,,,,,,,,,,,,,,,,,,,
2526795971,615,1,2,65,22,2nhn3ikl1ciq34w3hcp883d6p,1,35.8,47.8,2023-04-01T17:40:10.311Z,2023-04-02T11:54:19Z,4153924505,140,44.9,4153924507,141,55.2,4153924511,213,0.5,4153924509,212,10.8,4156156305,178,,4153924503,56,Back,,,,,,,9kywhmzih4xhuz5d1rrxjcpd6,R. Tagir,,,,,,,,,,,,,,,,,,,,,,,,,,,,,,,,,,,,,,,,,
2526796005,616,1,2,65,25,2nhn3ikl1ciq34w3hcp883d6p,1,44.1,48.9,2023-04-01T17:40:13.242Z,2023-04-02T11:54:18Z,4156156367,178,,4153924679,140,43.7,4153924683,212,16.7,4153924681,141,24.3,4153924685,213,4.7,4153924677,56,Back,,,,,,,f03fccqnepjczr841h0zqdeui,Y. Matsuo,,,,,,,,,,,,,,,,,,,,,,,,,,,,,,,,,,,,,,,,,
2526796017,617,1,2,65,28,2nhn3ikl1ciq34w3hcp883d6p,0,50.5,28.9,2023-04-01T17:40:16.272Z,2023-04-02T11:54:17Z,4153924751,213,0.2,4153924747,141,35.1,4156156459,178,,4153924745,140,70.8,4153924741,155,,4153924743,56,Center,4153924749,212,21.7,,,,8hl43dvm1d57g011yacyoooa1,M. Fixelles,,,,,,,,,,,,,,,,,,,,,,,,,,,,,,,,,,,,,,,,,
2526796035,615,1,2,65,29,920raeoumft3q2wmvc296uceo,0,25.8,66.4,2023-04-01T17:40:17.618Z,2023-04-02T11:54:16Z,4153924825,213,5.5,4153924819,140,29.0,4153924817,56,Back,4153924823,212,4.9,4156156625,388,,4153924821,141,61.1,,,,,,,3bhmh2ks5ma4rqda9zff6w251,S. Knežević,,,,,,,,,,,,,,,,,,,,,,,,,,,,,,,,,,,,,,,,,
2526796117,618,1,2,65,32,2nhn3ikl1ciq34w3hcp883d6p,1,73.8,24.5,2023-04-01T17:40:20.130Z,2023-04-02T11:54:15Z,4153925237,212,8.1,4153928851,154,,4153925235,141,27.4,4153925233,140,81.3,4153925231,56,Center,4153925239,213,0.2,4153928849,210,15,4156156753,178,,f03fccqnepjczr841h0zqdeui,Y. Matsuo,,,,1,,,,,,,,,,,,,,,,,,,,,,,,,,,,,,,,,,,,,
2526796127,619,15,2,65,35,2nhn3ikl1ciq34w3hcp883d6p,1,93,42.4,2023-04-01T17:40:23.293Z,2023-04-02T11:54:13Z,4153928953,100,,4153928951,215,,4156676151,17,,4153928957,147,39.2,4153927719,20,,4153928959,230,96.5,4153925281,56,Center,4156156911,178,,96xomdtz505yoaz35i5bb8f84,N. Dorgeles,4153927745,233,616,,4153925277,22,,4153928947,102,4153928943,55,618,4153928939,29,4153928941,154,4153928955,146,97.2,4153928937,80,,46.2,,,,4153928961,231,4153928949,103,19,4153927723,82,,43.1,,,,,,
2526796169,616,10,2,65,35,920raeoumft3q2wmvc296uceo,1,1.9,60.1,2023-04-01T17:40:23.376Z,2023-04-02T11:54:12Z,4156157089,178,,4153925485,56,Back,4153927769,233,619,4153925481,94,,,,,,,,,,,,,,ae26s08xs4l50sfm0r6jbsley,S. Andreou,,,,,,,,,,,,,,,,,,,,,,,,,,,,,,,,,,,,,,,,,
2526796197,617,49,2,65,37,920raeoumft3q2wmvc296uceo,1,3.8,71.6,2023-04-01T17:40:25.386Z,2023-04-02T11:54:12Z,,,,,,,,,,,,,,,,,,,,,,,,,87d73x3gkomc4soukr5uweqc5,I. Mbenza,,,,,,,,,,,,,,,,,,,,,,,,,,,,,,,,,,,,,,,,,
2526796231,618,1,2,65,39,920raeoumft3q2wmvc296uceo,1,3.3,79.1,2023-04-01T17:40:26.717Z,2023-04-02T11:54:11Z,4153925809,213,0.2,4153925805,141,85.9,4156157251,178,,4153925803,140,22.9,4153925801,56,Back,4153925807,212,21.1,,,,,,,87d73x3gkomc4soukr5uweqc5,I. Mbenza,,,,,,,,,,,,,,,,,,,,,,,,,,,,,,,,,,,,,,,,,
2526796247,619,1,2,65,40,920raeoumft3q2wmvc296uceo,1,13.5,91.1,2023-04-01T17:40:28.503Z,2023-04-02T11:54:11Z,4153925887,56,Back,4156157331,178,,4153925893,212,6.7,4153925891,141,81.4,4153925895,213,4.9,4155055689,189,,4153925889,140,14.8,,,,5ecklu1u6t21rhh8fh4zoq2cq,A. Zorgane,,,,,,,,,,,,,,,,,,,,,,,,,,,,,,,,,,,,,,,,,
2526796257,620,1,2,65,42,920raeoumft3q2wmvc296uceo,1,10.7,82.5,2023-04-01T17:40:29.695Z,2023-04-02T11:54:10Z,4153925945,140,23.1,4156157425,178,,4153925953,213,0.5,4153925947,141,93.0,4153925949,212,14.8,4153925943,56,Back,,,,,,,87d73x3gkomc4soukr5uweqc5,I. Mbenza,,,,,,,,,,,,,,,,,,,,,,,,,,,,,,,,,,,,,,,,,
2526796327,621,1,2,65,42,920raeoumft3q2wmvc296uceo,1,14,94.5,2023-04-01T17:40:30.574Z,2023-04-02T11:54:10Z,4153926357,56,Back,4156157503,178,,4153926363,212,14.7,4153926361,141,83.6,4153926365,213,5.8,4153926359,140,26.1,,,,,,,5ecklu1u6t21rhh8fh4zoq2cq,A. Zorgane,,,,,,,,,,,,,,,,,,,,,,,,,,,,,,,,,,,,,,,,,
2526796331,622,1,2,65,46,920raeoumft3q2wmvc296uceo,0,32.8,99.9,2023-04-01T17:40:34.529Z,2023-04-02T11:54:08Z,4153926381,213,4.7,4153926373,56,Back,4153926427,236,,4153926377,141,95.0,4153926375,140,32.9,4156157659,178,,4153926379,212,3.3,4153926433,286,,87d73x3gkomc4soukr5uweqc5,I. Mbenza,4153926429,233,620,,,,,,,,,,,,,,,,,,,,,,,,,,,,,,,,,,,,,,
2526796329,620,74,2,65,46,2nhn3ikl1ciq34w3hcp883d6p,1,68.3,0.1,2023-04-01T17:40:34.581Z,2023-04-02T11:54:08Z,4153926371,285,,4153926369,56,Right,4156157755,178,,4153926437,233,622,,,,,,,,,,,,,e2z19y8is5m24brpa3gzn02qx,B. Reynolds,,,,,,,,,,,,,,,,,,,,,,,,,,,,,,,,,,,,,,,,,
2526796351,623,61,2,65,47,920raeoumft3q2wmvc296uceo,1,32.9,99.9,2023-04-01T17:40:34.707Z,2023-04-02T11:54:07Z,4156160189,178,,4153926485,56,Back,,,,,,,,,,,,,,,,,,,87d73x3gkomc4soukr5uweqc5,I. Mbenza,,,,,,,,,,,,,,,,,,,,,,,,,,,,,,,,,,,,,,,,,
2526796377,621,5,2,65,47,2nhn3ikl1ciq34w3hcp883d6p,1,64.4,-1.8,2023-04-01T17:40:35.191Z,2023-04-02T05:24:44Z,4153926651,56,Right,4153926653,347,,4153926689,233,624,,,,,,,,,,,,,,,,e2z19y8is5m24brpa3gzn02qx,B. Reynolds,,,,,,,,,,,,,,,,,,,,,,,,,,,,,,,,,,,,,,,,,
2526796373,624,5,2,65,47,920raeoumft3q2wmvc296uceo,0,35.6,101.8,2023-04-01T17:40:35.191Z,2023-04-02T05:24:45Z,4153926695,233,621,4153926615,56,Back,4153926619,347,,,,,,,,,,,,,,,,,87d73x3gkomc4soukr5uweqc5,I. Mbenza,,,,,,,,,,,,,,,,,,,,,,,,,,,,,,,,,,,,,,,,,
2526796379,622,1,2,65,51,2nhn3ikl1ciq34w3hcp883d6p,0,69.2,0,2023-04-01T17:40:38.703Z,2023-04-02T11:54:07Z,4153926665,212,10.6,4153926659,56,Right,4153926667,213,1.0,4153926657,107,,4153926663,141,11.0,4153926661,140,74.9,,,,,,,e2z19y8is5m24brpa3gzn02qx,B. Reynolds,,,,,,,,,,,,,,,,,,,,,,,,,,,,,,,,,,,,,,,,,
2526796391,625,8,2,65,52,920raeoumft3q2wmvc296uceo,1,22.2,94.9,2023-04-01T17:40:39.827Z,2023-04-02T11:54:07Z,4155056197,383,,4156160671,178,,4153926703,56,Back,,,,,,,,,,,,,,,,4pbx40gvdmacim2n0k2qt41cl,J. Kayembe,,,,,,,,,,,,,,,,,,,,,,,,,,,,,,,,,,,,,,,,,
2526796409,626,49,2,65,52,920raeoumft3q2wmvc296uceo,1,23.5,97,2023-04-01T17:40:40.502Z,2023-04-02T11:54:06Z,,,,,,,,,,,,,,,,,,,,,,,,,4pbx40gvdmacim2n0k2qt41cl,J. Kayembe,,,,,,,,,,,,,,,,,,,,,,,,,,,,,,,,,,,,,,,,,
2526796435,627,1,2,65,53,920raeoumft3q2wmvc296uceo,1,23.8,97.5,2023-04-01T17:40:40.712Z,2023-04-02T11:54:06Z,4153926933,213,5.4,4153926927,140,39.4,4153926931,212,24.9,4156160841,178,,4153926925,56,Back,4153926929,141,69.9,,,,,,,4pbx40gvdmacim2n0k2qt41cl,J. Kayembe,,,,,,,,,,,,,,,,,,,,,,,,,,,,,,,,,,,,,,,,,
2526796517,628,1,2,65,55,920raeoumft3q2wmvc296uceo,1,41.3,73.9,2023-04-01T17:40:43.530Z,2023-04-02T11:54:05Z,4153927385,212,11.6,4153927375,140,32.6,4153927369,56,Back,4153927389,213,3.8,4153927381,141,63.3,4156160923,178,,,,,,,,dqazrm2wmu9zqpvp8xbeeb7jd,V. Bayo,,,,,,,,,,,,,,,,,,,,,,,,,,,,,,,,,,,,,,,,,
2526796583,629,1,2,66,2,920raeoumft3q2wmvc296uceo,1,55,18.6,2023-04-01T17:40:49.925Z,2023-04-02T11:54:03Z,4153927697,140,61.2,4153927703,213,5.7,4153927695,56,Right,4156161047,178,,4153927701,212,7.6,4153927699,141,12.8,,,,,,,72xzl0yjdetvqp2n1pmzyqvze,A. Hosseinzadeh,,,,,,,,,,,,,,,,,,,,,,,,,,,,,,,,,,,,,,,,,
2526796613,630,1,2,66,6,920raeoumft3q2wmvc296uceo,1,68.4,9.7,2023-04-01T17:40:54.203Z,2023-04-02T11:54:02Z,4153927803,56,Center,4153927809,212,8.9,4153927807,141,22.5,4156161147,178,,4153927811,213,1.8,4153927805,140,66.8,,,,,,,39bcswfqnpa07b4afevezejo4,J. Tchatchoua,,,,,,,,,,,,,,,,,,,,,,,,,,,,,,,,,,,,,,,,,
2526796637,631,1,2,66,7,920raeoumft3q2wmvc296uceo,1,67.1,16.6,2023-04-01T17:40:54.953Z,2023-04-02T11:54:01Z,4153927949,212,7.0,4153927943,56,Right,4156161303,178,,4153927945,140,71.5,4153927947,141,8.9,4153927951,213,5.4,,,,,,,14xb29tv90y8uataijmh03rah,D. Heymans,,,,,,,,,,,,,,,,,,,,,,,,,,,,,,,,,,,,,,,,,
2526796669,632,1,2,66,9,920raeoumft3q2wmvc296uceo,1,71.2,1.3,2023-04-01T17:40:56.760Z,2023-04-02T11:54:01Z,4153928155,140,63.6,4153928161,213,2.1,4153928159,212,15.5,4153928157,141,20.9,4156161505,178,,4153928153,56,Right,,,,,,,72xzl0yjdetvqp2n1pmzyqvze,A. Hosseinzadeh,,,,,,,,,,,,,,,,,,,,,,,,,,,,,,,,,,,,,,,,,
2526796719,633,1,2,66,13,920raeoumft3q2wmvc296uceo,1,63.5,24.3,2023-04-01T17:41:00.728Z,2023-04-02T11:53:59Z,4153928479,140,55.8,4153928481,141,60.6,4153928483,212,26.0,4153928485,213,1.9,4156161579,178,,4153928477,56,Center,,,,,,,8zz5lnxo7twq8ntb7e0qfvbv9,M. Ilaimaharitra,,,,,,,,,,,,,,,,,,,,,,,,,,,,,,,,,,,,,,,,,
2526796751,634,1,2,66,16,920raeoumft3q2wmvc296uceo,1,57.5,69.7,2023-04-01T17:41:04.386Z,2023-04-02T11:53:58Z,4153928645,212,16.9,4153928647,213,1.5,4156161633,178,,4153928643,141,94.5,4153928639,56,Left,4153928641,140,58.8,,,,,,,4pbx40gvdmacim2n0k2qt41cl,J. Kayembe,,,,,,,,,,,,,,,,,,,,,,,,,,,,,,,,,,,,,,,,,
2526796823,635,1,2,66,19,920raeoumft3q2wmvc296uceo,1,64.4,98.2,2023-04-01T17:41:06.886Z,2023-04-02T11:53:57Z,4153928967,140,62.3,4153928973,213,4.5,4153928965,56,Left,4153928969,141,80.8,4153928971,212,12.0,4156161707,178,,,,,,,,87d73x3gkomc4soukr5uweqc5,I. Mbenza,,,,,,,,,,,,,,,,,,,,,,,,,,,,,,,,,,,,,,,,,
2526796825,636,1,2,66,20,920raeoumft3q2wmvc296uceo,1,66.9,82.6,2023-04-01T17:41:08.326Z,2023-04-02T11:53:57Z,4156161773,178,,4153928979,140,58.5,4153928983,212,13.1,4153928981,141,68.4,4153928985,213,4.0,4153928977,56,Center,,,,,,,5ecklu1u6t21rhh8fh4zoq2cq,A. Zorgane,,,,,,,,,,,,,,,,,,,,,,,,,,,,,,,,,,,,,,,,,
2526796839,637,1,2,66,22,920raeoumft3q2wmvc296uceo,1,63.8,65.1,2023-04-01T17:41:09.717Z,2023-04-02T11:53:56Z,4153929057,212,7.0,4156161923,178,,4153929055,141,75.4,4153929053,140,63.2,4153929051,56,Center,4153929059,213,1.7,,,,,,,8zz5lnxo7twq8ntb7e0qfvbv9,M. Ilaimaharitra,,,,,,,,,,,,,,,,,,,,,,,,,,,,,,,,,,,,,,,,,
2526796847,638,1,2,66,23,920raeoumft3q2wmvc296uceo,1,73.5,69.3,2023-04-01T17:41:11.266Z,2023-04-02T11:53:56Z,4153929105,141,67.6,4153929107,212,3.1,4156162009,178,,4153929109,213,5.9,4153929101,56,Center,4153929103,140,76.2,,,,,,,5ecklu1u6t21rhh8fh4zoq2cq,A. Zorgane,,,,,,,,,,,,,,,,,,,,,,,,,,,,,,,,,,,,,,,,,
2526796869,639,1,2,66,25,920raeoumft3q2wmvc296uceo,0,80.5,61.9,2023-04-01T17:41:13.257Z,2023-04-02T11:53:54Z,4153929229,212,4.2,4153929223,56,Center,4153929225,140,79.4,4156162105,178,,4153929227,141,56.0,4153929231,213,4.4,,,,,,,dqazrm2wmu9zqpvp8xbeeb7jd,V. Bayo,,,,,,,,,,,,,,,,,,,,,,,,,,,,,,,,,,,,,,,,,
2526796867,623,49,2,66,26,2nhn3ikl1ciq34w3hcp883d6p,1,17.7,45.4,2023-04-01T17:41:14.453Z,2023-04-02T11:53:54Z,,,,,,,,,,,,,,,,,,,,,,,,,9kywhmzih4xhuz5d1rrxjcpd6,R. Tagir,,,,,,,,,,,,,,,,,,,,,,,,,,,,,,,,,,,,,,,,,
2526796885,624,1,2,66,28,2nhn3ikl1ciq34w3hcp883d6p,1,27.8,47.2,2023-04-01T17:41:16.519Z,2023-04-02T11:53:52Z,4155057637,140,33.5,4153929335,56,Back,4155057641,212,6.2,4156162285,178,,4155057643,213,0.2,4155057639,141,49.3,,,,,,,9kywhmzih4xhuz5d1rrxjcpd6,R. Tagir,,,,,,,,,,,,,,,,,,,,,,,,,,,,,,,,,,,,,,,,,
2526796921,640,43,2,66,29,920raeoumft3q2wmvc296uceo,1,0,0,2023-04-01T17:41:16.746Z,2023-04-01T22:06:21Z,4153929511,233,624,4155057703,144,7,4153929507,56,Center,4153929509,286,0,,,,,,,,,,,,,dqazrm2wmu9zqpvp8xbeeb7jd,V. Bayo,,,,,,,,,,,,,,,,,,,,,,,,,,,,,,,,,,,,,,,,,
2526796939,625,1,2,66,30,2nhn3ikl1ciq34w3hcp883d6p,1,37.8,47.7,2023-04-01T17:41:18.101Z,2023-04-02T11:53:52Z,4153929601,141,44.6,4156162341,178,,4153929597,56,Back,4153929603,212,7.8,4153929599,140,45.0,4153929605,213,6.0,,,,,,,f03fccqnepjczr841h0zqdeui,Y. Matsuo,,,,,,,,,,,,,,,,,,,,,,,,,,,,,,,,,,,,,,,,,
2526797005,626,1,2,66,32,2nhn3ikl1ciq34w3hcp883d6p,0,46.7,42.5,2023-04-01T17:41:20.122Z,2023-04-02T11:53:51Z,4153930023,212,45.8,4156162443,178,,4153930021,141,17.0,4153930019,140,87.1,4153930017,56,Right,4153930027,1,,4153930025,213,5.9,4153930015,155,,2j8y06wuinnx87eetadj55zo5,N. Chadli,,,,,,,,,,,,,,,,,,,,,,,,,,,,,,,,,,,,,,,,,
2527001509,869,59,2,66,36,920raeoumft3q2wmvc296uceo,1,0,0,2023-04-01T17:41:24.197Z,2023-04-02T11:53:50Z,4155058299,56,Back,,,,,,,,,,,,,,,,,,,,,,btyk45f7gmz3ck2dafpp22yg9,H. Koffi,,,,,,,,,,,,,,,,,,,,,,,,,,,,,,,,,,,,,,,,,
2526797023,641,49,2,66,36,920raeoumft3q2wmvc296uceo,1,9.5,78.6,2023-04-01T17:41:24.230Z,2023-04-02T11:53:50Z,,,,,,,,,,,,,,,,,,,,,,,,,btyk45f7gmz3ck2dafpp22yg9,H. Koffi,,,,,,,,,,,,,,,,,,,,,,,,,,,,,,,,,,,,,,,,,
2526797127,642,1,2,66,41,920raeoumft3q2wmvc296uceo,1,23.5,99.4,2023-04-01T17:41:29.361Z,2023-04-02T11:53:48Z,4153930737,56,Back,4153930745,213,4.6,4153930741,141,66.6,4153930739,140,20.4,4153930743,212,22.5,4156162727,178,,,,,,,,btyk45f7gmz3ck2dafpp22yg9,H. Koffi,,,,,,,,,,,,,,,,,,,,,,,,,,,,,,,,,,,,,,,,,
2526797169,643,1,2,66,46,920raeoumft3q2wmvc296uceo,1,21,61.1,2023-04-01T17:41:34.007Z,2023-04-02T11:53:47Z,4153930943,56,Back,4153930949,212,12.6,4153930951,213,1.0,4153930947,141,76.7,4156162759,178,,4153930945,140,27.5,,,,,,,3bhmh2ks5ma4rqda9zff6w251,S. Knežević,,,,,,,,,,,,,,,,,,,,,,,,,,,,,,,,,,,,,,,,,
2526797235,644,1,2,66,49,920raeoumft3q2wmvc296uceo,1,28.1,91.7,2023-04-01T17:41:36.904Z,2023-04-02T11:53:46Z,4153931283,140,38.3,4153931281,56,Back,4153931287,212,18.2,4153931285,141,70.0,4153931289,213,5.3,4156162871,178,,,,,,,,4pbx40gvdmacim2n0k2qt41cl,J. Kayembe,,,,,,,,,,,,,,,,,,,,,,,,,,,,,,,,,,,,,,,,,
2526797381,645,1,2,66,52,920raeoumft3q2wmvc296uceo,1,42.1,89.2,2023-04-01T17:41:40.251Z,2023-04-02T11:53:45Z,4153931967,213,2.9,4153931965,212,2.5,4153931963,141,89.9,4153931961,140,39.8,4156163037,178,,4153931957,56,Back,,,,,,,8zz5lnxo7twq8ntb7e0qfvbv9,M. Ilaimaharitra,,,,,,,,,,,,,,,,,,,,,,,,,,,,,,,,,,,,,,,,,
2526797457,646,1,2,66,59,920raeoumft3q2wmvc296uceo,1,52,96.9,2023-04-01T17:41:47.486Z,2023-04-02T11:53:42Z,4153932381,212,1.7,4153932383,213,4.1,4153932379,141,94.8,4156163103,178,,4153932377,140,51.1,4153932375,56,Left,,,,,,,87d73x3gkomc4soukr5uweqc5,I. Mbenza,,,,,,,,,,,,,,,,,,,,,,,,,,,,,,,,,,,,,,,,,
2526797569,647,1,2,67,4,920raeoumft3q2wmvc296uceo,1,44.9,94,2023-04-01T17:41:51.852Z,2023-04-02T11:53:41Z,4153933003,213,4.1,4153933001,212,36.3,4153932999,141,50.9,4153932997,140,24.5,4153933005,1,,4156163113,178,,4153932995,56,Back,,,,5ecklu1u6t21rhh8fh4zoq2cq,A. Zorgane,,,,,,,,,,,,,,,,,,,,,,,,,,,,,,,,,,,,,,,,,
2526797607,648,1,2,67,8,920raeoumft3q2wmvc296uceo,1,23.7,42.7,2023-04-01T17:41:55.984Z,2023-04-02T11:53:40Z,4153933175,212,11.0,4153933157,56,Back,4153933179,213,4.3,4153933167,140,19.9,4153933171,141,27.6,4156163415,178,,,,,,,,3bhmh2ks5ma4rqda9zff6w251,S. Knežević,,,,,,,,,,,,,,,,,,,,,,,,,,,,,,,,,,,,,,,,,
2526797637,649,1,2,67,10,920raeoumft3q2wmvc296uceo,1,21.4,23.5,2023-04-01T17:41:58.071Z,2023-04-02T11:53:40Z,4153933325,140,29.0,4156163469,178,,4153933331,213,0.3,4153933327,141,27.4,4153933329,212,8.4,4153933323,56,Back,,,,,,,btyk45f7gmz3ck2dafpp22yg9,H. Koffi,,,,,,,,,,,,,,,,,,,,,,,,,,,,,,,,,,,,,,,,,
2526797651,650,1,2,67,11,920raeoumft3q2wmvc296uceo,1,30.5,30.9,2023-04-01T17:41:59.350Z,2023-04-02T11:53:40Z,4153933401,213,2.7,4153933395,140,19.6,4153933397,141,39.5,4156163549,178,,4153933399,212,12.9,4153933393,56,Back,,,,,,,72xzl0yjdetvqp2n1pmzyqvze,A. Hosseinzadeh,,,,,,,,,,,,,,,,,,,,,,,,,,,,,,,,,,,,,,,,,
2526797681,651,1,2,67,12,920raeoumft3q2wmvc296uceo,0,19,43.7,2023-04-01T17:42:00.440Z,2023-04-02T11:53:39Z,4153933569,141,9.5,4156163609,178,,4153933557,157,,4153933577,213,5.8,4153933561,56,Right,4153933573,212,53.0,4153933565,140,64.4,4153933579,1,,3bhmh2ks5ma4rqda9zff6w251,S. Knežević,,,,,,,,,,,,,,,,,,,,,,,,,,,,,,,,,,,,,,,,,
2526797709,627,1,2,67,15,2nhn3ikl1ciq34w3hcp883d6p,0,43.6,89.9,2023-04-01T17:42:03.599Z,2023-04-02T11:53:39Z,4153933777,213,4.8,4153933775,212,9.5,4153933771,140,44.7,4153933773,141,76.1,4153933765,3,,4153933767,56,Back,4156163893,388,,,,,9qm1adecprlczxw7ldbpvoi51,E. Jordanov,,,,,,,,,,,,,,,,,,,,,,,,,,,,,,,,,,,,,,,,,
2526797815,652,1,2,67,20,920raeoumft3q2wmvc296uceo,1,57.9,22.4,2023-04-01T17:42:07.657Z,2023-04-02T11:53:38Z,4153934319,56,Center,4156163911,178,,4153934323,141,22.4,4153934321,140,53.5,4153934325,212,4.6,4153934327,213,3.1,,,,,,,14xb29tv90y8uataijmh03rah,D. Heymans,,,,,,,,,,,,,,,,,,,,,,,,,,,,,,,,,,,,,,,,,
2526797851,653,1,2,67,21,920raeoumft3q2wmvc296uceo,1,52.8,20.9,2023-04-01T17:42:09.624Z,2023-04-02T11:53:37Z,4153934513,140,53.3,4153934511,56,Right,4153934519,213,4.8,4156164091,178,,4153934517,212,12.0,4153934515,141,3.2,,,,,,,72xzl0yjdetvqp2n1pmzyqvze,A. Hosseinzadeh,,,,,,,,,,,,,,,,,,,,,,,,,,,,,,,,,,,,,,,,,
2526797903,654,1,2,67,23,920raeoumft3q2wmvc296uceo,1,50.8,6.3,2023-04-01T17:42:11.279Z,2023-04-02T11:53:37Z,4153934815,140,67.0,4153934817,141,10.6,4153934819,212,17.3,4153934821,213,0.2,4156164165,178,,4153934813,56,Right,,,,,,,ae26s08xs4l50sfm0r6jbsley,S. Andreou,,,,,,,,,,,,,,,,,,,,,,,,,,,,,,,,,,,,,,,,,
2527210237,1405,83,2,67,26,2nhn3ikl1ciq34w3hcp883d6p,1,39,99.7,2023-04-01T17:42:13.781Z,2023-04-02T11:53:36Z,4156196219,399,230386,,,,,,,,,,,,,,,,,,,,,,9qm1adecprlczxw7ldbpvoi51,E. Jordanov,,,,,,,,,,,,,,,,,,,,,,,,,,,,,,,,,,,,,,,,,
2526797907,655,61,2,67,26,920raeoumft3q2wmvc296uceo,0,61,0.4,2023-04-01T17:42:13.812Z,2023-04-02T11:53:35Z,4153934839,56,Right,4156164263,178,,,,,,,,,,,,,,,,,,,,14xb29tv90y8uataijmh03rah,D. Heymans,,,,,,,,,,,,,,,,,,,,,,,,,,,,,,,,,,,,,,,,,
2526797895,628,49,2,67,27,2nhn3ikl1ciq34w3hcp883d6p,1,38.4,94.7,2023-04-01T17:42:15.002Z,2023-04-02T11:53:35Z,,,,,,,,,,,,,,,,,,,,,,,,,auqy1bigw2a1owxg441wojzyt,L. Van Eenoo,,,,,,,,,,,,,,,,,,,,,,,,,,,,,,,,,,,,,,,,,
2526797959,629,4,2,67,28,2nhn3ikl1ciq34w3hcp883d6p,1,35.9,96,2023-04-01T17:42:16.136Z,2023-04-02T11:53:34Z,4153935083,13,,4153935089,152,,4153935217,233,656,4153935087,56,Back,4153935085,295,,4157143507,286,,,,,,,,auqy1bigw2a1owxg441wojzyt,L. Van Eenoo,,,,,,,,,,,,,,,,,,,,,,,,,,,,,,,,,,,,,,,,,
2526797975,656,4,2,67,28,920raeoumft3q2wmvc296uceo,0,64.1,4,2023-04-01T17:42:16.137Z,2023-04-02T11:53:34Z,4153935179,13,,4153935271,233,629,4153935183,56,Right,4153935181,295,,4153935185,152,,4156164779,178,,4157143497,285,,,,,14xb29tv90y8uataijmh03rah,D. Heymans,,,,,,,,,,,,,,,,,,,,,,,,,,,,,,,,,,,,,,,,,
2526798307,657,17,2,67,39,920raeoumft3q2wmvc296uceo,1,0,0,2023-04-01T17:42:27.353Z,2023-04-02T05:28:39Z,4153937141,31,,4155064657,13,243,4155064655,392,,,,,,,,,,,,,,,,,ae26s08xs4l50sfm0r6jbsley,S. Andreou,,,,,,,,,,,,,,,,,,,,,,,,,,,,,,,,,,,,,,,,,
2526798735,630,27,2,68,9,2nhn3ikl1ciq34w3hcp883d6p,1,0,0,2023-04-01T17:42:57.429Z,2023-04-02T05:28:42Z,4153939521,233,658,,,,,,,,,,,,,,,,,,,,,,,,,,,,,,,,,,,,,,,,,,,,,,,,,,,,,,,,,,,,,,,,
2526798705,658,27,2,68,9,920raeoumft3q2wmvc296uceo,1,0,0,2023-04-01T17:42:57.429Z,2023-04-02T05:28:43Z,4153939341,53,btyk45f7gmz3ck2dafpp22yg9,4153939339,41,Injury,4153939547,233,630,,,,,,,,,,,,,,,,,,,,,,,,,,,,,,,,,,,,,,,,,,,,,,,,,,,,,,,,,,
2526800171,631,28,2,69,46,2nhn3ikl1ciq34w3hcp883d6p,1,0,0,2023-04-01T17:44:33.854Z,2023-04-02T10:47:21Z,4153947121,55,630,4153947149,233,659,,,,,,,,,,,,,,,,,,,,,,,,,,,,,,,,,,,,,,,,,,,,,,,,,,,,,,,,,,,,,
2526800159,659,28,2,69,46,920raeoumft3q2wmvc296uceo,1,0,0,2023-04-01T17:44:33.854Z,2023-04-02T10:47:21Z,4153947161,233,631,4153947057,55,658,,,,,,,,,,,,,,,,,,,,,,,,,,,,,,,,,,,,,,,,,,,,,,,,,,,,,,,,,,,,,
2526800235,632,1,2,69,48,2nhn3ikl1ciq34w3hcp883d6p,1,31.6,42.4,2023-04-01T17:44:36.249Z,2023-04-02T12:55:43Z,4153947483,140,28.6,4153947481,56,Back,4153947485,141,56.7,4156165243,178,,4153947477,5,,4153947487,212,10.2,4153947489,213,1.9,4153947479,152,,5ujoracvgg00kzd0a8rh8oa1h,R. Neustädter,4153947979,189,,,,,,,,,,,,,,,,,,,,,,,,,,,,,,,,,,,,,,,
2526800251,633,1,2,69,50,2nhn3ikl1ciq34w3hcp883d6p,1,36.2,94.5,2023-04-01T17:44:37.906Z,2023-04-02T12:55:32Z,4153947589,140,43.8,4153947595,213,4.8,4153947597,1,,4153948053,189,,4153947591,141,7.7,4153947593,212,59.6,4156165385,178,,4153947587,56,Back,9kywhmzih4xhuz5d1rrxjcpd6,R. Tagir,,,,,,,,,,,,,,,,,,,,,,,,,,,,,,,,,,,,,,,,,
2526800269,634,1,2,69,57,2nhn3ikl1ciq34w3hcp883d6p,1,47.6,4,2023-04-01T17:44:45.475Z,2023-04-02T11:53:30Z,4153947675,56,Back,4153947687,213,2.3,4153947679,140,31.5,4156165525,178,,4153947683,212,25.4,4153947681,141,31.8,,,,,,,e2z19y8is5m24brpa3gzn02qx,B. Reynolds,,,,,,,,,,,,,,,,,,,,,,,,,,,,,,,,,,,,,,,,,
2526800317,635,1,2,70,0,2nhn3ikl1ciq34w3hcp883d6p,1,35.4,28.8,2023-04-01T17:44:48.115Z,2023-04-02T11:53:30Z,4153947963,212,25.5,4153947961,141,65.5,4153947957,56,Back,4156165613,178,,4153947959,140,30.2,4153947965,213,1.8,,,,,,,5ujoracvgg00kzd0a8rh8oa1h,R. Neustädter,,,,,,,,,,,,,,,,,,,,,,,,,,,,,,,,,,,,,,,,,
2526800365,636,1,2,70,5,2nhn3ikl1ciq34w3hcp883d6p,1,47.7,90.1,2023-04-01T17:44:52.825Z,2023-04-02T11:53:29Z,4153948273,56,Left,4153948281,213,0.1,4153948279,212,9.3,4156165657,178,,4153948277,141,91.2,4153948275,140,56.5,,,,,,,9kywhmzih4xhuz5d1rrxjcpd6,R. Tagir,,,,,,,,,,,,,,,,,,,,,,,,,,,,,,,,,,,,,,,,,
2526800393,637,1,2,70,8,2nhn3ikl1ciq34w3hcp883d6p,1,49.8,94.6,2023-04-01T17:44:55.772Z,2023-04-02T11:53:28Z,4156165737,178,,4153948437,140,26.3,4153948435,56,Back,4153948441,212,30.3,4153948439,141,68.7,4153948443,213,3.8,,,,,,,9qm1adecprlczxw7ldbpvoi51,E. Jordanov,,,,,,,,,,,,,,,,,,,,,,,,,,,,,,,,,,,,,,,,,
2526800501,638,1,2,70,11,2nhn3ikl1ciq34w3hcp883d6p,1,32.3,66.8,2023-04-01T17:44:59.055Z,2023-04-02T11:53:27Z,4153948993,56,Right,4153948999,212,44.9,4153949001,213,5.2,4156165775,178,,4153949003,1,,4153948997,141,8.5,4153948995,140,52.3,,,,8hl43dvm1d57g011yacyoooa1,M. Fixelles,,,,,,,,,,,,,,,,,,,,,,,,,,,,,,,,,,,,,,,,,
2526800553,639,1,2,70,16,2nhn3ikl1ciq34w3hcp883d6p,0,62.6,4.2,2023-04-01T17:45:04.384Z,2023-04-02T11:53:25Z,4153949285,213,0.4,4156165837,178,,4153949277,56,Right,4153949279,140,78.0,4153949283,212,17.4,4153949281,141,13.7,,,,,,,e2z19y8is5m24brpa3gzn02qx,B. Reynolds,,,,,,,,,,,,,,,,,,,,,,,,,,,,,,,,,,,,,,,,,
2526800577,660,61,2,70,17,920raeoumft3q2wmvc296uceo,1,24.3,88.4,2023-04-01T17:45:05.074Z,2023-04-02T11:53:25Z,4156166011,21,,4153949411,56,Back,4156166013,178,,,,,,,,,,,,,,,,,4pbx40gvdmacim2n0k2qt41cl,J. Kayembe,,,,,,,,,,,,,,,,,,,,,,,,,,,,,,,,,,,,,,,,,
2527003683,870,59,2,70,21,920raeoumft3q2wmvc296uceo,1,0,0,2023-04-01T17:45:08.774Z,2023-04-02T11:53:25Z,4155070105,56,Back,,,,,,,,,,,,,,,,,,,,,,btyk45f7gmz3ck2dafpp22yg9,H. Koffi,,,,,,,,,,,,,,,,,,,,,,,,,,,,,,,,,,,,,,,,,
2526800599,661,49,2,70,21,920raeoumft3q2wmvc296uceo,1,3.6,78.3,2023-04-01T17:45:08.935Z,2023-04-02T11:53:24Z,,,,,,,,,,,,,,,,,,,,,,,,,btyk45f7gmz3ck2dafpp22yg9,H. Koffi,,,,,,,,,,,,,,,,,,,,,,,,,,,,,,,,,,,,,,,,,
2526800651,662,1,2,70,21,920raeoumft3q2wmvc296uceo,0,3.9,78.3,2023-04-01T17:45:09.016Z,2023-04-02T11:53:24Z,4153949797,1,,4153949789,140,31.9,4153949795,213,0.5,4156166169,178,,4153949791,141,100.0,4153949787,56,Back,4153949793,212,33.5,4153949785,157,,btyk45f7gmz3ck2dafpp22yg9,H. Koffi,,,,,,,,,,,,,,,,,,,,,,,,,,,,,,,,,,,,,,,,,
2526800749,640,5,2,70,23,2nhn3ikl1ciq34w3hcp883d6p,1,71.9,-2,2023-04-01T17:45:11.546Z,2023-04-02T05:29:54Z,4153950327,56,Right,4153950359,233,663,4153950329,347,,,,,,,,,,,,,,,,,e2z19y8is5m24brpa3gzn02qx,B. Reynolds,,,,,,,,,,,,,,,,,,,,,,,,,,,,,,,,,,,,,,,,,
2526800657,663,5,2,70,23,920raeoumft3q2wmvc296uceo,0,28.1,102,2023-04-01T17:45:11.546Z,2023-04-02T05:29:55Z,4153949813,56,Back,4153950371,233,640,4153949815,347,,,,,,,,,,,,,,,,,btyk45f7gmz3ck2dafpp22yg9,H. Koffi,,,,,,,,,,,,,,,,,,,,,,,,,,,,,,,,,,,,,,,,,
2526800805,641,1,2,70,31,2nhn3ikl1ciq34w3hcp883d6p,1,71.6,0,2023-04-01T17:45:19.170Z,2023-04-02T11:53:24Z,4153950635,56,Right,4153950637,140,53.2,4153950641,212,20.4,4153950643,213,2.8,4153950639,141,8.3,4153950633,107,,,,,,,,e2z19y8is5m24brpa3gzn02qx,B. Reynolds,,,,,,,,,,,,,,,,,,,,,,,,,,,,,,,,,,,,,,,,,
2526800851,642,1,2,70,34,2nhn3ikl1ciq34w3hcp883d6p,1,51.5,5.9,2023-04-01T17:45:22.072Z,2023-04-02T11:53:23Z,4153950935,213,1.8,4153950929,140,41.0,4153950937,1,,4153950931,141,65.4,4153950927,56,Back,4153950933,212,41.9,4156166361,178,,,,,5ujoracvgg00kzd0a8rh8oa1h,R. Neustädter,,,,,,,,,,,,,,,,,,,,,,,,,,,,,,,,,,,,,,,,,
2526800879,643,1,2,70,37,2nhn3ikl1ciq34w3hcp883d6p,1,43.5,63.9,2023-04-01T17:45:25.308Z,2023-04-02T11:53:23Z,4153951069,212,23.9,4153951075,213,0.6,4153951055,56,Left,4153951065,141,84.7,4156166413,178,,4153951059,140,61.8,,,,,,,9kywhmzih4xhuz5d1rrxjcpd6,R. Tagir,,,,,,,,,,,,,,,,,,,,,,,,,,,,,,,,,,,,,,,,,
2526800955,644,1,2,70,41,2nhn3ikl1ciq34w3hcp883d6p,1,59.4,86.5,2023-04-01T17:45:29.403Z,2023-04-02T11:53:21Z,4153951491,140,43.0,4156166543,178,,4153951487,56,Back,4153951493,141,67.9,4153951495,212,21.4,4153951497,213,3.8,,,,,,,8hl43dvm1d57g011yacyoooa1,M. Fixelles,,,,,,,,,,,,,,,,,,,,,,,,,,,,,,,,,,,,,,,,,
2526800985,645,1,2,70,46,2nhn3ikl1ciq34w3hcp883d6p,1,55.1,54.8,2023-04-01T17:45:33.978Z,2023-04-02T11:53:20Z,4153951669,141,9.7,4153951677,213,5.2,4153951663,155,,4153951665,56,Right,4153951683,1,,4153951671,212,34.0,4156166565,178,,4153951667,140,69.0,9kywhmzih4xhuz5d1rrxjcpd6,R. Tagir,,,,,,,,,,,,,,,,,,,,,,,,,,,,,,,,,,,,,,,,,
2526801037,646,1,2,70,50,2nhn3ikl1ciq34w3hcp883d6p,1,71.6,5.6,2023-04-01T17:45:38.047Z,2023-04-02T11:53:19Z,4153951969,56,Center,4153951977,141,26.2,4156166633,178,,4153951985,213,2.0,4153951981,212,15.4,4153951973,140,65.5,,,,,,,e2z19y8is5m24brpa3gzn02qx,B. Reynolds,,,,,,,,,,,,,,,,,,,,,,,,,,,,,,,,,,,,,,,,,
2526801125,647,1,2,70,52,2nhn3ikl1ciq34w3hcp883d6p,0,69.3,25.6,2023-04-01T17:45:40.512Z,2023-04-02T11:53:18Z,4153952479,213,1.3,4153952473,140,78.3,4153952471,56,Center,4153952475,141,68.4,4156166709,178,,4153952469,155,,4153952477,212,30.6,,,,auqy1bigw2a1owxg441wojzyt,L. Van Eenoo,,,,,,,,,,,,,,,,,,,,,,,,,,,,,,,,,,,,,,,,,
2526801101,664,44,2,70,55,920raeoumft3q2wmvc296uceo,1,20.5,26.5,2023-04-01T17:45:42.868Z,2023-04-02T11:53:18Z,4153952607,233,648,4153952339,56,Back,4153952343,285,,,,,,,,,,,,,,,,,39bcswfqnpa07b4afevezejo4,J. Tchatchoua,,,,,,,,,,,,,,,,,,,,,,,,,,,,,,,,,,,,,,,,,
2526801139,648,44,2,70,55,2nhn3ikl1ciq34w3hcp883d6p,0,79.5,73.5,2023-04-01T17:45:42.869Z,2023-04-02T11:53:17Z,4153952551,56,Center,4153952639,233,664,4153952555,286,,,,,,,,,,,,,,,,,9qm1adecprlczxw7ldbpvoi51,E. Jordanov,,,,,,,,,,,,,,,,,,,,,,,,,,,,,,,,,,,,,,,,,
2526801123,665,1,2,70,55,920raeoumft3q2wmvc296uceo,1,18.9,27.4,2023-04-01T17:45:42.958Z,2023-04-02T11:53:17Z,4153952465,213,0.3,4153952459,140,27.7,4156166855,388,,4153952457,56,Back,4153952461,141,31.8,4153952455,3,,4153952463,212,9.7,,,,39bcswfqnpa07b4afevezejo4,J. Tchatchoua,,,,,,,,,,,,,,,,,,,,,,,,,,,,,,,,,,,,,,,,,
2526801131,666,49,2,70,57,920raeoumft3q2wmvc296uceo,1,26.4,31,2023-04-01T17:45:44.675Z,2023-04-02T11:53:17Z,,,,,,,,,,,,,,,,,,,,,,,,,72xzl0yjdetvqp2n1pmzyqvze,A. Hosseinzadeh,,,,,,,,,,,,,,,,,,,,,,,,,,,,,,,,,,,,,,,,,
2526801213,667,1,2,70,59,920raeoumft3q2wmvc296uceo,1,30.7,41.2,2023-04-01T17:45:46.669Z,2023-04-02T11:53:16Z,4153952901,141,57.0,4153952899,140,34.9,4153952903,212,11.6,4156166973,178,,4153952897,56,Back,4153952905,213,1.2,,,,,,,72xzl0yjdetvqp2n1pmzyqvze,A. Hosseinzadeh,,,,,,,,,,,,,,,,,,,,,,,,,,,,,,,,,,,,,,,,,
2526801241,668,1,2,71,1,920raeoumft3q2wmvc296uceo,1,34.5,56.4,2023-04-01T17:45:49.521Z,2023-04-02T11:53:14Z,4153953087,141,71.4,4153953091,213,2.4,4156167157,178,,4153953085,140,24.8,4153953083,56,Back,4153953089,212,14.4,,,,,,,8zz5lnxo7twq8ntb7e0qfvbv9,M. Ilaimaharitra,,,,,,,,,,,,,,,,,,,,,,,,,,,,,,,,,,,,,,,,,
2526801313,669,1,2,71,4,920raeoumft3q2wmvc296uceo,1,26.1,77.5,2023-04-01T17:45:52.505Z,2023-04-02T11:53:13Z,4156167229,178,,4153953519,1,,4153953507,56,Left,4153953513,141,95.3,4153953509,140,62.0,4153953515,212,39.6,4153953517,213,0.3,4153953503,155,,4pbx40gvdmacim2n0k2qt41cl,J. Kayembe,,,,,,,,,,,,,,,,,,,,,,,,,,,,,,,,,,,,,,,,,
2526801321,670,3,2,71,8,920raeoumft3q2wmvc296uceo,0,72,99.3,2023-04-01T17:45:56.446Z,2023-04-02T11:32:45Z,4155071507,464,,4153953547,56,Left,4153953671,233,649,4156167347,178,,4153953549,286,,,,,,,,,,,87d73x3gkomc4soukr5uweqc5,I. Mbenza,,,,,,,,,,,,,,,,,,,,,,,,,,,,,,,,,,,,,,,,,
2526801333,649,7,2,71,10,2nhn3ikl1ciq34w3hcp883d6p,1,28,0.7,2023-04-01T17:45:57.665Z,2023-04-02T11:32:46Z,4155071575,385,,4153953585,285,,4153953583,56,Back,4153953581,167,,4153953639,233,670,4156167429,389,,,,,,,,96xomdtz505yoaz35i5bb8f84,N. Dorgeles,,,,,,,,,,,,,,,,,,,,,,,,,,,,,,,,,,,,,,,,,
2526801339,650,5,2,71,11,2nhn3ikl1ciq34w3hcp883d6p,0,33.3,-1.6,2023-04-01T17:45:58.724Z,2023-04-02T05:31:09Z,4153953605,347,,4153955419,233,671,4153953603,56,Back,,,,,,,,,,,,,,,,96xomdtz505yoaz35i5bb8f84,N. Dorgeles,,,,,,,,,,,,,,,,,,,,,,,,,,,,,,,,,,,,,,,,,
2526801667,671,5,2,71,11,920raeoumft3q2wmvc296uceo,1,66.7,101.6,2023-04-01T17:45:58.724Z,2023-04-02T05:31:08Z,4153955373,56,Left,4153955407,233,650,4153955375,347,,,,,,,,,,,,,,,,,87d73x3gkomc4soukr5uweqc5,I. Mbenza,,,,,,,,,,,,,,,,,,,,,,,,,,,,,,,,,,,,,,,,,
2526801677,672,1,2,71,34,920raeoumft3q2wmvc296uceo,1,74.4,100,2023-04-01T17:46:21.932Z,2023-04-02T11:53:12Z,4153955457,56,Left,4153955463,212,8.2,4153955455,107,,4153955461,141,90.0,4153955465,213,4.6,4153955459,140,73.3,,,,,,,87d73x3gkomc4soukr5uweqc5,I. Mbenza,,,,,,,,,,,,,,,,,,,,,,,,,,,,,,,,,,,,,,,,,
2526801687,673,1,2,71,35,920raeoumft3q2wmvc296uceo,0,77.1,90.7,2023-04-01T17:46:22.778Z,2023-04-02T11:53:12Z,4153955549,213,4.9,4153955543,140,77.8,4153955541,56,Left,4153955545,141,85.3,4156167777,178,,4155075469,168,,4153955547,212,3.7,,,,5ecklu1u6t21rhh8fh4zoq2cq,A. Zorgane,,,,,,,,,,,,,,,,,,,,,,,,,,,,,,,,,,,,,,,,,
2527005019,883,43,2,71,35,2nhn3ikl1ciq34w3hcp883d6p,1,0,0,2023-04-01T17:46:23.531Z,2023-04-01T22:15:37Z,4155077253,56,Back,4155077561,144,1,4155077257,141,4.6,4155077259,212,18.4,4155077261,213,6.0,4155077255,140,34.9,,,,,,,5ujoracvgg00kzd0a8rh8oa1h,R. Neustädter,,,,,,,,,,,,,,,,,,,,,,,,,,,,,,,,,,,,,,,,,
2527210949,1484,67,2,71,36,2nhn3ikl1ciq34w3hcp883d6p,1,18.9,12.5,2023-04-01T17:46:23.655Z,2023-04-02T11:53:11Z,4156202567,233,1487,,,,,,,,,,,,,,,,,,,,,,5ujoracvgg00kzd0a8rh8oa1h,R. Neustädter,,,,,,,,,,,,,,,,,,,,,,,,,,,,,,,,,,,,,,,,,
2527210947,1487,67,2,71,36,920raeoumft3q2wmvc296uceo,0,81.1,87.5,2023-04-01T17:46:23.656Z,2023-04-02T11:53:11Z,4156202577,233,1484,,,,,,,,,,,,,,,,,,,,,,dqazrm2wmu9zqpvp8xbeeb7jd,V. Bayo,,,,,,,,,,,,,,,,,,,,,,,,,,,,,,,,,,,,,,,,,
2526801701,651,1,2,71,36,2nhn3ikl1ciq34w3hcp883d6p,0,18.6,11.9,2023-04-01T17:46:23.670Z,2023-04-02T11:53:11Z,4153955621,213,6.2,4153955613,56,Back,4153955619,212,21.4,4153955617,141,8.2,4153955615,140,38.8,4156167817,178,,,,,,,,5ujoracvgg00kzd0a8rh8oa1h,R. Neustädter,,,,,,,,,,,,,,,,,,,,,,,,,,,,,,,,,,,,,,,,,
2526801737,674,1,2,71,39,920raeoumft3q2wmvc296uceo,0,66.1,99.9,2023-04-01T17:46:26.838Z,2023-04-02T11:53:10Z,4156167873,178,,4153955785,56,Left,4153955793,213,4.7,4153955787,140,66.1,4153955791,212,9.7,4153955789,141,85.6,4153955781,155,,,,,4pbx40gvdmacim2n0k2qt41cl,J. Kayembe,,,,,,,,,,,,,,,,,,,,,,,,,,,,,,,,,,,,,,,,,
2526801731,652,8,2,71,40,2nhn3ikl1ciq34w3hcp883d6p,1,22.9,23.6,2023-04-01T17:46:28.185Z,2023-04-02T11:53:10Z,4156167947,178,,4155076619,385,,4153955751,56,Back,,,,,,,,,,,,,,,,5ujoracvgg00kzd0a8rh8oa1h,R. Neustädter,,,,,,,,,,,,,,,,,,,,,,,,,,,,,,,,,,,,,,,,,
2526801775,675,1,2,71,42,920raeoumft3q2wmvc296uceo,0,80.8,66.1,2023-04-01T17:46:29.710Z,2023-04-02T11:53:09Z,4153956029,141,55.5,4153956023,3,,4156168077,178,,4153956025,56,Center,4153956031,212,7.5,4153956027,140,82.9,4153956033,213,5.0,,,,14xb29tv90y8uataijmh03rah,D. Heymans,,,,,,,,,,,,,,,,,,,,,,,,,,,,,,,,,,,,,,,,,
2526801805,653,12,2,71,43,2nhn3ikl1ciq34w3hcp883d6p,1,19.3,47.6,2023-04-01T17:46:31.116Z,2023-04-02T11:53:09Z,4153956187,141,26.1,4153956191,213,5.2,4153956185,140,26.1,4153956183,56,Back,4153956189,212,16.3,4156168137,178,,,,,,,,9qm1adecprlczxw7ldbpvoi51,E. Jordanov,,,,,,,,,,,,,,,,,,,,,,,,,,,,,,,,,,,,,,,,,
2526801807,676,50,2,71,45,920raeoumft3q2wmvc296uceo,1,81.3,79,2023-04-01T17:46:32.948Z,2023-04-02T11:32:39Z,4153956199,286,,4153956291,233,654,4153956197,56,Left,,,,,,,,,,,,,,,,5ecklu1u6t21rhh8fh4zoq2cq,A. Zorgane,,,,,,,,,,,,,,,,,,,,,,,,,,,,,,,,,,,,,,,,,
2526801817,654,7,2,71,46,2nhn3ikl1ciq34w3hcp883d6p,1,18.7,21,2023-04-01T17:46:33.838Z,2023-04-02T11:32:40Z,4156168383,388,,4153956277,233,676,4153956245,56,Back,4155079815,383,,4153956247,285,,,,,,,,,,,e2z19y8is5m24brpa3gzn02qx,B. Reynolds,,,,,,,,,,,,,,,,,,,,,,,,,,,,,,,,,,,,,,,,,
2526801823,655,49,2,71,47,2nhn3ikl1ciq34w3hcp883d6p,1,19.2,25.4,2023-04-01T17:46:34.887Z,2023-04-02T11:53:09Z,,,,,,,,,,,,,,,,,,,,,,,,,e2z19y8is5m24brpa3gzn02qx,B. Reynolds,,,,,,,,,,,,,,,,,,,,,,,,,,,,,,,,,,,,,,,,,
2527211033,1489,83,2,71,48,920raeoumft3q2wmvc296uceo,1,78.2,75.9,2023-04-01T17:46:35.782Z,2023-04-02T11:53:08Z,4156203245,399,223353,,,,,,,,,,,,,,,,,,,,,,14xb29tv90y8uataijmh03rah,D. Heymans,,,,,,,,,,,,,,,,,,,,,,,,,,,,,,,,,,,,,,,,,
2526801847,656,3,2,71,49,2nhn3ikl1ciq34w3hcp883d6p,0,30.1,18.7,2023-04-01T17:46:37.280Z,2023-04-02T11:53:07Z,4153956403,211,,4153956389,56,Back,4156168605,178,,4155080131,465,,4153956391,285,,,,,,,,,,,e2z19y8is5m24brpa3gzn02qx,B. Reynolds,,,,,,,,,,,,,,,,,,,,,,,,,,,,,,,,,,,,,,,,,
2526801875,677,1,2,71,50,920raeoumft3q2wmvc296uceo,1,66.4,85.3,2023-04-01T17:46:37.923Z,2023-04-02T11:53:07Z,4153956567,56,Left,4153956573,212,9.5,4153956571,141,81.2,4153956575,213,6.0,4156168899,178,,4153956569,140,75.0,4155080545,155,,,,,3bhmh2ks5ma4rqda9zff6w251,S. Knežević,,,,,,,,,,,,,,,,,,,,,,,,,,,,,,,,,,,,,,,,,
2526801879,678,49,2,71,51,920raeoumft3q2wmvc296uceo,1,77.6,78.6,2023-04-01T17:46:39.411Z,2023-04-02T11:53:07Z,,,,,,,,,,,,,,,,,,,,,,,,,5ecklu1u6t21rhh8fh4zoq2cq,A. Zorgane,,,,,,,,,,,,,,,,,,,,,,,,,,,,,,,,,,,,,,,,,
2526801895,679,1,2,71,53,920raeoumft3q2wmvc296uceo,1,76.8,70.2,2023-04-01T17:46:41.404Z,2023-04-02T11:53:05Z,4155081479,140,85.3,4155081481,141,77.7,4153956679,56,Center,4155081483,212,10.3,4155081485,213,0.5,4156169069,178,,,,,,,,5ecklu1u6t21rhh8fh4zoq2cq,A. Zorgane,,,,,,,,,,,,,,,,,,,,,,,,,,,,,,,,,,,,,,,,,
2526801891,657,43,2,71,54,2nhn3ikl1ciq34w3hcp883d6p,1,0,0,2023-04-01T17:46:42.272Z,2023-04-01T22:17:01Z,4153956659,56,Back,4153956661,285,0,4153956695,233,679,4155081269,144,7,,,,,,,,,,,,,auqy1bigw2a1owxg441wojzyt,L. Van Eenoo,,,,,,,,,,,,,,,,,,,,,,,,,,,,,,,,,,,,,,,,,
2526801985,680,1,2,71,58,920raeoumft3q2wmvc296uceo,1,86.3,76.2,2023-04-01T17:46:46.025Z,2023-04-02T11:53:04Z,4153957051,56,Left,4153957053,140,75.1,4153957059,213,2.5,4153957057,212,14.6,4156169149,178,,4153957055,141,89.0,,,,,,,87d73x3gkomc4soukr5uweqc5,I. Mbenza,,,,,,,,,,,,,,,,,,,,,,,,,,,,,,,,,,,,,,,,,
2526802049,681,1,2,72,2,920raeoumft3q2wmvc296uceo,1,84.6,84.1,2023-04-01T17:46:49.870Z,2023-04-02T11:53:02Z,4153957425,141,43.4,4153957427,212,42.2,4153957431,1,,4153957429,213,3.9,4156169187,178,,4153957419,155,,4153957423,140,54.2,4153957421,56,Center,14xb29tv90y8uataijmh03rah,D. Heymans,,,,,,,,,,,,,,,,,,,,,,,,,,,,,,,,,,,,,,,,,
2526802063,682,1,2,72,8,920raeoumft3q2wmvc296uceo,0,52.1,40.3,2023-04-01T17:46:55.751Z,2023-04-02T11:53:01Z,4156169269,178,,4153957509,212,22.4,4153957505,140,70.4,4153957507,141,23.3,4153957503,56,Center,4153957511,213,5.7,,,,,,,ae26s08xs4l50sfm0r6jbsley,S. Andreou,,,,,,,,,,,,,,,,,,,,,,,,,,,,,,,,,,,,,,,,,
2526802087,658,1,2,72,9,2nhn3ikl1ciq34w3hcp883d6p,1,33.1,72.3,2023-04-01T17:46:56.786Z,2023-04-02T11:53:01Z,4156169387,178,,4155082081,140,35.6,4155082083,141,86.6,4153957613,56,Back,4155082085,212,10.1,4155082087,213,1.3,,,,,,,9qm1adecprlczxw7ldbpvoi51,E. Jordanov,,,,,,,,,,,,,,,,,,,,,,,,,,,,,,,,,,,,,,,,,
2526802115,659,49,2,72,10,2nhn3ikl1ciq34w3hcp883d6p,1,39.3,83.7,2023-04-01T17:46:58.054Z,2023-04-02T11:53:01Z,,,,,,,,,,,,,,,,,,,,,,,,,dd711ekg0nlaosmsy2lz13syy,T. Van den Keybus,,,,,,,,,,,,,,,,,,,,,,,,,,,,,,,,,,,,,,,,,
2526802125,660,1,2,72,11,2nhn3ikl1ciq34w3hcp883d6p,1,39,76.8,2023-04-01T17:46:59.538Z,2023-04-02T11:52:59Z,4153957851,141,49.3,4153957847,56,Center,4153957853,212,22.5,4156170735,178,,4153957855,213,5.3,4153957849,140,50.9,,,,,,,dd711ekg0nlaosmsy2lz13syy,T. Van den Keybus,,,,,,,,,,,,,,,,,,,,,,,,,,,,,,,,,,,,,,,,,
2526802151,661,1,2,72,14,2nhn3ikl1ciq34w3hcp883d6p,0,51.6,48.4,2023-04-01T17:47:02.222Z,2023-04-02T11:52:59Z,4153958011,213,5.4,4153958003,56,Center,4153958007,141,25.8,4153958005,140,62.8,4153958009,212,19.4,4156170865,178,,,,,,,,auqy1bigw2a1owxg441wojzyt,L. Van Eenoo,,,,,,,,,,,,,,,,,,,,,,,,,,,,,,,,,,,,,,,,,
2527211477,1514,67,2,72,16,920raeoumft3q2wmvc296uceo,1,34.2,75.7,2023-04-01T17:47:03.835Z,2023-04-02T11:52:58Z,4156206197,233,1514,,,,,,,,,,,,,,,,,,,,,,4pbx40gvdmacim2n0k2qt41cl,J. Kayembe,,,,,,,,,,,,,,,,,,,,,,,,,,,,,,,,,,,,,,,,,
2527211475,1514,67,2,72,16,2nhn3ikl1ciq34w3hcp883d6p,0,65.8,24.3,2023-04-01T17:47:03.836Z,2023-04-02T11:52:58Z,4156206207,233,1514,,,,,,,,,,,,,,,,,,,,,,2j8y06wuinnx87eetadj55zo5,N. Chadli,,,,,,,,,,,,,,,,,,,,,,,,,,,,,,,,,,,,,,,,,
2526802163,683,8,2,72,16,920raeoumft3q2wmvc296uceo,1,34.1,73.6,2023-04-01T17:47:03.862Z,2023-04-02T11:52:58Z,4155082439,385,,4156171161,389,,4153958047,56,Back,,,,,,,,,,,,,,,,4pbx40gvdmacim2n0k2qt41cl,J. Kayembe,,,,,,,,,,,,,,,,,,,,,,,,,,,,,,,,,,,,,,,,,
2526802247,662,1,2,72,21,2nhn3ikl1ciq34w3hcp883d6p,1,58,0.1,2023-04-01T17:47:08.833Z,2023-04-02T11:52:56Z,4153958541,141,9.2,4153958543,212,9.6,4153958539,140,65.0,4156171269,178,,4153958537,56,Right,4153958545,213,0.7,,,,,,,auqy1bigw2a1owxg441wojzyt,L. Van Eenoo,,,,,,,,,,,,,,,,,,,,,,,,,,,,,,,,,,,,,,,,,
2526802297,663,1,2,72,24,2nhn3ikl1ciq34w3hcp883d6p,1,68.3,0.1,2023-04-01T17:47:12.144Z,2023-04-02T11:52:55Z,4153958855,213,2.8,4153958843,56,Right,4153958851,141,8.6,4153958847,140,54.6,4156171329,178,,4153958853,212,15.5,,,,,,,2j8y06wuinnx87eetadj55zo5,N. Chadli,,,,,,,,,,,,,,,,,,,,,,,,,,,,,,,,,,,,,,,,,
2526802343,664,1,2,72,27,2nhn3ikl1ciq34w3hcp883d6p,1,53.8,10.1,2023-04-01T17:47:15.284Z,2023-04-02T11:52:54Z,4153959145,56,Back,4153959153,213,1.9,4153959147,140,46.1,4153959151,212,25.6,4153959149,141,45.8,4156171405,178,,,,,,,,e2z19y8is5m24brpa3gzn02qx,B. Reynolds,,,,,,,,,,,,,,,,,,,,,,,,,,,,,,,,,,,,,,,,,
2526802373,665,1,2,72,31,2nhn3ikl1ciq34w3hcp883d6p,1,53.6,52,2023-04-01T17:47:19.048Z,2023-04-02T11:52:53Z,4153959353,212,19.0,4153959351,141,79.9,4153959347,140,52.8,4153959345,56,Left,4156171521,178,,4153959355,213,1.6,,,,,,,8hl43dvm1d57g011yacyoooa1,M. Fixelles,,,,,,,,,,,,,,,,,,,,,,,,,,,,,,,,,,,,,,,,,
2526802383,666,1,2,72,35,2nhn3ikl1ciq34w3hcp883d6p,0,52.1,89.6,2023-04-01T17:47:22.647Z,2023-04-02T11:52:52Z,4153959405,212,16.4,4153959403,141,93.6,4153959399,56,Left,4156171567,178,,4153959407,213,0.2,4153959401,140,67.5,,,,,,,9kywhmzih4xhuz5d1rrxjcpd6,R. Tagir,,,,,,,,,,,,,,,,,,,,,,,,,,,,,,,,,,,,,,,,,
2526802403,684,8,2,72,36,920raeoumft3q2wmvc296uceo,1,36.9,3.6,2023-04-01T17:47:23.859Z,2023-04-02T11:52:51Z,4153959517,56,Back,4156171681,178,,4155082923,383,,,,,,,,,,,,,,,,,39bcswfqnpa07b4afevezejo4,J. Tchatchoua,,,,,,,,,,,,,,,,,,,,,,,,,,,,,,,,,,,,,,,,,
2526802409,685,49,2,72,37,920raeoumft3q2wmvc296uceo,1,42.5,2.8,2023-04-01T17:47:24.853Z,2023-04-02T11:52:51Z,,,,,,,,,,,,,,,,,,,,,,,,,39bcswfqnpa07b4afevezejo4,J. Tchatchoua,,,,,,,,,,,,,,,,,,,,,,,,,,,,,,,,,,,,,,,,,
2526802421,667,45,2,72,38,2nhn3ikl1ciq34w3hcp883d6p,0,54,94.4,2023-04-01T17:47:25.710Z,2023-04-02T11:52:50Z,4153960011,233,686,4153959587,56,Left,4153959589,285,,,,,,,,,,,,,,,,,9kywhmzih4xhuz5d1rrxjcpd6,R. Tagir,,,,,,,,,,,,,,,,,,,,,,,,,,,,,,,,,,,,,,,,,
2526802517,686,3,2,72,38,920raeoumft3q2wmvc296uceo,1,46,5.6,2023-04-01T17:47:25.710Z,2023-04-02T11:52:50Z,4153959997,56,Back,4156171915,178,,4153960007,233,667,4153960001,286,,4155083137,464,,,,,,,,,,,39bcswfqnpa07b4afevezejo4,J. Tchatchoua,,,,,,,,,,,,,,,,,,,,,,,,,,,,,,,,,,,,,,,,,
2526802537,687,1,2,72,43,920raeoumft3q2wmvc296uceo,0,75.9,35.6,2023-04-01T17:47:31.271Z,2023-04-02T11:52:48Z,4153960119,213,0.1,4153960115,141,36.6,4153960113,140,87.7,4156172037,178,,4153960111,56,Center,4153960117,212,12.4,,,,,,,39bcswfqnpa07b4afevezejo4,J. Tchatchoua,,,,,,,,,,,,,,,,,,,,,,,,,,,,,,,,,,,,,,,,,
2526802555,668,8,2,72,44,2nhn3ikl1ciq34w3hcp883d6p,1,14.6,63.5,2023-04-01T17:47:32.257Z,2023-04-02T11:52:48Z,4153960211,56,Back,4156172133,389,,4155083893,385,,,,,,,,,,,,,,,,,9kywhmzih4xhuz5d1rrxjcpd6,R. Tagir,,,,,,,,,,,,,,,,,,,,,,,,,,,,,,,,,,,,,,,,,
2526802565,669,6,2,72,46,2nhn3ikl1ciq34w3hcp883d6p,0,0,74.1,2023-04-01T17:47:34.244Z,2023-04-02T05:35:24Z,4153960283,56,Back,4153960285,73,,4153960455,233,688,,,,,,,,,,,,,,,,9kywhmzih4xhuz5d1rrxjcpd6,R. Tagir,,,,,,,,,,,,,,,,,,,,,,,,,,,,,,,,,,,,,,,,,
2526802587,688,6,2,72,46,920raeoumft3q2wmvc296uceo,1,100,25.9,2023-04-01T17:47:34.244Z,2023-04-02T05:35:23Z,4153960397,75,,4153960423,233,669,4153960395,56,Center,,,,,,,,,,,,,,,,39bcswfqnpa07b4afevezejo4,J. Tchatchoua,,,,,,,,,,,,,,,,,,,,,,,,,,,,,,,,,,,,,,,,,
2526802987,689,1,2,73,14,920raeoumft3q2wmvc296uceo,1,99.5,0.5,2023-04-01T17:48:02.284Z,2023-04-02T05:35:37Z,4156172487,178,,4153962735,56,Center,4153962737,140,74.1,4153962741,212,31.7,4153962743,213,2.6,4155084479,189,,4153962739,141,25.8,4153962733,6,,5ecklu1u6t21rhh8fh4zoq2cq,A. Zorgane,,,,,,,,,,,,,,,,,,,,,,,,,,,,,,,,,,,,,,,,,
2526803081,690,1,2,73,17,920raeoumft3q2wmvc296uceo,1,72.7,24.3,2023-04-01T17:48:05.371Z,2023-04-02T11:52:47Z,4156172523,178,,4153963141,212,18.5,4153963143,213,5.6,4153963139,141,6.8,4153963137,140,86.2,4153963135,56,Right,,,,,,,8zz5lnxo7twq8ntb7e0qfvbv9,M. Ilaimaharitra,,,,,,,,,,,,,,,,,,,,,,,,,,,,,,,,,,,,,,,,,
2526803121,691,1,2,73,23,920raeoumft3q2wmvc296uceo,1,85.1,6.9,2023-04-01T17:48:11.058Z,2023-04-02T11:52:45Z,4153963341,141,11.4,4153963343,212,10.1,4153963339,140,75.9,4156172889,178,,4153963337,56,Right,4153963345,213,2.8,,,,,,,5ecklu1u6t21rhh8fh4zoq2cq,A. Zorgane,,,,,,,,,,,,,,,,,,,,,,,,,,,,,,,,,,,,,,,,,
2526803139,692,1,2,73,26,920raeoumft3q2wmvc296uceo,1,78.4,10.9,2023-04-01T17:48:14.443Z,2023-04-02T11:52:44Z,4153963431,140,87.3,4153963433,141,4.9,4153963437,213,5.9,4156173027,178,,4153963429,56,Right,4153963435,212,10.2,,,,,,,72xzl0yjdetvqp2n1pmzyqvze,A. Hosseinzadeh,,,,,,,,,,,,,,,,,,,,,,,,,,,,,,,,,,,,,,,,,
2526803193,693,1,2,73,28,920raeoumft3q2wmvc296uceo,1,80.1,1.3,2023-04-01T17:48:16.242Z,2023-04-02T11:52:42Z,4153963731,212,9.5,4153963727,140,72.0,4153963733,213,2.7,4156173167,178,,4153963721,56,Right,4153963729,141,7.6,,,,,,,5ecklu1u6t21rhh8fh4zoq2cq,A. Zorgane,,,,,,,,,,,,,,,,,,,,,,,,,,,,,,,,,,,,,,,,,
2527280303,1592,67,2,73,29,920raeoumft3q2wmvc296uceo,1,73.1,5.8,2023-04-01T17:48:17.467Z,2023-04-02T11:52:42Z,4156545551,233,1626,,,,,,,,,,,,,,,,,,,,,,8zz5lnxo7twq8ntb7e0qfvbv9,M. Ilaimaharitra,,,,,,,,,,,,,,,,,,,,,,,,,,,,,,,,,,,,,,,,,
2527280293,1626,67,2,73,29,2nhn3ikl1ciq34w3hcp883d6p,0,26.9,94.2,2023-04-01T17:48:17.468Z,2023-04-02T11:52:42Z,4156545571,233,1592,,,,,,,,,,,,,,,,,,,,,,f03fccqnepjczr841h0zqdeui,Y. Matsuo,,,,,,,,,,,,,,,,,,,,,,,,,,,,,,,,,,,,,,,,,
2527211925,1530,43,2,73,30,2nhn3ikl1ciq34w3hcp883d6p,1,0,0,2023-04-01T17:48:17.666Z,2023-04-02T09:38:15Z,4156208831,399,173906,4156544623,144,83,,,,,,,,,,,,,,,,,,,f03fccqnepjczr841h0zqdeui,Y. Matsuo,,,,,,,,,,,,,,,,,,,,,,,,,,,,,,,,,,,,,,,,,
2527280431,1627,83,2,73,30,2nhn3ikl1ciq34w3hcp883d6p,1,28.3,93.3,2023-04-01T17:48:17.907Z,2023-04-02T11:52:41Z,4156546497,399,173906,,,,,,,,,,,,,,,,,,,,,,f03fccqnepjczr841h0zqdeui,Y. Matsuo,,,,,,,,,,,,,,,,,,,,,,,,,,,,,,,,,,,,,,,,,
2526803197,694,61,2,73,30,920raeoumft3q2wmvc296uceo,0,71.5,6.8,2023-04-01T17:48:18.017Z,2023-04-02T11:52:41Z,4153963739,56,Right,4156173497,178,,,,,,,,,,,,,,,,,,,,8zz5lnxo7twq8ntb7e0qfvbv9,M. Ilaimaharitra,,,,,,,,,,,,,,,,,,,,,,,,,,,,,,,,,,,,,,,,,
2526803177,670,49,2,73,31,2nhn3ikl1ciq34w3hcp883d6p,1,33.2,91.9,2023-04-01T17:48:18.763Z,2023-04-02T11:52:40Z,,,,,,,,,,,,,,,,,,,,,,,,,f03fccqnepjczr841h0zqdeui,Y. Matsuo,,,,,,,,,,,,,,,,,,,,,,,,,,,,,,,,,,,,,,,,,
2526803275,671,1,2,73,36,2nhn3ikl1ciq34w3hcp883d6p,1,61.1,72.1,2023-04-01T17:48:23.682Z,2023-04-02T11:52:39Z,4153964043,213,0.0,4153964039,141,73.3,4153964041,212,27.2,4153964035,56,Center,4156173613,178,,4153964037,140,87.0,,,,,,,f03fccqnepjczr841h0zqdeui,Y. Matsuo,,,,,,,,,,,,,,,,,,,,,,,,,,,,,,,,,,,,,,,,,
2526803315,672,1,2,73,39,2nhn3ikl1ciq34w3hcp883d6p,1,85.1,77.4,2023-04-01T17:48:27.013Z,2023-04-02T11:52:39Z,4156173669,178,,4153964247,212,14.9,4153964245,141,55.5,4153965463,210,15,4153965465,154,,4153964243,140,85.7,4153964241,56,Center,4153964249,213,4.8,8hl43dvm1d57g011yacyoooa1,M. Fixelles,,,,1,,,,,,,,,,,,,,,,,,,,,,,,,,,,,,,,,,,,,
2526803321,673,15,2,73,41,2nhn3ikl1ciq34w3hcp883d6p,1,85.3,57.5,2023-04-01T17:48:28.726Z,2023-04-02T11:52:38Z,4153965479,55,672,4153965489,103,10.1,4153965065,233,695,4156173759,178,,4153965035,72,,4153965473,29,,4153965471,78,,4153965033,23,,96xomdtz505yoaz35i5bb8f84,N. Dorgeles,4153965499,147,54.6,,4153965497,146,96.6,4153965493,328,4153964301,17,,4153964303,56,4153965475,154,4153965485,102,51.7,,,,,Center,,,,,,,,,,,,,,,,,
2526803329,695,10,2,73,41,920raeoumft3q2wmvc296uceo,1,3,45.9,2023-04-01T17:48:29.278Z,2023-04-02T11:52:37Z,4153964333,182,,4153965097,233,673,4153964799,180,,4153964797,177,,4153964335,56,Back,4155086859,376,,,,,,,,btyk45f7gmz3ck2dafpp22yg9,H. Koffi,,,,,,,,,,,,,,,,,,,,,,,,,,,,,,,,,,,,,,,,,
2526803351,696,52,2,73,42,920raeoumft3q2wmvc296uceo,1,3.9,44.4,2023-04-01T17:48:30.168Z,2023-04-02T11:52:37Z,4156173993,389,,4155087065,376,,,,,,,,,,,,,,,,,,,,btyk45f7gmz3ck2dafpp22yg9,H. Koffi,,,,,,,,,,,,,,,,,,,,,,,,,,,,,,,,,,,,,,,,,
2527007747,871,27,2,74,4,920raeoumft3q2wmvc296uceo,1,0,0,2023-04-01T17:48:51.650Z,2023-04-02T05:37:01Z,4155091787,53,3bhmh2ks5ma4rqda9zff6w251,4155133685,233,884,4155091785,41,Injury,,,,,,,,,,,,,,,,,,,,,,,,,,,,,,,,,,,,,,,,,,,,,,,,,,,,,,,,,,
2527008033,884,27,2,74,4,2nhn3ikl1ciq34w3hcp883d6p,1,0,0,2023-04-01T17:48:51.650Z,2023-04-02T05:37:01Z,4155133675,233,871,,,,,,,,,,,,,,,,,,,,,,,,,,,,,,,,,,,,,,,,,,,,,,,,,,,,,,,,,,,,,,,,
2527007813,872,28,2,74,20,920raeoumft3q2wmvc296uceo,1,0,0,2023-04-01T17:49:07.855Z,2023-04-02T05:37:21Z,4155133713,233,885,4155092103,55,871,,,,,,,,,,,,,,,,,,,,,,,,,,,,,,,,,,,,,,,,,,,,,,,,,,,,,,,,,,,,,
2527008161,885,28,2,74,20,2nhn3ikl1ciq34w3hcp883d6p,1,0,0,2023-04-01T17:49:07.855Z,2023-04-02T05:37:21Z,4155133705,233,872,4155094333,55,884,,,,,,,,,,,,,,,,,,,,,,,,,,,,,,,,,,,,,,,,,,,,,,,,,,,,,,,,,,,,,
2526804013,674,68,2,74,30,2nhn3ikl1ciq34w3hcp883d6p,0,0,0,2023-04-01T17:49:18.055Z,2023-04-02T05:37:34Z,4155091109,189,,,,,,,,,,,,,,,,,,,,,,,,,,,,,,,,,,,,,,,,,,,,,,,,,,,,,,,,,,,,,,,,,
2526804061,697,68,2,74,31,920raeoumft3q2wmvc296uceo,1,0,0,2023-04-01T17:49:18.745Z,2023-04-02T05:37:42Z,4155091159,189,,,,,,,,,,,,,,,,,,,,,,,,,,,,,,,,,,,,,,,,,,,,,,,,,,,,,,,,,,,,,,,,,
2526804087,698,52,2,74,34,920raeoumft3q2wmvc296uceo,1,10.2,48.3,2023-04-01T17:49:22.617Z,2023-04-02T11:52:37Z,4155095331,376,,4156175421,178,,4155095365,189,,,,,,,,,,,,,,,,,btyk45f7gmz3ck2dafpp22yg9,H. Koffi,,,,,,,,,,,,,,,,,,,,,,,,,,,,,,,,,,,,,,,,,
2526804137,699,80,2,74,42,920raeoumft3q2wmvc296uceo,0,16.9,37.8,2023-04-01T17:49:29.759Z,2023-04-02T11:52:36Z,4156175599,178,,,,,,,,,,,,,,,,,,,,,,,btyk45f7gmz3ck2dafpp22yg9,H. Koffi,,,,,,,,,,,,,,,,,,,,,,,,,,,,,,,,,,,,,,,,,
2526804257,700,1,2,74,48,920raeoumft3q2wmvc296uceo,1,25.6,24.7,2023-04-01T17:49:36.560Z,2023-04-02T11:52:34Z,4153969219,212,48.8,4153969213,56,Right,4153969221,213,6.0,4153969223,1,,4153969215,140,70.6,4156175745,178,,4155095825,155,,4153969217,141,7.0,btyk45f7gmz3ck2dafpp22yg9,H. Koffi,,,,,,,,,,,,,,,,,,,,,,,,,,,,,,,,,,,,,,,,,
2526804279,701,1,2,74,51,920raeoumft3q2wmvc296uceo,0,64.1,2.3,2023-04-01T17:49:39.590Z,2023-04-02T11:52:34Z,4153969305,56,Center,4156175797,388,,4153969311,212,25.2,4153969307,140,77.1,4153969313,213,1.0,4153969309,141,33.4,4153969303,3,,,,,dqazrm2wmu9zqpvp8xbeeb7jd,V. Bayo,,,,,,,,,,,,,,,,,,,,,,,,,,,,,,,,,,,,,,,,,
2526804287,675,49,2,74,54,2nhn3ikl1ciq34w3hcp883d6p,1,26.1,75.7,2023-04-01T17:49:41.697Z,2023-04-02T11:52:34Z,,,,,,,,,,,,,,,,,,,,,,,,,5ujoracvgg00kzd0a8rh8oa1h,R. Neustädter,,,,,,,,,,,,,,,,,,,,,,,,,,,,,,,,,,,,,,,,,
2526804301,676,1,2,74,54,2nhn3ikl1ciq34w3hcp883d6p,1,26.1,75.4,2023-04-01T17:49:42.200Z,2023-04-02T11:52:33Z,4153969429,141,64.8,4156176053,178,,4153969431,212,10.8,4153969427,140,33.8,4153969433,213,5.6,4153969425,56,Back,,,,,,,5ujoracvgg00kzd0a8rh8oa1h,R. Neustädter,,,,,,,,,,,,,,,,,,,,,,,,,,,,,,,,,,,,,,,,,
2526804345,677,1,2,74,55,2nhn3ikl1ciq34w3hcp883d6p,1,33.4,73.4,2023-04-01T17:49:42.876Z,2023-04-02T11:52:33Z,4156176137,178,,4153969635,140,12.5,4153969633,56,Back,4153969641,212,31.7,4153969643,213,3.9,4153969639,141,39.8,,,,,,,8hl43dvm1d57g011yacyoooa1,M. Fixelles,,,,,,,,,,,,,,,,,,,,,,,,,,,,,,,,,,,,,,,,,
2526804399,678,1,2,74,59,2nhn3ikl1ciq34w3hcp883d6p,1,20.6,42.5,2023-04-01T17:49:46.652Z,2023-04-02T11:52:32Z,4153969917,140,31.8,4153969915,56,Back,4156176299,178,,4153969923,213,5.4,4153969921,212,19.4,4153969919,141,19.8,,,,,,,6qlfe04qjldj3rkeeme6gdi39,S. Bolat,,,,,,,,,,,,,,,,,,,,,,,,,,,,,,,,,,,,,,,,,
2526804431,679,1,2,75,3,2nhn3ikl1ciq34w3hcp883d6p,1,30.9,14.6,2023-04-01T17:49:50.844Z,2023-04-02T11:52:30Z,4153970031,140,33.0,4153970033,141,36.3,4156143379,178,,4153970037,213,1.4,4153970035,212,14.9,4153970029,56,Back,,,,,,,e2z19y8is5m24brpa3gzn02qx,B. Reynolds,,,,,,,,,,,,,,,,,,,,,,,,,,,,,,,,,,,,,,,,,
2526804473,680,1,2,75,4,2nhn3ikl1ciq34w3hcp883d6p,1,32.7,37.5,2023-04-01T17:49:52.178Z,2023-04-02T11:52:30Z,4153970287,213,3.7,4153970285,212,9.8,4153970283,141,29.7,4153970281,140,24.8,4156143461,178,,4153970279,56,Back,,,,,,,8hl43dvm1d57g011yacyoooa1,M. Fixelles,,,,,,,,,,,,,,,,,,,,,,,,,,,,,,,,,,,,,,,,,
2526804521,681,1,2,75,5,2nhn3ikl1ciq34w3hcp883d6p,1,26.1,40.5,2023-04-01T17:49:53.630Z,2023-04-02T11:52:30Z,4153970543,56,Back,4153970549,212,17.1,4153970547,141,65.1,4153970551,213,1.8,4156143611,178,,4153970545,140,22.7,,,,,,,5ujoracvgg00kzd0a8rh8oa1h,R. Neustädter,,,,,,,,,,,,,,,,,,,,,,,,,,,,,,,,,,,,,,,,,
2526804539,682,1,2,75,9,2nhn3ikl1ciq34w3hcp883d6p,1,31.4,75.3,2023-04-01T17:49:57.318Z,2023-04-02T11:52:29Z,4156143787,178,,4153970617,212,13.1,4153970615,141,90.9,4153970613,140,38.7,4153970611,56,Back,4153970619,213,0.9,,,,,,,9kywhmzih4xhuz5d1rrxjcpd6,R. Tagir,,,,,,,,,,,,,,,,,,,,,,,,,,,,,,,,,,,,,,,,,
2526804605,683,1,2,75,11,2nhn3ikl1ciq34w3hcp883d6p,1,46.6,95.4,2023-04-01T17:49:58.968Z,2023-04-02T11:52:29Z,4153970923,140,29.5,4153970921,56,Back,4153970929,213,3.7,4153970927,212,21.4,4153970925,141,78.2,4156143879,178,,,,,,,,auqy1bigw2a1owxg441wojzyt,L. Van Eenoo,,,,,,,,,,,,,,,,,,,,,,,,,,,,,,,,,,,,,,,,,
2526804657,684,1,2,75,14,2nhn3ikl1ciq34w3hcp883d6p,1,40.9,79.4,2023-04-01T17:50:02.252Z,2023-04-02T11:52:28Z,4153971173,141,9.1,4153971171,140,38.7,4153971179,1,,4153971167,196,,4153971169,56,Back,4156144085,178,,4153971177,213,4.7,4153971175,212,47.9,9kywhmzih4xhuz5d1rrxjcpd6,R. Tagir,,,,,,,,,,,,,,,,,,,,,,,,,,,,,,,,,,,,,,,,,
2526804749,685,1,2,75,18,2nhn3ikl1ciq34w3hcp883d6p,1,42.9,6.7,2023-04-01T17:50:06.225Z,2023-04-02T11:52:27Z,4153971633,141,5.2,4153971631,140,57.5,4156144165,178,,4153971637,213,6.2,4153971635,212,15.4,4153971629,56,Right,,,,,,,e2z19y8is5m24brpa3gzn02qx,B. Reynolds,,,,,,,,,,,,,,,,,,,,,,,,,,,,,,,,,,,,,,,,,
2526804777,686,1,2,75,23,2nhn3ikl1ciq34w3hcp883d6p,1,64.2,2.3,2023-04-01T17:50:11.027Z,2023-04-02T11:52:25Z,4153971779,212,18.2,4153971781,213,2.3,4153971773,56,Center,4153971775,140,52.6,4156144277,178,,4153971777,141,22.1,,,,,,,96xomdtz505yoaz35i5bb8f84,N. Dorgeles,,,,,,,,,,,,,,,,,,,,,,,,,,,,,,,,,,,,,,,,,
2526804839,687,1,2,75,25,2nhn3ikl1ciq34w3hcp883d6p,1,53.3,16,2023-04-01T17:50:13.604Z,2023-04-02T11:52:23Z,4153972101,56,Center,4156144333,178,,4153972103,140,55.8,4153972109,213,1.5,4153972107,212,31.3,4153972105,141,61.8,,,,,,,8hl43dvm1d57g011yacyoooa1,M. Fixelles,,,,,,,,,,,,,,,,,,,,,,,,,,,,,,,,,,,,,,,,,
2526804913,688,1,2,75,30,2nhn3ikl1ciq34w3hcp883d6p,1,57.5,52.8,2023-04-01T17:50:18.012Z,2023-04-02T11:52:22Z,4153972529,212,31.3,4153972521,155,,4153972523,56,Right,4156144403,178,,4153972525,140,64.2,4153972531,213,4.9,4153972527,141,8.0,,,,9kywhmzih4xhuz5d1rrxjcpd6,R. Tagir,,,,,,,,,,,,,,,,,,,,,,,,,,,,,,,,,,,,,,,,,
2526804983,689,1,2,75,36,2nhn3ikl1ciq34w3hcp883d6p,1,73.6,12.6,2023-04-01T17:50:24.333Z,2023-04-02T11:52:20Z,4153972893,140,68.0,4153972891,56,Center,4156144491,178,,4153972899,213,2.2,4153972897,212,10.7,4153972895,141,25.8,,,,,,,e2z19y8is5m24brpa3gzn02qx,B. Reynolds,,,,,,,,,,,,,,,,,,,,,,,,,,,,,,,,,,,,,,,,,
2526805039,690,1,2,75,41,2nhn3ikl1ciq34w3hcp883d6p,1,68.2,46,2023-04-01T17:50:29.574Z,2023-04-02T11:52:18Z,4153973191,141,84.5,4153973187,56,Left,4153973193,212,26.7,4153973189,140,73.3,4153973195,213,1.4,4156144589,178,,,,,,,,2j8y06wuinnx87eetadj55zo5,N. Chadli,,,,,,,,,,,,,,,,,,,,,,,,,,,,,,,,,,,,,,,,,
2526805091,691,1,2,75,45,2nhn3ikl1ciq34w3hcp883d6p,1,74.8,84.8,2023-04-01T17:50:32.731Z,2023-04-02T11:52:17Z,4153973481,56,Left,4156144707,178,,4153973483,140,87.5,4153973489,213,0.3,4153973487,212,13.8,4153973485,141,90.3,,,,,,,auqy1bigw2a1owxg441wojzyt,L. Van Eenoo,,,,,,,,,,,,,,,,,,,,,,,,,,,,,,,,,,,,,,,,,
2526805119,692,1,2,75,50,2nhn3ikl1ciq34w3hcp883d6p,0,75,87.4,2023-04-01T17:50:37.852Z,2023-04-02T11:52:15Z,4153973627,212,26.6,4155108765,223,,4155108767,20,,4153973615,2,,4153973625,141,52.7,4153973621,56,Center,4153973623,140,86.7,4156144799,178,,9qm1adecprlczxw7ldbpvoi51,E. Jordanov,4153973619,155,,,4153973629,213,5.2,,,,,,,,,,,,,,,,,,,,,,,,,,,,,,,,,,
2526805141,702,12,2,75,51,920raeoumft3q2wmvc296uceo,1,10.9,48.6,2023-04-01T17:50:39.432Z,2023-04-02T11:52:15Z,4153973731,140,23.0,4153973733,141,75.6,4156144887,388,,4153973781,15,,4153973735,212,22.3,4153973729,56,Back,4153973737,213,1.0,,,,3bhmh2ks5ma4rqda9zff6w251,S. Knežević,,,,,,,,,,,,,,,,,,,,,,,,,,,,,,,,,,,,,,,,,
2526805203,703,1,2,75,55,920raeoumft3q2wmvc296uceo,1,14.3,78.2,2023-04-01T17:50:43.431Z,2023-04-02T11:52:14Z,4153974057,141,76.4,4153974053,56,Back,4156145487,388,,4153974061,213,6.2,4153974059,212,17.6,4153974055,140,31.0,,,,,,,14xb29tv90y8uataijmh03rah,D. Heymans,,,,,,,,,,,,,,,,,,,,,,,,,,,,,,,,,,,,,,,,,
2526805205,704,49,2,75,58,920raeoumft3q2wmvc296uceo,1,27.8,96.6,2023-04-01T17:50:46.303Z,2023-04-02T11:52:13Z,,,,,,,,,,,,,,,,,,,,,,,,,5ecklu1u6t21rhh8fh4zoq2cq,A. Zorgane,,,,,,,,,,,,,,,,,,,,,,,,,,,,,,,,,,,,,,,,,
2526805287,705,1,2,75,58,920raeoumft3q2wmvc296uceo,1,28.1,96.7,2023-04-01T17:50:46.382Z,2023-04-02T11:52:13Z,4156145863,178,,4153974491,212,4.2,4153974487,140,25.3,4153974493,213,3.9,4153974485,56,Back,4153974489,141,92.3,,,,,,,5ecklu1u6t21rhh8fh4zoq2cq,A. Zorgane,,,,,,,,,,,,,,,,,,,,,,,,,,,,,,,,,,,,,,,,,
2526805353,706,1,2,76,3,920raeoumft3q2wmvc296uceo,1,33.6,86.3,2023-04-01T17:50:50.936Z,2023-04-02T11:52:12Z,4153974859,212,16.7,4153974861,213,3.8,4153974855,140,20.8,4156145931,178,,4153974853,56,Back,4153974857,141,71.7,,,,,,,14xb29tv90y8uataijmh03rah,D. Heymans,,,,,,,,,,,,,,,,,,,,,,,,,,,,,,,,,,,,,,,,,
2526805391,707,1,2,76,7,920raeoumft3q2wmvc296uceo,1,18.8,64.2,2023-04-01T17:50:55.100Z,2023-04-02T11:52:11Z,4153975049,56,Back,4153975055,212,17.6,4156145977,178,,4153975057,213,3.6,4153975053,141,53.4,4153975051,140,3.6,,,,,,,87d73x3gkomc4soukr5uweqc5,I. Mbenza,,,,,,,,,,,,,,,,,,,,,,,,,,,,,,,,,,,,,,,,,
2526805411,708,1,2,76,9,920raeoumft3q2wmvc296uceo,0,4.9,50.9,2023-04-01T17:50:56.934Z,2023-04-02T11:52:10Z,4153975169,141,39.4,4153975163,157,,4153975175,1,,4153975165,56,Back,4153975173,213,6.1,4153975171,212,34.6,4156146061,178,,4153975167,140,37.0,btyk45f7gmz3ck2dafpp22yg9,H. Koffi,,,,,,,,,,,,,,,,,,,,,,,,,,,,,,,,,,,,,,,,,
2526805429,693,61,2,76,12,2nhn3ikl1ciq34w3hcp883d6p,0,60.4,58.7,2023-04-01T17:50:59.769Z,2023-04-02T11:52:10Z,4156147269,388,,4153975247,56,Center,,,,,,,,,,,,,,,,,,,9kywhmzih4xhuz5d1rrxjcpd6,R. Tagir,,,,,,,,,,,,,,,,,,,,,,,,,,,,,,,,,,,,,,,,,
2526805525,709,1,2,76,14,920raeoumft3q2wmvc296uceo,1,31.5,35,2023-04-01T17:51:02.058Z,2023-04-02T11:52:09Z,4153975679,141,12.5,4153975683,213,4.5,4156147363,178,,4153975681,212,15.5,4153975675,56,Back,4153975677,140,28.9,,,,,,,8zz5lnxo7twq8ntb7e0qfvbv9,M. Ilaimaharitra,,,,,,,,,,,,,,,,,,,,,,,,,,,,,,,,,,,,,,,,,
2526805533,710,4,2,76,18,920raeoumft3q2wmvc296uceo,1,42.4,7.4,2023-04-01T17:51:06.099Z,2023-04-02T11:52:08Z,4153975841,233,694,4153975709,295,,4153975707,13,,4153975713,152,,4153975711,56,Back,4156743515,286,,,,,,,,72xzl0yjdetvqp2n1pmzyqvze,A. Hosseinzadeh,,,,,,,,,,,,,,,,,,,,,,,,,,,,,,,,,,,,,,,,,
2526805547,694,4,2,76,18,2nhn3ikl1ciq34w3hcp883d6p,0,57.6,92.6,2023-04-01T17:51:06.100Z,2023-04-02T11:52:08Z,4153975895,233,710,4153975807,56,Left,4156743531,285,,4153975805,295,,4156147463,178,,4153975803,13,,4153975809,152,,,,,9qm1adecprlczxw7ldbpvoi51,E. Jordanov,,,,,,,,,,,,,,,,,,,,,,,,,,,,,,,,,,,,,,,,,
2526805603,695,17,2,76,24,2nhn3ikl1ciq34w3hcp883d6p,1,0,0,2023-04-01T17:51:11.773Z,2023-04-02T05:14:15Z,4153976121,393,,4153976123,13,243,4153976119,31,,,,,,,,,,,,,,,,,9qm1adecprlczxw7ldbpvoi51,E. Jordanov,,,,,,,,,,,,,,,,,,,,,,,,,,,,,,,,,,,,,,,,,
2526806033,711,18,2,76,49,920raeoumft3q2wmvc296uceo,1,0,0,2023-04-01T17:51:37.010Z,2023-04-02T05:14:27Z,4153978213,42,,4153978305,55,712,4153978217,59,18,4153978215,44,Midfielder,,,,,,,,,,,,,14xb29tv90y8uataijmh03rah,D. Heymans,,,,,,,,,,,,,,,,,,,,,,,,,,,,,,,,,,,,,,,,,
2526806047,712,19,2,76,49,920raeoumft3q2wmvc296uceo,1,0,0,2023-04-01T17:51:37.011Z,2023-04-02T05:14:27Z,4153978285,44,Forward,4153978287,55,711,4153978277,145,11,4153978279,59,10,4153978273,42,,4153978281,292,9,4153978283,293,1,,,,bz77hr28a1yskifpuvzu8smsq,Y. Badji,,,,,,,,,,,,,,,,,,,,,,,,,,,,,,,,,,,,,,,,,
2526806147,713,1,2,77,0,920raeoumft3q2wmvc296uceo,1,42.6,8.9,2023-04-01T17:51:47.783Z,2023-04-02T11:52:08Z,4153978879,213,0.2,4153978867,155,,4153978865,5,,4153978875,141,18.5,4153978869,152,,4156147907,178,,4153978877,212,32.5,4153978873,140,72.9,ae26s08xs4l50sfm0r6jbsley,S. Andreou,4153978881,1,,,4153978871,56,Right,,,,,,,,,,,,,,,,,,,,,,,,,,,,,,,,,,
2526806203,714,1,2,77,2,920raeoumft3q2wmvc296uceo,1,72.2,15.7,2023-04-01T17:51:50.093Z,2023-04-02T11:52:07Z,4156149075,21,,4153979197,140,69.0,4153979195,56,Center,4155111975,156,,4153979203,213,2.0,4156149073,388,,4153979201,212,8.2,4153979199,141,26.7,bz77hr28a1yskifpuvzu8smsq,Y. Badji,,,,,,,,,,,,,,,,,,,,,,,,,,,,,,,,,,,,,,,,,
2526806563,716,61,2,77,3,920raeoumft3q2wmvc296uceo,0,69.1,21.5,2023-04-01T17:51:50.977Z,2023-04-02T11:52:07Z,4156149321,178,,4153981307,56,Center,,,,,,,,,,,,,,,,,,,72xzl0yjdetvqp2n1pmzyqvze,A. Hosseinzadeh,,,,,,,,,,,,,,,,,,,,,,,,,,,,,,,,,,,,,,,,,
2526806155,696,4,2,77,7,2nhn3ikl1ciq34w3hcp883d6p,1,27.1,73.1,2023-04-01T17:51:55.083Z,2023-04-02T11:52:07Z,4153978909,10,,4153979263,233,715,4153978915,285,,4153978911,56,Back,4153978913,152,,,,,,,,,,,,,,,,,,,,,,,,,,,,,,,,,,,,,,,,,,,,,,,,,,,,,
2526806205,715,4,2,77,7,920raeoumft3q2wmvc296uceo,0,72.9,26.9,2023-04-01T17:51:55.084Z,2023-04-02T11:52:06Z,4153979283,233,696,4153979211,10,,4153979213,56,Center,4153979215,152,,4153979217,286,,4156149589,178,,,,,,,,72xzl0yjdetvqp2n1pmzyqvze,A. Hosseinzadeh,,,,,,,,,,,,,,,,,,,,,,,,,,,,,,,,,,,,,,,,,
2526806195,697,1,2,77,9,2nhn3ikl1ciq34w3hcp883d6p,1,26.8,75.8,2023-04-01T17:51:57.237Z,2023-04-02T11:52:06Z,4153979149,152,,4153979155,141,88.0,4153979157,212,13.1,4153979159,213,0.7,4156149803,178,,4153979153,140,36.5,4153979147,5,,4153979151,56,Back,auqy1bigw2a1owxg441wojzyt,L. Van Eenoo,,,,,,,,,,,,,,,,,,,,,,,,,,,,,,,,,,,,,,,,,
2526806211,698,1,2,77,12,2nhn3ikl1ciq34w3hcp883d6p,1,40.5,89.1,2023-04-01T17:52:00.288Z,2023-04-02T11:52:05Z,4156149849,178,,4153979247,212,3.3,4153979251,213,1.7,4153979243,141,93.9,4153979239,56,Back,4153979241,140,40.2,,,,,,,9qm1adecprlczxw7ldbpvoi51,E. Jordanov,,,,,,,,,,,,,,,,,,,,,,,,,,,,,,,,,,,,,,,,,
2526806271,699,1,2,77,14,2nhn3ikl1ciq34w3hcp883d6p,1,43.8,96.2,2023-04-01T17:52:02.350Z,2023-04-02T11:52:04Z,4153979593,212,41.6,4153979587,56,Back,4153979591,141,72.9,4156150067,178,,4153979595,213,3.5,4153979589,140,7.2,4153979597,1,,,,,dd711ekg0nlaosmsy2lz13syy,T. Van den Keybus,,,,,,,,,,,,,,,,,,,,,,,,,,,,,,,,,,,,,,,,,
2526806297,700,1,2,77,20,2nhn3ikl1ciq34w3hcp883d6p,1,11.1,66.8,2023-04-01T17:52:08.287Z,2023-04-02T11:52:03Z,4153979771,213,5.1,4153979765,140,20.1,4153979767,141,34.0,4156150471,178,,4153979769,212,24.2,4153979761,56,Back,,,,,,,9kywhmzih4xhuz5d1rrxjcpd6,R. Tagir,,,,,,,,,,,,,,,,,,,,,,,,,,,,,,,,,,,,,,,,,
2526806321,701,1,2,77,23,2nhn3ikl1ciq34w3hcp883d6p,1,22.3,27.4,2023-04-01T17:52:11.315Z,2023-04-02T11:52:02Z,4153979915,56,Back,4153979919,141,9.2,4156150645,178,,4153979921,212,20.3,4153979923,213,5.6,4153979917,140,37.6,,,,,,,5ujoracvgg00kzd0a8rh8oa1h,R. Neustädter,,,,,,,,,,,,,,,,,,,,,,,,,,,,,,,,,,,,,,,,,
2526806341,702,1,2,77,25,2nhn3ikl1ciq34w3hcp883d6p,1,36.4,3.6,2023-04-01T17:52:12.919Z,2023-04-02T11:52:02Z,4153980013,213,2.2,4153980007,140,28.0,4153980011,212,14.1,4156150755,178,,4153980005,56,Back,4153980009,141,19.7,,,,,,,e2z19y8is5m24brpa3gzn02qx,B. Reynolds,,,,,,,,,,,,,,,,,,,,,,,,,,,,,,,,,,,,,,,,,
2526806391,703,1,2,77,28,2nhn3ikl1ciq34w3hcp883d6p,1,31.1,18.9,2023-04-01T17:52:16.477Z,2023-04-02T11:52:01Z,4156150809,178,,4153980313,141,62.7,4153980311,140,30.8,4153980315,212,29.8,4153980309,56,Back,4153980317,213,1.6,,,,,,,5ujoracvgg00kzd0a8rh8oa1h,R. Neustädter,,,,,,,,,,,,,,,,,,,,,,,,,,,,,,,,,,,,,,,,,
2526806411,704,1,2,77,32,2nhn3ikl1ciq34w3hcp883d6p,1,32.3,73.1,2023-04-01T17:52:20.498Z,2023-04-02T11:52:01Z,4156150853,178,,4153980465,212,8.8,4153980467,213,1.3,4153980459,56,Back,4153980463,141,85.6,4153980461,140,34.4,,,,,,,9kywhmzih4xhuz5d1rrxjcpd6,R. Tagir,,,,,,,,,,,,,,,,,,,,,,,,,,,,,,,,,,,,,,,,,
2526806431,705,1,2,77,35,2nhn3ikl1ciq34w3hcp883d6p,1,38.8,87.6,2023-04-01T17:52:22.918Z,2023-04-02T11:51:59Z,4153980581,56,Left,4153980587,212,15.7,4153980583,140,53.0,4156150959,178,,4153980585,141,95.0,4153980589,213,0.3,,,,,,,auqy1bigw2a1owxg441wojzyt,L. Van Eenoo,,,,,,,,,,,,,,,,,,,,,,,,,,,,,,,,,,,,,,,,,
2526806447,706,1,2,77,36,2nhn3ikl1ciq34w3hcp883d6p,1,51.5,98.6,2023-04-01T17:52:24.171Z,2023-04-02T11:51:59Z,4153980659,213,3.8,4153980653,140,36.9,4156151069,178,,4153980651,56,Back,4153980655,141,82.6,4153980657,212,18.8,,,,,,,9qm1adecprlczxw7ldbpvoi51,E. Jordanov,,,,,,,,,,,,,,,,,,,,,,,,,,,,,,,,,,,,,,,,,
2526806493,707,1,2,77,38,2nhn3ikl1ciq34w3hcp883d6p,1,37.5,88.4,2023-04-01T17:52:26.507Z,2023-04-02T11:51:58Z,4153980945,56,Back,4153980947,140,28.4,4153980951,212,20.9,4153980953,213,4.2,4156151189,178,,4153980949,141,61.1,,,,,,,auqy1bigw2a1owxg441wojzyt,L. Van Eenoo,,,,,,,,,,,,,,,,,,,,,,,,,,,,,,,,,,,,,,,,,
2526806537,708,1,2,77,41,2nhn3ikl1ciq34w3hcp883d6p,1,32.7,63.5,2023-04-01T17:52:29.621Z,2023-04-02T11:51:57Z,4156151237,178,,4153981193,56,Right,4153981191,155,,4153981199,212,45.5,4153981201,213,5.2,4153981203,1,,4153981197,141,5.8,4153981195,140,54.7,9kywhmzih4xhuz5d1rrxjcpd6,R. Tagir,,,,,,,,,,,,,,,,,,,,,,,,,,,,,,,,,,,,,,,,,
2526806569,709,1,2,77,47,2nhn3ikl1ciq34w3hcp883d6p,1,54.1,0.1,2023-04-01T17:52:34.940Z,2023-04-02T11:51:56Z,4153981345,140,40.8,4153981347,141,17.7,4153981351,213,2.4,4156151317,178,,4153981349,212,18.4,4153981343,56,Back,,,,,,,e2z19y8is5m24brpa3gzn02qx,B. Reynolds,,,,,,,,,,,,,,,,,,,,,,,,,,,,,,,,,,,,,,,,,
2526806593,710,1,2,77,50,2nhn3ikl1ciq34w3hcp883d6p,1,40.8,16,2023-04-01T17:52:37.756Z,2023-04-02T11:51:55Z,4153981481,140,43.8,4156151379,178,,4153981483,141,67.5,4153981479,56,Back,4153981489,1,,4153981487,213,1.5,4153981485,212,35.2,,,,5ujoracvgg00kzd0a8rh8oa1h,R. Neustädter,,,,,,,,,,,,,,,,,,,,,,,,,,,,,,,,,,,,,,,,,
2526806643,711,1,2,77,53,2nhn3ikl1ciq34w3hcp883d6p,1,49.6,76.7,2023-04-01T17:52:41.316Z,2023-04-02T11:51:55Z,4156151445,178,,4153981729,141,93.0,4153981731,212,21.0,4153981727,140,66.6,4153981733,213,0.6,4153981725,56,Left,,,,,,,9kywhmzih4xhuz5d1rrxjcpd6,R. Tagir,,,,,,,,,,,,,,,,,,,,,,,,,,,,,,,,,,,,,,,,,
2526806671,712,1,2,77,57,2nhn3ikl1ciq34w3hcp883d6p,1,70.6,98,2023-04-01T17:52:45.260Z,2023-04-02T11:51:53Z,4153981869,141,90.8,4153981873,213,5.9,4153981865,56,Left,4153981871,212,13.6,4156151541,178,,4153981867,140,82.7,,,,,,,9qm1adecprlczxw7ldbpvoi51,E. Jordanov,,,,,,,,,,,,,,,,,,,,,,,,,,,,,,,,,,,,,,,,,
2526806679,714,50,2,77,58,2nhn3ikl1ciq34w3hcp883d6p,1,76.9,95,2023-04-01T17:52:46.477Z,2023-04-02T11:51:53Z,4153981921,286,,4153982031,233,717,4153981911,56,Left,,,,,,,,,,,,,,,,auqy1bigw2a1owxg441wojzyt,L. Van Eenoo,,,,,,,,,,,,,,,,,,,,,,,,,,,,,,,,,,,,,,,,,
2526806697,717,7,2,77,59,920raeoumft3q2wmvc296uceo,1,23.1,5,2023-04-01T17:52:46.737Z,2023-04-02T11:51:52Z,4153981997,285,,4153982019,233,714,4153981995,56,Back,4155113991,384,,4156151729,178,,,,,,,,,,,39bcswfqnpa07b4afevezejo4,J. Tchatchoua,,,,,,,,,,,,,,,,,,,,,,,,,,,,,,,,,,,,,,,,,
2526806675,713,43,2,77,59,2nhn3ikl1ciq34w3hcp883d6p,1,0,0,2023-04-01T17:52:47.471Z,2023-04-01T17:52:56Z,4153982459,144,61,4153981895,56,Left,,,,,,,,,,,,,,,,,,,auqy1bigw2a1owxg441wojzyt,L. Van Eenoo,,,,,,,,,,,,,,,,,,,,,,,,,,,,,,,,,,,,,,,,,
2526806703,718,49,2,77,59,920raeoumft3q2wmvc296uceo,1,24.8,6.4,2023-04-01T17:52:47.533Z,2023-04-02T11:51:52Z,,,,,,,,,,,,,,,,,,,,,,,,,72xzl0yjdetvqp2n1pmzyqvze,A. Hosseinzadeh,,,,,,,,,,,,,,,,,,,,,,,,,,,,,,,,,,,,,,,,,
2526806759,719,1,2,78,0,920raeoumft3q2wmvc296uceo,1,25.5,5.8,2023-04-01T17:52:48.070Z,2023-04-02T11:51:51Z,4153982307,213,2.1,4153982299,56,Back,4153982305,212,6.4,4153982303,141,13.8,4156151879,178,,4153982301,140,22.3,,,,,,,72xzl0yjdetvqp2n1pmzyqvze,A. Hosseinzadeh,,,,,,,,,,,,,,,,,,,,,,,,,,,,,,,,,,,,,,,,,
2526806763,720,61,2,78,1,920raeoumft3q2wmvc296uceo,0,38.5,5.9,2023-04-01T17:52:49.570Z,2023-04-02T11:51:51Z,4156152081,178,,4153982323,56,Back,,,,,,,,,,,,,,,,,,,bz77hr28a1yskifpuvzu8smsq,Y. Badji,,,,,,,,,,,,,,,,,,,,,,,,,,,,,,,,,,,,,,,,,
2526806753,715,49,2,78,2,2nhn3ikl1ciq34w3hcp883d6p,1,62.7,89.5,2023-04-01T17:52:50.594Z,2023-04-02T11:51:50Z,,,,,,,,,,,,,,,,,,,,,,,,,8hl43dvm1d57g011yacyoooa1,M. Fixelles,,,,,,,,,,,,,,,,,,,,,,,,,,,,,,,,,,,,,,,,,
2527011807,886,3,2,78,2,2nhn3ikl1ciq34w3hcp883d6p,0,62.6,89.7,2023-04-01T17:52:50.641Z,2023-04-02T11:51:50Z,4155114509,56,Left,4155114515,467,bz77hr28a1yskifpuvzu8smsq,4155114511,286,,4155114513,464,,4156152265,178,,,,,,,,,,,8hl43dvm1d57g011yacyoooa1,M. Fixelles,,,,,,,,,,,,,,,,,,,,,,,,,,,,,,,,,,,,,,,,,
2526806777,716,4,2,78,3,2nhn3ikl1ciq34w3hcp883d6p,1,63.4,90.7,2023-04-01T17:52:50.952Z,2023-04-02T11:51:49Z,4153982371,13,,4153982373,56,Left,4153982693,233,721,4153982379,286,,4153982377,265,,4153982375,152,,,,,,,,8hl43dvm1d57g011yacyoooa1,M. Fixelles,,,,,,,,,,,,,,,,,,,,,,,,,,,,,,,,,,,,,,,,,
2526806833,721,4,2,78,3,920raeoumft3q2wmvc296uceo,0,36.6,9.3,2023-04-01T17:52:50.953Z,2023-04-02T11:51:49Z,4153982629,13,,4153982635,265,,4153982637,285,,4156152527,178,,4153982631,56,Back,4153982713,233,716,4153982633,152,,,,,bz77hr28a1yskifpuvzu8smsq,Y. Badji,,,,,,,,,,,,,,,,,,,,,,,,,,,,,,,,,,,,,,,,,
2526806859,722,17,2,78,11,920raeoumft3q2wmvc296uceo,1,0,0,2023-04-01T17:52:58.780Z,2023-04-02T05:18:48Z,4153982771,31,,4153982773,392,,4153982775,13,243,,,,,,,,,,,,,,,,bz77hr28a1yskifpuvzu8smsq,Y. Badji,,,,,,,,,,,,,,,,,,,,,,,,,,,,,,,,,,,,,,,,,
2526807317,717,1,2,78,57,2nhn3ikl1ciq34w3hcp883d6p,0,62.7,88.4,2023-04-01T17:53:44.892Z,2023-04-02T11:51:49Z,4153985325,140,87.3,4156152889,178,,4153985333,1,,4153985317,5,,4153985327,141,32.1,4153985331,213,5.3,4153985329,212,46.2,4153985319,155,,auqy1bigw2a1owxg441wojzyt,L. Van Eenoo,4153985323,56,Center,,4153985321,152,,,,,,,,,,,,,,,,,,,,,,,,,,,,,,,,,,,
2526807313,723,44,2,79,0,920raeoumft3q2wmvc296uceo,1,15.3,69.3,2023-04-01T17:53:47.740Z,2023-04-02T11:51:48Z,4153985295,285,,4153985293,56,Back,4153985425,233,718,,,,,,,,,,,,,,,,dqazrm2wmu9zqpvp8xbeeb7jd,V. Bayo,,,,,,,,,,,,,,,,,,,,,,,,,,,,,,,,,,,,,,,,,
2526807323,718,44,2,79,0,2nhn3ikl1ciq34w3hcp883d6p,0,84.7,30.7,2023-04-01T17:53:47.741Z,2023-04-02T11:51:48Z,4153985373,56,Center,4153985429,233,723,4153985379,286,,,,,,,,,,,,,,,,,5ujoracvgg00kzd0a8rh8oa1h,R. Neustädter,,,,,,,,,,,,,,,,,,,,,,,,,,,,,,,,,,,,,,,,,
2526807321,724,12,2,79,0,920raeoumft3q2wmvc296uceo,1,14.8,70.2,2023-04-01T17:53:47.828Z,2023-04-02T11:51:48Z,4153985359,140,28.3,4153985381,15,,4153985365,213,0.3,4153985363,212,15.0,4153985361,141,77.5,4156153125,388,,4153985357,56,Back,,,,dqazrm2wmu9zqpvp8xbeeb7jd,V. Bayo,,,,,,,,,,,,,,,,,,,,,,,,,,,,,,,,,,,,,,,,,
2526807345,725,49,2,79,2,920raeoumft3q2wmvc296uceo,1,27.2,88.6,2023-04-01T17:53:50.304Z,2023-04-02T11:51:47Z,,,,,,,,,,,,,,,,,,,,,,,,,bz77hr28a1yskifpuvzu8smsq,Y. Badji,,,,,,,,,,,,,,,,,,,,,,,,,,,,,,,,,,,,,,,,,
2526807389,726,1,2,79,6,920raeoumft3q2wmvc296uceo,1,31.6,99.9,2023-04-01T17:53:54.205Z,2023-04-02T11:51:46Z,4153985707,56,Back,4153985713,212,14.9,4153985711,141,78.5,4156153303,178,,4153985715,213,4.5,4153985709,140,28.5,,,,,,,bz77hr28a1yskifpuvzu8smsq,Y. Badji,,,,,,,,,,,,,,,,,,,,,,,,,,,,,,,,,,,,,,,,,
2526807421,727,1,2,79,8,920raeoumft3q2wmvc296uceo,1,30,80.6,2023-04-01T17:53:56.622Z,2023-04-02T11:51:45Z,4153985863,56,Back,4156153433,178,,4153985869,212,17.7,4153985867,141,54.8,4153985871,213,4.9,4153985865,140,32.5,,,,,,,5ecklu1u6t21rhh8fh4zoq2cq,A. Zorgane,,,,,,,,,,,,,,,,,,,,,,,,,,,,,,,,,,,,,,,,,
2526807521,728,1,2,79,10,920raeoumft3q2wmvc296uceo,1,37,57.2,2023-04-01T17:53:58.628Z,2023-04-02T11:51:44Z,4156153597,178,,4153986393,213,5.8,4153986387,140,91.3,4153986391,212,65.6,4153986385,56,Right,4153986383,155,,4153986395,1,,4153986389,141,9.4,8zz5lnxo7twq8ntb7e0qfvbv9,M. Ilaimaharitra,,,,,,,,,,,,,,,,,,,,,,,,,,,,,,,,,,,,,,,,,
2526807567,729,1,2,79,20,920raeoumft3q2wmvc296uceo,1,93.1,6.2,2023-04-01T17:54:07.765Z,2023-04-02T11:51:42Z,4153986677,56,Right,4156153679,178,,4153986685,213,3.1,4153986681,141,6.4,4153986683,212,15.4,4153986679,140,78.4,,,,,,,39bcswfqnpa07b4afevezejo4,J. Tchatchoua,,,,,,,,,,,,,,,,,,,,,,,,,,,,,,,,,,,,,,,,,
2526807579,730,1,2,79,27,920raeoumft3q2wmvc296uceo,0,63,0.7,2023-04-01T17:54:14.921Z,2023-04-02T11:51:41Z,4153986783,140,78.2,4153986781,56,Right,4153986787,212,16.3,4153986785,141,5.6,4153986789,213,0.2,4156153801,178,,,,,,,,72xzl0yjdetvqp2n1pmzyqvze,A. Hosseinzadeh,,,,,,,,,,,,,,,,,,,,,,,,,,,,,,,,,,,,,,,,,
2527012473,887,61,2,79,27,2nhn3ikl1ciq34w3hcp883d6p,1,35.9,99.3,2023-04-01T17:54:14.979Z,2023-04-02T11:51:41Z,4155118567,56,Back,4156153911,178,,,,,,,,,,,,,,,,,,,,auqy1bigw2a1owxg441wojzyt,L. Van Eenoo,,,,,,,,,,,,,,,,,,,,,,,,,,,,,,,,,,,,,,,,,
2526807587,731,1,2,79,30,920raeoumft3q2wmvc296uceo,1,72,29.9,2023-04-01T17:54:18.301Z,2023-04-02T11:51:40Z,4153986817,212,11.1,4156154001,178,,4153986815,141,43.4,4153986811,56,Center,4153986813,140,77.9,4153986819,213,1.0,,,,,,,5ecklu1u6t21rhh8fh4zoq2cq,A. Zorgane,,,,,,,,,,,,,,,,,,,,,,,,,,,,,,,,,,,,,,,,,
2526807599,732,1,2,79,31,920raeoumft3q2wmvc296uceo,1,76.5,38.4,2023-04-01T17:54:19.095Z,2023-04-02T11:51:40Z,4153986905,212,7.4,4153986907,213,2.6,4156154061,178,,4153986901,140,70.3,4153986899,56,Center,4153986903,141,43.6,,,,,,,dqazrm2wmu9zqpvp8xbeeb7jd,V. Bayo,,,,,,,,,,,,,,,,,,,,,,,,,,,,,,,,,,,,,,,,,
2526807633,733,1,2,79,33,920raeoumft3q2wmvc296uceo,1,74.6,52,2023-04-01T17:54:21.221Z,2023-04-02T11:51:39Z,4153987111,140,77.5,4153987113,141,66.6,4156154179,178,,4153987117,213,1.3,4153987109,56,Center,4153987115,212,10.4,,,,,,,5ecklu1u6t21rhh8fh4zoq2cq,A. Zorgane,,,,,,,,,,,,,,,,,,,,,,,,,,,,,,,,,,,,,,,,,
2526807667,734,1,2,79,35,920raeoumft3q2wmvc296uceo,1,81.8,69.5,2023-04-01T17:54:23.207Z,2023-04-02T11:51:38Z,4153987299,140,72.4,4153987305,213,3.2,4156154321,178,,4153987303,212,9.9,4153987297,56,Center,4153987301,141,68.2,,,,,,,bz77hr28a1yskifpuvzu8smsq,Y. Badji,,,,,,,,,,,,,,,,,,,,,,,,,,,,,,,,,,,,,,,,,
2526807677,735,1,2,79,36,920raeoumft3q2wmvc296uceo,1,77.3,69.8,2023-04-01T17:54:24.625Z,2023-04-02T11:51:37Z,4153987377,213,1.2,4153987369,56,Left,4156154447,178,,4153987375,212,10.7,4153987371,140,81.0,4153987373,141,84.5,,,,,,,5ecklu1u6t21rhh8fh4zoq2cq,A. Zorgane,,,,,,,,,,,,,,,,,,,,,,,,,,,,,,,,,,,,,,,,,
2526807705,736,1,2,79,40,920raeoumft3q2wmvc296uceo,1,86.2,85.3,2023-04-01T17:54:27.867Z,2023-04-02T11:51:35Z,4153987527,213,3.4,4153987525,212,11.6,4153987523,141,80.3,4153987521,140,75.6,4156154521,178,,4153987519,56,Left,,,,,,,87d73x3gkomc4soukr5uweqc5,I. Mbenza,,,,,,,,,,,,,,,,,,,,,,,,,,,,,,,,,,,,,,,,,
2526807757,737,1,2,79,42,920raeoumft3q2wmvc296uceo,1,77,82.6,2023-04-01T17:54:30.515Z,2023-04-02T11:51:34Z,4153987785,213,3.6,4153987777,56,Center,4153987779,140,61.8,4156154811,178,,4153987781,141,72.4,4153987783,212,17.4,,,,,,,5ecklu1u6t21rhh8fh4zoq2cq,A. Zorgane,,,,,,,,,,,,,,,,,,,,,,,,,,,,,,,,,,,,,,,,,
2526807783,738,1,2,79,46,920raeoumft3q2wmvc296uceo,1,66.1,99.8,2023-04-01T17:54:34.014Z,2023-04-02T11:51:33Z,4153987925,140,73.3,4156154855,178,,4153987927,141,91.2,4153987931,213,5.6,4153987929,212,9.6,4153987921,155,,4153987923,56,Left,,,,4pbx40gvdmacim2n0k2qt41cl,J. Kayembe,,,,,,,,,,,,,,,,,,,,,,,,,,,,,,,,,,,,,,,,,
2526807789,739,44,2,79,47,920raeoumft3q2wmvc296uceo,1,79.9,93.7,2023-04-01T17:54:35.427Z,2023-04-02T11:51:33Z,4153987997,233,719,4153987967,286,,4153987949,56,Left,,,,,,,,,,,,,,,,5ecklu1u6t21rhh8fh4zoq2cq,A. Zorgane,,,,,,,,,,,,,,,,,,,,,,,,,,,,,,,,,,,,,,,,,
2526807771,719,44,2,79,47,2nhn3ikl1ciq34w3hcp883d6p,0,20.1,6.3,2023-04-01T17:54:35.428Z,2023-04-02T11:51:32Z,4153987853,285,,4153987851,56,Back,4153988021,233,739,,,,,,,,,,,,,,,,96xomdtz505yoaz35i5bb8f84,N. Dorgeles,,,,,,,,,,,,,,,,,,,,,,,,,,,,,,,,,,,,,,,,,
2526807817,740,1,2,79,47,920raeoumft3q2wmvc296uceo,0,80.2,97.7,2023-04-01T17:54:35.555Z,2023-04-02T11:51:32Z,4156155001,388,,4153988075,140,97.6,4153988077,141,94.4,4153988079,212,18.4,4153988071,3,,4153988073,56,Left,4153988081,213,6.2,,,,5ecklu1u6t21rhh8fh4zoq2cq,A. Zorgane,,,,,,,,,,,,,,,,,,,,,,,,,,,,,,,,,,,,,,,,,
2526807819,720,49,2,79,51,2nhn3ikl1ciq34w3hcp883d6p,1,1.7,3.7,2023-04-01T17:54:38.947Z,2023-04-02T11:51:32Z,,,,,,,,,,,,,,,,,,,,,,,,,e2z19y8is5m24brpa3gzn02qx,B. Reynolds,,,,,,,,,,,,,,,,,,,,,,,,,,,,,,,,,,,,,,,,,
2526807849,721,1,2,79,52,2nhn3ikl1ciq34w3hcp883d6p,1,0.6,3,2023-04-01T17:54:39.898Z,2023-04-02T11:51:31Z,4153988249,141,15.9,4156155203,178,,4153988245,56,Back,4153988253,213,0.7,4153988251,212,13.4,4153988247,140,10.3,,,,,,,e2z19y8is5m24brpa3gzn02qx,B. Reynolds,,,,,,,,,,,,,,,,,,,,,,,,,,,,,,,,,,,,,,,,,
2526807883,722,1,2,79,53,2nhn3ikl1ciq34w3hcp883d6p,1,11.3,17,2023-04-01T17:54:41.613Z,2023-04-02T11:51:30Z,4153988437,212,19.4,4156155271,178,,4153988435,141,27.4,4153988431,56,Back,4153988433,140,28.5,4153988439,213,0.4,,,,,,,8hl43dvm1d57g011yacyoooa1,M. Fixelles,,,,,,,,,,,,,,,,,,,,,,,,,,,,,,,,,,,,,,,,,
2526807947,723,1,2,79,57,2nhn3ikl1ciq34w3hcp883d6p,1,23.9,39.1,2023-04-01T17:54:45.518Z,2023-04-02T11:51:29Z,4153988829,141,82.0,4156155411,178,,4153988825,56,Back,4153988833,213,1.4,4153988827,140,29.0,4153988831,212,29.7,,,,,,,2j8y06wuinnx87eetadj55zo5,N. Chadli,,,,,,,,,,,,,,,,,,,,,,,,,,,,,,,,,,,,,,,,,
2526807973,724,1,2,80,5,2nhn3ikl1ciq34w3hcp883d6p,1,50.9,83.4,2023-04-01T17:54:53.484Z,2023-04-02T11:51:27Z,4153988975,213,4.2,4153988961,56,Back,4153988969,141,68.2,4153988965,140,45.7,4156155461,178,,4153988971,212,11.7,,,,,,,9qm1adecprlczxw7ldbpvoi51,E. Jordanov,,,,,,,,,,,,,,,,,,,,,,,,,,,,,,,,,,,,,,,,,
2526807987,725,1,2,80,8,2nhn3ikl1ciq34w3hcp883d6p,1,46.2,66.7,2023-04-01T17:54:56.190Z,2023-04-02T11:51:26Z,4153989055,141,13.4,4153989061,1,,4153989049,155,,4156155505,178,,4153989057,212,45.6,4153989059,213,5.4,4153989053,140,72.5,4153989051,56,Right,2j8y06wuinnx87eetadj55zo5,N. Chadli,,,,,,,,,,,,,,,,,,,,,,,,,,,,,,,,,,,,,,,,,
2526807999,726,1,2,80,10,2nhn3ikl1ciq34w3hcp883d6p,0,74.7,10.6,2023-04-01T17:54:58.313Z,2023-04-02T11:51:26Z,4153989145,213,3.7,4153989135,140,60.7,4153989131,56,Right,4156556449,388,,4153989139,141,0.0,4153989143,212,16.9,,,,,,,96xomdtz505yoaz35i5bb8f84,N. Dorgeles,,,,,,,,,,,,,,,,,,,,,,,,,,,,,,,,,,,,,,,,,
2526808001,727,5,2,80,12,2nhn3ikl1ciq34w3hcp883d6p,0,64.4,-1.8,2023-04-01T17:54:59.740Z,2023-04-02T05:21:14Z,4153989859,233,741,4153989149,347,,4153989147,56,Right,,,,,,,,,,,,,,,,96xomdtz505yoaz35i5bb8f84,N. Dorgeles,,,,,,,,,,,,,,,,,,,,,,,,,,,,,,,,,,,,,,,,,
2526808131,741,5,2,80,12,920raeoumft3q2wmvc296uceo,1,35.6,101.8,2023-04-01T17:54:59.740Z,2023-04-02T05:21:14Z,4153989831,347,,4153989839,233,727,4153989829,56,Back,,,,,,,,,,,,,,,,5ecklu1u6t21rhh8fh4zoq2cq,A. Zorgane,,,,,,,,,,,,,,,,,,,,,,,,,,,,,,,,,,,,,,,,,
2526808251,742,1,2,80,37,920raeoumft3q2wmvc296uceo,1,31.3,100,2023-04-01T17:55:24.712Z,2023-04-02T11:51:26Z,4153990447,107,,4153990451,140,40.7,4153990453,141,87.7,4153990457,213,5.5,4153990449,56,Back,4153990455,212,13.9,,,,,,,87d73x3gkomc4soukr5uweqc5,I. Mbenza,,,,,,,,,,,,,,,,,,,,,,,,,,,,,,,,,,,,,,,,,
2526808273,743,1,2,80,38,920raeoumft3q2wmvc296uceo,1,42.9,90.8,2023-04-01T17:55:26.616Z,2023-04-02T11:51:26Z,4153990545,56,Back,4153990547,140,33.8,4153990551,212,9.6,4153990553,213,3.1,4156168531,178,,4153990549,141,90.8,,,,,,,bz77hr28a1yskifpuvzu8smsq,Y. Badji,,,,,,,,,,,,,,,,,,,,,,,,,,,,,,,,,,,,,,,,,
2526808287,744,1,2,80,40,920raeoumft3q2wmvc296uceo,0,38.6,97.7,2023-04-01T17:55:27.921Z,2023-04-02T11:51:25Z,4153990625,213,5.0,4153990615,155,,4153990619,140,44.9,4153990623,212,22.5,4153990617,56,Back,4156168583,178,,4153990621,141,66.1,,,,5ecklu1u6t21rhh8fh4zoq2cq,A. Zorgane,,,,,,,,,,,,,,,,,,,,,,,,,,,,,,,,,,,,,,,,,
2526808291,728,8,2,80,41,2nhn3ikl1ciq34w3hcp883d6p,1,57,28.1,2023-04-01T17:55:29.090Z,2023-04-02T11:51:25Z,4155120845,384,,4153990637,56,Center,4153990671,15,,4156168641,388,,,,,,,,,,,,,,auqy1bigw2a1owxg441wojzyt,L. Van Eenoo,,,,,,,,,,,,,,,,,,,,,,,,,,,,,,,,,,,,,,,,,
2526808337,729,1,2,80,43,2nhn3ikl1ciq34w3hcp883d6p,0,63.7,43.4,2023-04-01T17:55:30.946Z,2023-04-02T11:51:24Z,4153990875,140,70.2,4156168671,388,,4153990877,141,61.2,4153990879,212,13.9,4153990873,56,Center,4153990881,213,1.1,4153990871,3,,,,,dd711ekg0nlaosmsy2lz13syy,T. Van den Keybus,,,,,,,,,,,,,,,,,,,,,,,,,,,,,,,,,,,,,,,,,
2526808441,745,1,2,80,45,920raeoumft3q2wmvc296uceo,1,36.2,34.2,2023-04-01T17:55:32.854Z,2023-04-02T11:51:24Z,4153991511,1,,4153991507,212,43.0,4153991505,141,14.7,4153991503,140,75.2,4153991501,56,Right,4156168789,178,,4153991509,213,6.0,,,,39bcswfqnpa07b4afevezejo4,J. Tchatchoua,,,,,,,,,,,,,,,,,,,,,,,,,,,,,,,,,,,,,,,,,
2527210625,1455,83,2,80,51,2nhn3ikl1ciq34w3hcp883d6p,1,14.6,94.4,2023-04-01T17:55:39.610Z,2023-04-02T11:51:21Z,4156199441,399,438561,,,,,,,,,,,,,,,,,,,,,,9qm1adecprlczxw7ldbpvoi51,E. Jordanov,,,,,,,,,,,,,,,,,,,,,,,,,,,,,,,,,,,,,,,,,
2526808479,746,1,2,80,54,920raeoumft3q2wmvc296uceo,1,84.5,1,2023-04-01T17:55:42.601Z,2023-04-02T11:51:19Z,4156168885,178,,4153991729,140,72.5,4153991735,213,2.9,4153991731,141,5.8,4153991727,56,Right,4153991733,212,13.0,,,,,,,72xzl0yjdetvqp2n1pmzyqvze,A. Hosseinzadeh,,,,,,,,,,,,,,,,,,,,,,,,,,,,,,,,,,,,,,,,,
2526808523,747,1,2,80,56,920raeoumft3q2wmvc296uceo,1,72.4,3.7,2023-04-01T17:55:44.541Z,2023-04-02T11:51:19Z,4153991997,56,Right,4156169523,178,,4153992005,213,2.8,4153992001,141,15.2,4153992003,212,22.3,4153991999,140,52.5,,,,,,,39bcswfqnpa07b4afevezejo4,J. Tchatchoua,,,,,,,,,,,,,,,,,,,,,,,,,,,,,,,,,,,,,,,,,
2526808527,748,1,2,81,2,920raeoumft3q2wmvc296uceo,0,51.9,9.5,2023-04-01T17:55:50.589Z,2023-04-02T11:51:16Z,4153992069,236,,4153992015,141,10.0,4153992077,286,,4153992017,212,2.8,4153992019,213,0.1,4153992073,233,730,4153992013,140,54.5,4156169583,178,,ae26s08xs4l50sfm0r6jbsley,S. Andreou,4153992011,56,Right,,,,,,,,,,,,,,,,,,,,,,,,,,,,,,,,,,,,,,
2526808535,730,74,2,81,2,2nhn3ikl1ciq34w3hcp883d6p,1,47.8,92.4,2023-04-01T17:55:50.637Z,2023-04-02T11:51:16Z,4153992047,56,Back,4153992051,285,,4156169667,178,,4153992105,233,748,,,,,,,,,,,,,dd711ekg0nlaosmsy2lz13syy,T. Van den Keybus,,,,,,,,,,,,,,,,,,,,,,,,,,,,,,,,,,,,,,,,,
2526808545,731,5,2,81,3,2nhn3ikl1ciq34w3hcp883d6p,0,43.5,101.6,2023-04-01T17:55:51.040Z,2023-04-02T05:33:26Z,4153992123,56,Back,4153992353,233,749,4153992125,347,,,,,,,,,,,,,,,,,dd711ekg0nlaosmsy2lz13syy,T. Van den Keybus,,,,,,,,,,,,,,,,,,,,,,,,,,,,,,,,,,,,,,,,,
2526808589,749,5,2,81,3,920raeoumft3q2wmvc296uceo,1,56.5,-1.6,2023-04-01T17:55:51.040Z,2023-04-02T05:33:25Z,4153992349,233,731,4153992339,347,,4153992335,56,Right,,,,,,,,,,,,,,,,ae26s08xs4l50sfm0r6jbsley,S. Andreou,,,,,,,,,,,,,,,,,,,,,,,,,,,,,,,,,,,,,,,,,
2526808605,750,1,2,81,9,920raeoumft3q2wmvc296uceo,0,59.2,0,2023-04-01T17:55:57.601Z,2023-04-02T11:51:16Z,4153992375,141,17.3,4153992379,212,15.9,4153992369,107,,4153992373,140,67.8,4153992383,213,1.0,4153992371,56,Right,,,,,,,39bcswfqnpa07b4afevezejo4,J. Tchatchoua,,,,,,,,,,,,,,,,,,,,,,,,,,,,,,,,,,,,,,,,,
2526808615,732,8,2,81,11,2nhn3ikl1ciq34w3hcp883d6p,1,31.1,88.6,2023-04-01T17:55:58.758Z,2023-04-02T11:51:15Z,4153992427,56,Back,4155121587,384,,4156170073,388,,4153992447,15,,,,,,,,,,,,,,auqy1bigw2a1owxg441wojzyt,L. Van Eenoo,,,,,,,,,,,,,,,,,,,,,,,,,,,,,,,,,,,,,,,,,
2526808623,733,49,2,81,12,2nhn3ikl1ciq34w3hcp883d6p,1,35.2,78.1,2023-04-01T17:56:00.156Z,2023-04-02T11:51:15Z,,,,,,,,,,,,,,,,,,,,,,,,,2j8y06wuinnx87eetadj55zo5,N. Chadli,,,,,,,,,,,,,,,,,,,,,,,,,,,,,,,,,,,,,,,,,
2526808637,734,1,2,81,13,2nhn3ikl1ciq34w3hcp883d6p,1,33.7,75.1,2023-04-01T17:56:01.532Z,2023-04-02T11:51:14Z,4153992577,141,71.4,4156170913,178,,4153992575,140,21.2,4153992581,213,3.3,4153992573,56,Back,4153992579,212,13.4,,,,,,,2j8y06wuinnx87eetadj55zo5,N. Chadli,,,,,,,,,,,,,,,,,,,,,,,,,,,,,,,,,,,,,,,,,
2526808721,735,1,2,81,16,2nhn3ikl1ciq34w3hcp883d6p,1,24.7,77.7,2023-04-01T17:56:03.812Z,2023-04-02T11:51:13Z,4153993011,140,27.9,4153993013,141,37.0,4156170985,178,,4153993017,213,4.8,4153993009,56,Back,4153993015,212,27.9,,,,,,,9kywhmzih4xhuz5d1rrxjcpd6,R. Tagir,,,,,,,,,,,,,,,,,,,,,,,,,,,,,,,,,,,,,,,,,
2526808747,736,1,2,81,23,2nhn3ikl1ciq34w3hcp883d6p,1,48.4,3.8,2023-04-01T17:56:11.138Z,2023-04-02T11:51:11Z,4153993163,141,6.8,4153993161,140,63.4,4153993167,213,0.1,4153993159,56,Right,4156171063,178,,4153993165,212,15.9,,,,,,,e2z19y8is5m24brpa3gzn02qx,B. Reynolds,,,,,,,,,,,,,,,,,,,,,,,,,,,,,,,,,,,,,,,,,
2526808765,737,1,2,81,25,2nhn3ikl1ciq34w3hcp883d6p,1,67.4,0.1,2023-04-01T17:56:13.308Z,2023-04-02T11:51:11Z,4153993241,212,19.0,4153993243,213,1.5,4153993239,141,28.0,4153993235,56,Center,4153993237,140,68.0,4156171171,178,,,,,,,,96xomdtz505yoaz35i5bb8f84,N. Dorgeles,,,,,,,,,,,,,,,,,,,,,,,,,,,,,,,,,,,,,,,,,
2526808813,738,1,2,81,26,2nhn3ikl1ciq34w3hcp883d6p,0,67.8,15.1,2023-04-01T17:56:14.355Z,2023-04-02T11:51:10Z,4153993479,213,6.1,4156171315,178,,4153993481,1,,4153993473,140,100.0,4153993471,56,Right,4153993475,141,4.3,4153993477,212,35.5,,,,f03fccqnepjczr841h0zqdeui,Y. Matsuo,,,,,,,,,,,,,,,,,,,,,,,,,,,,,,,,,,,,,,,,,
2526808821,751,56,2,81,31,920raeoumft3q2wmvc296uceo,1,0,0,2023-04-01T17:56:19.344Z,2023-04-02T11:51:10Z,4153993521,56,Back,,,,,,,,,,,,,,,,,,,,,,4pbx40gvdmacim2n0k2qt41cl,J. Kayembe,,,,,,,,,,,,,,,,,,,,,,,,,,,,,,,,,,,,,,,,,
2526808819,739,5,2,81,33,2nhn3ikl1ciq34w3hcp883d6p,0,101.1,5.1,2023-04-01T17:56:21.344Z,2023-04-02T05:34:48Z,4153993501,56,Right,4153993503,346,,4153993571,233,752,,,,,,,,,,,,,,,,f03fccqnepjczr841h0zqdeui,Y. Matsuo,,,,,,,,,,,,,,,,,,,,,,,,,,,,,,,,,,,,,,,,,
2526808827,752,5,2,81,33,920raeoumft3q2wmvc296uceo,1,-1.1,94.9,2023-04-01T17:56:21.344Z,2023-04-02T05:34:48Z,4153993549,346,,4153993567,233,739,4153993547,56,Back,,,,,,,,,,,,,,,,4pbx40gvdmacim2n0k2qt41cl,J. Kayembe,,,,,,,,,,,,,,,,,,,,,,,,,,,,,,,,,,,,,,,,,
2526809013,753,1,2,81,58,920raeoumft3q2wmvc296uceo,1,3.8,47,2023-04-01T17:56:46.251Z,2023-04-02T11:51:10Z,4153994649,140,7.3,4153994655,213,5.2,4153994659,237,,4153994645,124,,4153994653,212,7.8,4153994647,56,Back,4153994651,141,36.9,,,,btyk45f7gmz3ck2dafpp22yg9,H. Koffi,,,,,,,,,,,,,,,,,,,,,,,,,,,,,,,,,,,,,,,,,
2526809045,754,1,2,82,1,920raeoumft3q2wmvc296uceo,0,15.2,23.2,2023-04-01T17:56:49.356Z,2023-04-02T11:51:09Z,4153994821,1,,4153994813,140,61.8,4156171799,178,,4153994811,56,Center,4153994819,213,0.1,4153994817,212,49.3,4153994815,141,31.8,4153994809,157,,3bhmh2ks5ma4rqda9zff6w251,S. Knežević,,,,,,,,,,,,,,,,,,,,,,,,,,,,,,,,,,,,,,,,,
2526809031,740,44,2,82,4,2nhn3ikl1ciq34w3hcp883d6p,1,43.6,76.5,2023-04-01T17:56:51.939Z,2023-04-02T11:51:09Z,4153994737,56,Back,4153994855,233,755,4153994739,285,,,,,,,,,,,,,,,,,9kywhmzih4xhuz5d1rrxjcpd6,R. Tagir,,,,,,,,,,,,,,,,,,,,,,,,,,,,,,,,,,,,,,,,,
2526809047,755,44,2,82,4,920raeoumft3q2wmvc296uceo,0,56.4,23.5,2023-04-01T17:56:51.940Z,2023-04-02T11:51:08Z,4153994825,56,Center,4153994827,286,,4153994859,233,740,,,,,,,,,,,,,,,,bz77hr28a1yskifpuvzu8smsq,Y. Badji,,,,,,,,,,,,,,,,,,,,,,,,,,,,,,,,,,,,,,,,,
2526809037,741,1,2,82,4,2nhn3ikl1ciq34w3hcp883d6p,0,41.7,74.9,2023-04-01T17:56:52.042Z,2023-04-02T11:51:08Z,4153994773,140,56.4,4153994771,56,Center,4153994779,213,5.9,4153994769,3,,4153994777,212,16.7,4156171905,388,,4153994775,141,65.5,,,,9kywhmzih4xhuz5d1rrxjcpd6,R. Tagir,,,,,,,,,,,,,,,,,,,,,,,,,,,,,,,,,,,,,,,,,
2526809075,756,1,2,82,6,920raeoumft3q2wmvc296uceo,1,49.5,24.7,2023-04-01T17:56:53.926Z,2023-04-02T11:51:07Z,4153994969,56,Right,4153994977,141,16.9,4153994973,140,53.8,4153994981,212,7.0,4153994983,213,5.4,4156172025,178,,,,,,,,8zz5lnxo7twq8ntb7e0qfvbv9,M. Ilaimaharitra,,,,,,,,,,,,,,,,,,,,,,,,,,,,,,,,,,,,,,,,,
2526826291,862,1,2,82,6,920raeoumft3q2wmvc296uceo,1,50.9,16.7,2023-04-01T17:56:54.543Z,2023-04-02T11:51:07Z,4154088431,140,54.7,4154088433,141,28.9,4154088435,212,9.2,4154088429,56,Center,4156172075,178,,4154088437,213,1.1,,,,,,,72xzl0yjdetvqp2n1pmzyqvze,A. Hosseinzadeh,,,,,,,,,,,,,,,,,,,,,,,,,,,,,,,,,,,,,,,,,
2526809117,758,1,2,82,9,920raeoumft3q2wmvc296uceo,1,64.3,28.4,2023-04-01T17:56:57.589Z,2023-04-02T11:51:06Z,4153995185,212,9.4,4153995187,213,0.9,4156172173,178,,4153995179,56,Center,4153995183,141,39.2,4153995181,140,69.9,,,,,,,8zz5lnxo7twq8ntb7e0qfvbv9,M. Ilaimaharitra,,,,,,,,,,,,,,,,,,,,,,,,,,,,,,,,,,,,,,,,,
2526827387,863,61,2,82,10,920raeoumft3q2wmvc296uceo,0,70.7,39.6,2023-04-01T17:56:58.076Z,2023-04-02T11:51:05Z,4156172373,178,,4154094651,56,Center,,,,,,,,,,,,,,,,,,,dqazrm2wmu9zqpvp8xbeeb7jd,V. Bayo,,,,,,,,,,,,,,,,,,,,,,,,,,,,,,,,,,,,,,,,,
2526809115,757,43,2,82,10,920raeoumft3q2wmvc296uceo,1,0,0,2023-04-01T17:56:58.415Z,2023-04-01T22:35:48Z,4153995163,212,10.3,4153995161,141,30.7,4155126455,144,1,4153995157,56,Center,4153995159,140,63.5,4153995165,213,0.8,,,,,,,bz77hr28a1yskifpuvzu8smsq,Y. Badji,,,,,,,,,,,,,,,,,,,,,,,,,,,,,,,,,,,,,,,,,
2526809095,742,49,2,82,11,2nhn3ikl1ciq34w3hcp883d6p,1,31.6,67.6,2023-04-01T17:56:59.506Z,2023-04-02T11:51:05Z,,,,,,,,,,,,,,,,,,,,,,,,,8hl43dvm1d57g011yacyoooa1,M. Fixelles,,,,,,,,,,,,,,,,,,,,,,,,,,,,,,,,,,,,,,,,,
2526809133,743,1,2,82,14,2nhn3ikl1ciq34w3hcp883d6p,1,39.7,79.3,2023-04-01T17:57:02.147Z,2023-04-02T11:51:04Z,4153995277,141,89.4,4153995275,140,41.8,4156172579,178,,4153995273,56,Back,4153995281,213,1.3,4153995279,212,7.2,,,,,,,8hl43dvm1d57g011yacyoooa1,M. Fixelles,,,,,,,,,,,,,,,,,,,,,,,,,,,,,,,,,,,,,,,,,
2526809197,744,1,2,82,16,2nhn3ikl1ciq34w3hcp883d6p,1,47.1,95.4,2023-04-01T17:57:03.794Z,2023-04-02T11:51:03Z,4156172667,178,,4153995599,56,Left,4153995607,141,89.6,4153995611,213,6.0,4153995609,212,15.9,4153995603,140,61.8,,,,,,,dd711ekg0nlaosmsy2lz13syy,T. Van den Keybus,,,,,,,,,,,,,,,,,,,,,,,,,,,,,,,,,,,,,,,,,
2526809203,745,3,2,82,20,2nhn3ikl1ciq34w3hcp883d6p,0,66.6,75.6,2023-04-01T17:57:08.176Z,2023-04-02T11:51:01Z,4153995761,233,759,4153995637,286,,4155127271,464,,4156173023,178,,4153995635,56,Center,,,,,,,,,,f03fccqnepjczr841h0zqdeui,Y. Matsuo,,,,,,,,,,,,,,,,,,,,,,,,,,,,,,,,,,,,,,,,,
2526809223,759,7,2,82,20,920raeoumft3q2wmvc296uceo,1,33.4,24.4,2023-04-01T17:57:08.483Z,2023-04-02T11:51:01Z,4153995745,285,,4153995751,233,745,4155127333,385,,4156173159,178,,4153995743,56,Back,,,,,,,,,,5ecklu1u6t21rhh8fh4zoq2cq,A. Zorgane,,,,,,,,,,,,,,,,,,,,,,,,,,,,,,,,,,,,,,,,,
2526809233,760,1,2,82,22,920raeoumft3q2wmvc296uceo,0,26.9,23,2023-04-01T17:57:09.874Z,2023-04-02T11:51:00Z,4153995785,213,1.2,4153995793,233,746,4156173303,389,,4153995777,56,Back,4153995791,236,,4153995779,140,28.9,4153995781,141,32.2,4153995783,212,6.6,ae26s08xs4l50sfm0r6jbsley,S. Andreou,4153995797,286,,,,,,,,,,,,,,,,,,,,,,,,,,,,,,,,,,,,,,,
2526809215,746,74,2,82,22,2nhn3ikl1ciq34w3hcp883d6p,1,71.7,78.7,2023-04-01T17:57:09.959Z,2023-04-02T11:51:00Z,4153995805,233,760,4153995709,56,Center,4156173349,178,,4153995711,285,,,,,,,,,,,,,,f03fccqnepjczr841h0zqdeui,Y. Matsuo,,,,,,,,,,,,,,,,,,,,,,,,,,,,,,,,,,,,,,,,,
2527014225,873,45,2,82,23,920raeoumft3q2wmvc296uceo,0,24.8,34,2023-04-01T17:57:11.153Z,2023-04-02T11:51:00Z,4155128287,285,,4155128285,56,Back,4155182923,233,888,,,,,,,,,,,,,,,,3bhmh2ks5ma4rqda9zff6w251,S. Knežević,,,,,,,,,,,,,,,,,,,,,,,,,,,,,,,,,,,,,,,,,
2527014201,888,3,2,82,23,2nhn3ikl1ciq34w3hcp883d6p,1,75.2,66,2023-04-01T17:57:11.153Z,2023-04-02T11:50:59Z,4155128189,56,Center,4155182895,233,873,4156173413,178,,4155128191,286,,4155128193,464,,,,,,,,,,,2j8y06wuinnx87eetadj55zo5,N. Chadli,,,,,,,,,,,,,,,,,,,,,,,,,,,,,,,,,,,,,,,,,
2526809257,747,1,2,82,25,2nhn3ikl1ciq34w3hcp883d6p,0,75.7,75.5,2023-04-01T17:57:13.445Z,2023-04-02T11:50:58Z,4153995923,141,84.2,4153995921,140,86.4,4153995919,56,Left,4153995927,213,0.5,4153995925,212,12.7,4156173479,178,,,,,,,,2j8y06wuinnx87eetadj55zo5,N. Chadli,,,,,,,,,,,,,,,,,,,,,,,,,,,,,,,,,,,,,,,,,
2526809259,761,8,2,82,27,920raeoumft3q2wmvc296uceo,1,14.7,16.8,2023-04-01T17:57:15.046Z,2023-04-02T11:50:58Z,4155128749,385,,4153995943,56,Back,4156173707,389,,,,,,,,,,,,,,,,,39bcswfqnpa07b4afevezejo4,J. Tchatchoua,,,,,,,,,,,,,,,,,,,,,,,,,,,,,,,,,,,,,,,,,
2526809323,748,5,2,82,29,2nhn3ikl1ciq34w3hcp883d6p,1,82.9,101.7,2023-04-01T17:57:17.421Z,2023-04-02T05:36:45Z,4153996273,56,Left,4153996331,233,762,4153996275,347,,,,,,,,,,,,,,,,,2j8y06wuinnx87eetadj55zo5,N. Chadli,,,,,,,,,,,,,,,,,,,,,,,,,,,,,,,,,,,,,,,,,
2526809269,762,5,2,82,29,920raeoumft3q2wmvc296uceo,0,17.1,-1.7,2023-04-01T17:57:17.421Z,2023-04-02T05:36:45Z,4153995981,56,Back,4153995983,347,,4153996373,233,748,,,,,,,,,,,,,,,,39bcswfqnpa07b4afevezejo4,J. Tchatchoua,,,,,,,,,,,,,,,,,,,,,,,,,,,,,,,,,,,,,,,,,
2526809337,749,1,2,82,33,2nhn3ikl1ciq34w3hcp883d6p,1,65,100,2023-04-01T17:57:21.429Z,2023-04-02T11:50:58Z,4153996377,56,Left,4153996375,107,,4153996385,213,5.8,4153996381,141,92.4,4153996383,212,13.5,4153996379,140,76.5,4155129597,189,,,,,9qm1adecprlczxw7ldbpvoi51,E. Jordanov,,,,,,,,,,,,,,,,,,,,,,,,,,,,,,,,,,,,,,,,,
2526809349,750,1,2,82,35,2nhn3ikl1ciq34w3hcp883d6p,1,65.8,96.3,2023-04-01T17:57:23.610Z,2023-04-02T11:50:57Z,4156174279,178,,4153996431,140,79.4,4153996427,56,Left,4153996433,141,93.3,4153996435,212,14.4,4153996437,213,6.1,,,,,,,dd711ekg0nlaosmsy2lz13syy,T. Van den Keybus,,,,,,,,,,,,,,,,,,,,,,,,,,,,,,,,,,,,,,,,,
2526809361,751,1,2,82,37,2nhn3ikl1ciq34w3hcp883d6p,1,71.7,99.5,2023-04-01T17:57:24.779Z,2023-04-02T11:50:57Z,4153996519,213,5.4,4156174541,178,,4153996513,140,80.1,4153996511,56,Left,4153996515,141,83.6,4153996517,212,14.0,,,,,,,9qm1adecprlczxw7ldbpvoi51,E. Jordanov,,,,,,,,,,,,,,,,,,,,,,,,,,,,,,,,,,,,,,,,,
2526809371,752,1,2,82,39,2nhn3ikl1ciq34w3hcp883d6p,1,70.6,93,2023-04-01T17:57:26.995Z,2023-04-02T11:50:56Z,4153996553,212,5.0,4153996547,56,Left,4153996551,141,89.6,4156174617,178,,4153996549,140,74.8,4153996555,213,5.8,,,,,,,2j8y06wuinnx87eetadj55zo5,N. Chadli,,,,,,,,,,,,,,,,,,,,,,,,,,,,,,,,,,,,,,,,,
2526809375,753,1,2,82,40,2nhn3ikl1ciq34w3hcp883d6p,0,64.4,99.1,2023-04-01T17:57:27.789Z,2023-04-02T11:50:56Z,4153996595,212,16.7,4156174697,178,,4153996589,56,Left,4153996593,141,80.9,4153996591,140,75.1,4153996597,213,5.4,,,,,,,dd711ekg0nlaosmsy2lz13syy,T. Van den Keybus,,,,,,,,,,,,,,,,,,,,,,,,,,,,,,,,,,,,,,,,,
2526809393,763,61,2,82,40,920raeoumft3q2wmvc296uceo,1,34,5.9,2023-04-01T17:57:28.039Z,2023-04-02T11:50:55Z,4153996693,56,Back,4156174803,178,,,,,,,,,,,,,,,,,,,,72xzl0yjdetvqp2n1pmzyqvze,A. Hosseinzadeh,,,,,,,,,,,,,,,,,,,,,,,,,,,,,,,,,,,,,,,,,
2526809405,764,49,2,82,41,920raeoumft3q2wmvc296uceo,1,36.8,3.5,2023-04-01T17:57:28.754Z,2023-04-02T11:50:55Z,,,,,,,,,,,,,,,,,,,,,,,,,bz77hr28a1yskifpuvzu8smsq,Y. Badji,,,,,,,,,,,,,,,,,,,,,,,,,,,,,,,,,,,,,,,,,
2526809445,765,1,2,82,46,920raeoumft3q2wmvc296uceo,1,48.3,34.8,2023-04-01T17:57:34.241Z,2023-04-02T11:50:52Z,4153996965,213,2.1,4156175011,178,,4153996959,140,34.2,4153996957,56,Back,4153996963,212,27.6,4153996961,141,69.1,,,,,,,bz77hr28a1yskifpuvzu8smsq,Y. Badji,,,,,,,,,,,,,,,,,,,,,,,,,,,,,,,,,,,,,,,,,
2526809511,766,1,2,82,50,920raeoumft3q2wmvc296uceo,1,41.8,47.8,2023-04-01T17:57:37.918Z,2023-04-02T11:50:50Z,4153997371,212,10.7,4153997367,141,43.3,4153997361,56,Back,4156175085,178,,4153997363,140,32.0,4153997375,213,3.4,,,,,,,4pbx40gvdmacim2n0k2qt41cl,J. Kayembe,,,,,,,,,,,,,,,,,,,,,,,,,,,,,,,,,,,,,,,,,
2526809515,767,61,2,82,52,920raeoumft3q2wmvc296uceo,1,35.2,38.1,2023-04-01T17:57:40.516Z,2023-04-02T11:50:49Z,4153997423,238,,4156175405,178,,4153997379,56,Back,,,,,,,,,,,,,,,,3bhmh2ks5ma4rqda9zff6w251,S. Knežević,,,,,,,,,,,,,,,,,,,,,,,,,,,,,,,,,,,,,,,,,
2526809887,754,5,2,82,54,2nhn3ikl1ciq34w3hcp883d6p,1,50.6,102,2023-04-01T17:57:42.528Z,2023-04-02T05:37:54Z,4153999383,347,,4153999387,233,768,4153999381,56,Left,,,,,,,,,,,,,,,,9kywhmzih4xhuz5d1rrxjcpd6,R. Tagir,,,,,,,,,,,,,,,,,,,,,,,,,,,,,,,,,,,,,,,,,
2526809533,768,5,2,82,54,920raeoumft3q2wmvc296uceo,0,49.4,-2,2023-04-01T17:57:42.528Z,2023-04-02T05:37:54Z,4153997473,347,,4153997471,56,Back,4153999391,233,754,,,,,,,,,,,,,,,,3bhmh2ks5ma4rqda9zff6w251,S. Knežević,,,,,,,,,,,,,,,,,,,,,,,,,,,,,,,,,,,,,,,,,
2526809715,769,27,2,83,0,920raeoumft3q2wmvc296uceo,1,0,0,2023-04-01T17:57:48.350Z,2023-04-02T05:38:06Z,4153998367,41,Injury,4154106549,233,874,4153998369,53,ae26s08xs4l50sfm0r6jbsley,,,,,,,,,,,,,,,,,,,,,,,,,,,,,,,,,,,,,,,,,,,,,,,,,,,,,,,,,,
2526829625,874,27,2,83,0,2nhn3ikl1ciq34w3hcp883d6p,1,0,0,2023-04-01T17:57:48.350Z,2023-04-02T05:38:06Z,4154106517,233,769,,,,,,,,,,,,,,,,,,,,,,,,,,,,,,,,,,,,,,,,,,,,,,,,,,,,,,,,,,,,,,,,
2526809899,770,28,2,83,28,920raeoumft3q2wmvc296uceo,1,0,0,2023-04-01T17:58:16.202Z,2023-04-02T05:38:33Z,4154107297,233,875,4153999451,55,769,,,,,,,,,,,,,,,,,,,,,,,,,,,,,,,,,,,,,,,,,,,,,,,,,,,,,,,,,,,,,
2526829761,875,28,2,83,28,2nhn3ikl1ciq34w3hcp883d6p,1,0,0,2023-04-01T17:58:16.202Z,2023-04-02T05:38:33Z,4154107275,233,770,4154107257,55,874,,,,,,,,,,,,,,,,,,,,,,,,,,,,,,,,,,,,,,,,,,,,,,,,,,,,,,,,,,,,,
2526809889,755,1,2,83,36,2nhn3ikl1ciq34w3hcp883d6p,0,50.8,100,2023-04-01T17:58:23.695Z,2023-04-02T11:50:49Z,4153999405,213,5.9,4153999413,238,,4153999407,1,,4153999399,140,78.0,4153999397,56,Left,4153999401,141,86.5,4153999403,212,30.4,4153999395,107,,9qm1adecprlczxw7ldbpvoi51,E. Jordanov,,,,,,,,,,,,,,,,,,,,,,,,,,,,,,,,,,,,,,,,,
2526809927,771,49,2,83,39,920raeoumft3q2wmvc296uceo,1,28.3,6.4,2023-04-01T17:58:27.233Z,2023-04-02T11:50:49Z,,,,,,,,,,,,,,,,,,,,,,,,,39bcswfqnpa07b4afevezejo4,J. Tchatchoua,,,,,,,,,,,,,,,,,,,,,,,,,,,,,,,,,,,,,,,,,
2526809941,772,1,2,83,41,920raeoumft3q2wmvc296uceo,0,25.6,12.9,2023-04-01T17:58:29.298Z,2023-04-02T11:50:48Z,4153999663,157,,4153999675,1,,4153999669,141,20.4,4156176699,178,,4153999667,140,44.6,4153999673,213,0.3,4153999665,56,Back,4153999671,212,20.6,39bcswfqnpa07b4afevezejo4,J. Tchatchoua,,,,,,,,,,,,,,,,,,,,,,,,,,,,,,,,,,,,,,,,,
2527015915,890,1,2,83,43,2nhn3ikl1ciq34w3hcp883d6p,0,52.6,81.5,2023-04-01T17:58:31.435Z,2023-04-02T11:50:48Z,4155138459,213,0.1,4155138445,3,,4155138451,56,Left,4155138453,140,67.7,4155138455,141,84.7,4156176739,388,,4155138457,212,16.0,,,,auqy1bigw2a1owxg441wojzyt,L. Van Eenoo,,,,,,,,,,,,,,,,,,,,,,,,,,,,,,,,,,,,,,,,,
2526809935,756,43,2,83,44,2nhn3ikl1ciq34w3hcp883d6p,1,0,0,2023-04-01T17:58:32.150Z,2023-04-01T22:40:34Z,4153999643,212,14.3,4153999635,3,0,4153999639,140,65.9,4153999641,141,79.3,4153999645,213,0.1,4155137337,144,1,4153999637,56,Left,,,,auqy1bigw2a1owxg441wojzyt,L. Van Eenoo,,,,,,,,,,,,,,,,,,,,,,,,,,,,,,,,,,,,,,,,,
2526809963,773,1,2,83,45,920raeoumft3q2wmvc296uceo,0,37,14.7,2023-04-01T17:58:33.036Z,2023-04-02T11:50:47Z,4153999755,213,0.1,4153999749,140,61.5,4156176809,388,,4153999753,212,25.9,4153999751,141,19.2,4153999747,56,Right,4153999759,1,,4153999745,157,,ae26s08xs4l50sfm0r6jbsley,S. Andreou,,,,,,,,,,,,,,,,,,,,,,,,,,,,,,,,,,,,,,,,,
2526809961,757,8,2,83,48,2nhn3ikl1ciq34w3hcp883d6p,1,43.6,84.9,2023-04-01T17:58:36.148Z,2023-04-02T11:50:47Z,4155141879,385,,4153999743,56,Back,4156176921,178,,,,,,,,,,,,,,,,,9kywhmzih4xhuz5d1rrxjcpd6,R. Tagir,,,,,,,,,,,,,,,,,,,,,,,,,,,,,,,,,,,,,,,,,
2526809993,774,1,2,83,50,920raeoumft3q2wmvc296uceo,1,49.4,19.6,2023-04-01T17:58:38.192Z,2023-04-02T11:50:46Z,4153999929,140,52.2,4153999935,213,1.4,4156176937,178,,4153999931,141,44.5,4153999927,56,Center,4153999933,212,17.2,,,,,,,bz77hr28a1yskifpuvzu8smsq,Y. Badji,,,,,,,,,,,,,,,,,,,,,,,,,,,,,,,,,,,,,,,,,
2526810007,775,1,2,83,52,920raeoumft3q2wmvc296uceo,1,51.6,40.9,2023-04-01T17:58:40.584Z,2023-04-02T11:50:46Z,4156177003,178,,4154000001,213,3.0,4153999993,56,Back,4153999999,212,16.5,4153999997,141,45.5,4153999995,140,36.2,,,,,,,5ecklu1u6t21rhh8fh4zoq2cq,A. Zorgane,,,,,,,,,,,,,,,,,,,,,,,,,,,,,,,,,,,,,,,,,
2526810103,776,1,2,83,55,920raeoumft3q2wmvc296uceo,1,39.4,43.9,2023-04-01T17:58:43.030Z,2023-04-02T11:50:45Z,4154000463,140,58.9,4154000455,155,,4154000469,212,34.0,4154000459,56,Right,4154000465,141,4.0,4156177211,178,,4154000473,1,,4154000471,213,5.4,4pbx40gvdmacim2n0k2qt41cl,J. Kayembe,,,,,,,,,,,,,,,,,,,,,,,,,,,,,,,,,,,,,,,,,
2526810115,758,4,2,83,57,2nhn3ikl1ciq34w3hcp883d6p,1,42.7,98,2023-04-01T17:58:45.245Z,2023-04-02T11:50:44Z,4154000573,233,777,4154000535,10,,4154000537,56,Back,4154000541,286,,4154000539,152,,,,,,,,,,,,,,,,,,,,,,,,,,,,,,,,,,,,,,,,,,,,,,,,,,,,,
2526810109,777,4,2,83,57,920raeoumft3q2wmvc296uceo,0,57.3,2,2023-04-01T17:58:45.246Z,2023-04-02T11:50:44Z,4154000515,152,,4154000517,285,,4154000603,233,758,4154000511,10,,4156177323,388,,4154000513,56,Right,,,,,,,8zz5lnxo7twq8ntb7e0qfvbv9,M. Ilaimaharitra,,,,,,,,,,,,,,,,,,,,,,,,,,,,,,,,,,,,,,,,,
2526810169,759,1,2,84,4,2nhn3ikl1ciq34w3hcp883d6p,1,44.5,90.3,2023-04-01T17:58:51.703Z,2023-04-02T11:50:44Z,4154000823,5,,4156177491,178,,4157129865,1,,4154000827,56,Back,4154000825,152,,4154000835,213,4.4,4154000829,140,33.4,4154000833,212,36.3,auqy1bigw2a1owxg441wojzyt,L. Van Eenoo,4154000831,141,39.8,,,,,,,,,,,,,,,,,,,,,,,,,,,,,,,,,,,,,,
2526810197,760,1,2,84,6,2nhn3ikl1ciq34w3hcp883d6p,1,36.6,57.3,2023-04-01T17:58:54.574Z,2023-04-02T11:50:43Z,4154000977,140,48.9,4154000975,56,Back,4154000981,212,30.6,4154000983,213,5.1,4154000979,141,16.5,4156177601,178,,,,,,,,5ujoracvgg00kzd0a8rh8oa1h,R. Neustädter,,,,,,,,,,,,,,,,,,,,,,,,,,,,,,,,,,,,,,,,,
2526810229,761,1,2,84,14,2nhn3ikl1ciq34w3hcp883d6p,1,59.5,12.1,2023-04-01T17:59:01.906Z,2023-04-02T11:50:42Z,4154001125,56,Center,4154001133,213,2.0,4154001127,140,52.3,4154001131,212,19.7,4154001129,141,38.8,4156177705,178,,,,,,,,e2z19y8is5m24brpa3gzn02qx,B. Reynolds,,,,,,,,,,,,,,,,,,,,,,,,,,,,,,,,,,,,,,,,,
2526810275,762,1,2,84,17,2nhn3ikl1ciq34w3hcp883d6p,1,59.3,35.1,2023-04-01T17:59:04.850Z,2023-04-02T11:50:41Z,4154001357,212,40.0,4156177821,178,,4154001355,141,90.6,4154001361,1,,4154001349,155,,4154001351,56,Left,4154001353,140,71.9,4154001359,213,1.2,8hl43dvm1d57g011yacyoooa1,M. Fixelles,,,,,,,,,,,,,,,,,,,,,,,,,,,,,,,,,,,,,,,,,
2526810313,763,1,2,84,21,2nhn3ikl1ciq34w3hcp883d6p,1,63.9,90.6,2023-04-01T17:59:08.834Z,2023-04-02T11:50:40Z,4154001549,141,68.8,4154001545,56,Center,4154001547,140,54.4,4156177915,178,,4154001551,212,17.9,4154001553,213,4.1,,,,,,,9qm1adecprlczxw7ldbpvoi51,E. Jordanov,,,,,,,,,,,,,,,,,,,,,,,,,,,,,,,,,,,,,,,,,
2526810357,764,1,2,84,24,2nhn3ikl1ciq34w3hcp883d6p,1,53.1,67.6,2023-04-01T17:59:12.314Z,2023-04-02T11:50:39Z,4154001763,56,Right,4154001761,155,,4154001769,212,42.8,4156177969,178,,4154001767,141,7.7,4154001765,140,65.6,4154001773,1,,4154001771,213,5.0,auqy1bigw2a1owxg441wojzyt,L. Van Eenoo,,,,,,,,,,,,,,,,,,,,,,,,,,,,,,,,,,,,,,,,,
2526810403,765,1,2,84,28,2nhn3ikl1ciq34w3hcp883d6p,1,66.5,4.9,2023-04-01T17:59:15.981Z,2023-04-02T11:50:39Z,4154002009,140,65.5,4154002015,213,1.7,4156178031,178,,4154002011,141,19.8,4154002007,56,Right,4154002013,212,10.2,,,,,,,e2z19y8is5m24brpa3gzn02qx,B. Reynolds,,,,,,,,,,,,,,,,,,,,,,,,,,,,,,,,,,,,,,,,,
2526810431,767,4,2,84,31,2nhn3ikl1ciq34w3hcp883d6p,1,68.1,14.4,2023-04-01T17:59:18.710Z,2023-04-02T11:32:14Z,4154002145,56,Right,4154002151,286,,4154002147,152,,4154002255,233,778,4154002149,265,,4154002143,13,,,,,,,,2j8y06wuinnx87eetadj55zo5,N. Chadli,,,,,,,,,,,,,,,,,,,,,,,,,,,,,,,,,,,,,,,,,
2526810451,778,4,2,84,31,920raeoumft3q2wmvc296uceo,0,31.9,85.6,2023-04-01T17:59:18.711Z,2023-04-02T11:32:14Z,4154002233,13,,4154002263,233,767,4154002239,265,,4156178103,178,,4154002241,285,,4154002237,152,,4154002235,56,Back,,,,8zz5lnxo7twq8ntb7e0qfvbv9,M. Ilaimaharitra,,,,,,,,,,,,,,,,,,,,,,,,,,,,,,,,,,,,,,,,,
2526810405,766,43,2,84,31,2nhn3ikl1ciq34w3hcp883d6p,1,0,0,2023-04-01T17:59:19.397Z,2023-04-01T17:59:23Z,4154002025,56,Center,4154002227,144,61,,,,,,,,,,,,,,,,,,,2j8y06wuinnx87eetadj55zo5,N. Chadli,,,,,,,,,,,,,,,,,,,,,,,,,,,,,,,,,,,,,,,,,
2526810479,768,1,2,84,35,2nhn3ikl1ciq34w3hcp883d6p,1,64.1,14.2,2023-04-01T17:59:23.147Z,2023-04-02T11:50:38Z,4154002419,212,13.6,4154002411,152,,4154002413,56,Center,4154002421,213,1.4,4154002409,5,,4154002415,140,66.5,4154002417,141,33.9,4156178175,178,,2j8y06wuinnx87eetadj55zo5,N. Chadli,,,,,,,,,,,,,,,,,,,,,,,,,,,,,,,,,,,,,,,,,
2526810535,769,1,2,84,37,2nhn3ikl1ciq34w3hcp883d6p,1,67.7,28.3,2023-04-01T17:59:25.074Z,2023-04-02T11:50:37Z,4154002629,212,20.7,4154002635,213,1.3,4156178279,178,,4154002619,56,Center,4154002623,141,57.6,4154002621,140,73.0,4154003283,210,15,,,,96xomdtz505yoaz35i5bb8f84,N. Dorgeles,,,,1,,,,,,,,,,,,,,,,,,,,,,,,,,,,,,,,,,,,,
2526810541,770,15,2,84,41,2nhn3ikl1ciq34w3hcp883d6p,1,76.7,68,2023-04-01T17:59:28.965Z,2023-04-02T11:50:35Z,4154003315,146,95.9,4154002665,22,,4154002667,18,,4154003317,147,53.7,4154003303,29,,4154003301,80,,4154003305,55,769,4154003311,103,8.9,dd711ekg0nlaosmsy2lz13syy,T. Van den Keybus,4154003321,233,779,,4154003313,215,,4154003309,102,4156178331,178,,4154002935,72,4154002669,56,,,,,,,46.8,,Center,,,,,,,,,,,,,,,,
2526810553,779,10,2,84,42,920raeoumft3q2wmvc296uceo,1,4,46.9,2023-04-01T17:59:29.794Z,2023-04-02T11:50:35Z,4154003325,233,770,4154002743,182,,4155144997,376,,4154002739,173,,4154003253,179,,4154002745,56,Back,,,,,,,btyk45f7gmz3ck2dafpp22yg9,H. Koffi,,,,,,,,,,,,,,,,,,,,,,,,,,,,,,,,,,,,,,,,,
2526810557,771,6,2,84,43,2nhn3ikl1ciq34w3hcp883d6p,1,89.3,48.9,2023-04-01T17:59:30.819Z,2023-04-02T05:40:28Z,4154002989,233,780,4154002755,75,,4154002753,56,Center,,,,,,,,,,,,,,,,dd711ekg0nlaosmsy2lz13syy,T. Van den Keybus,,,,,,,,,,,,,,,,,,,,,,,,,,,,,,,,,,,,,,,,,
2526810591,780,6,2,84,43,920raeoumft3q2wmvc296uceo,0,10.7,51.1,2023-04-01T17:59:30.819Z,2023-04-02T05:40:28Z,4154002995,233,771,4154002945,73,,4154002943,56,Back,,,,,,,,,,,,,,,,btyk45f7gmz3ck2dafpp22yg9,H. Koffi,,,,,,,,,,,,,,,,,,,,,,,,,,,,,,,,,,,,,,,,,
2526810727,772,1,2,85,4,2nhn3ikl1ciq34w3hcp883d6p,1,99.5,0.5,2023-04-01T17:59:52.451Z,2023-04-02T11:50:34Z,4154003861,155,,4154003863,223,,4154003859,6,,4155145203,72,,4154003867,140,94.8,4154003865,56,Center,4154005139,154,,4154003869,141,43.9,auqy1bigw2a1owxg441wojzyt,L. Van Eenoo,4154003857,2,,1,4154005135,210,15,4156178553,178,4154003871,212,29.9,4154003873,213,,,,,,,,,,1.7,,,,,,,,,,,,,,,,,
2526810733,773,15,2,85,6,2nhn3ikl1ciq34w3hcp883d6p,1,93.7,41.6,2023-04-01T17:59:53.844Z,2023-04-02T11:50:34Z,4154005147,154,,4154005171,231,47.8,4154004389,25,,4154005169,230,99.9,4154003919,17,,4154005143,80,,4154004395,82,,4154005167,147,45.7,96xomdtz505yoaz35i5bb8f84,N. Dorgeles,4154005163,100,,,4154005161,328,,4154005149,55,4154005153,102,46.8,4154005145,29,4154005157,103,4154005165,146,98.2,4154004397,233,,772,,19,781,4154004391,20,4154003921,56,Center,4156178663,388,,,,,,,,
2526810779,781,10,2,85,6,920raeoumft3q2wmvc296uceo,1,0.6,56.5,2023-04-01T17:59:54.223Z,2023-04-02T11:50:33Z,4154004145,94,,4154004405,233,773,4156178933,178,,4154004147,56,Back,,,,,,,,,,,,,4pbx40gvdmacim2n0k2qt41cl,J. Kayembe,,,,,,,,,,,,,,,,,,,,,,,,,,,,,,,,,,,,,,,,,
2526810755,774,6,2,85,7,2nhn3ikl1ciq34w3hcp883d6p,1,97.2,42.4,2023-04-01T17:59:54.879Z,2023-04-02T05:40:57Z,4154004041,75,,4154004039,56,Center,4154004237,233,782,,,,,,,,,,,,,,,,96xomdtz505yoaz35i5bb8f84,N. Dorgeles,,,,,,,,,,,,,,,,,,,,,,,,,,,,,,,,,,,,,,,,,
2526810787,782,6,2,85,7,920raeoumft3q2wmvc296uceo,0,2.8,57.6,2023-04-01T17:59:54.879Z,2023-04-02T05:40:57Z,4154004187,56,Back,4154004257,233,774,4154004201,73,,,,,,,,,,,,,,,,,4pbx40gvdmacim2n0k2qt41cl,J. Kayembe,,,,,,,,,,,,,,,,,,,,,,,,,,,,,,,,,,,,,,,,,
2526810835,775,1,2,85,19,2nhn3ikl1ciq34w3hcp883d6p,0,99.5,0.5,2023-04-01T18:00:06.849Z,2023-04-02T05:41:01Z,4154004523,213,1.6,4154004511,155,,4154004521,212,32.8,4154004513,223,,4154004507,2,,4154004633,233,783,4154004517,140,97.5,4154004525,1,,auqy1bigw2a1owxg441wojzyt,L. Van Eenoo,4154004515,56,Center,,4154004519,141,48.7,4156179173,178,4155147023,72,,4154004509,6,,,,,,,,,,,,,,,,,,,,,,,,,,,
2526810851,783,11,2,85,21,920raeoumft3q2wmvc296uceo,1,3.6,49.4,2023-04-01T18:00:08.890Z,2023-04-02T11:50:33Z,4156179227,388,,4154004611,56,Back,4154004645,233,775,4155147165,378,,4154004615,88,,,,,,,,,,,btyk45f7gmz3ck2dafpp22yg9,H. Koffi,,,,,,,,,,,,,,,,,,,,,,,,,,,,,,,,,,,,,,,,,
2526811009,784,80,2,85,32,920raeoumft3q2wmvc296uceo,0,10.3,46,2023-04-01T18:00:20.430Z,2023-04-02T11:50:33Z,4156179453,178,,,,,,,,,,,,,,,,,,,,,,,btyk45f7gmz3ck2dafpp22yg9,H. Koffi,,,,,,,,,,,,,,,,,,,,,,,,,,,,,,,,,,,,,,,,,
2526811101,785,1,2,85,36,920raeoumft3q2wmvc296uceo,1,17.6,36.3,2023-04-01T18:00:24.279Z,2023-04-02T11:50:32Z,4154005665,56,Right,4156179491,178,,4154005667,140,61.1,4154005663,198,,4154005661,157,,4154005673,213,6.0,4154005671,212,47.7,4154005669,141,16.1,btyk45f7gmz3ck2dafpp22yg9,H. Koffi,4154005675,1,,,,,,,,,,,,,,,,,,,,,,,,,,,,,,,,,,,,,,,
2527017719,878,61,2,85,39,920raeoumft3q2wmvc296uceo,0,59.1,16.6,2023-04-01T18:00:27.432Z,2023-04-02T11:50:31Z,4156179795,21,,4156179797,388,,4155148891,56,Right,,,,,,,,,,,,,,,,dqazrm2wmu9zqpvp8xbeeb7jd,V. Bayo,,,,,,,,,,,,,,,,,,,,,,,,,,,,,,,,,,,,,,,,,
2526811393,778,4,2,85,39,2nhn3ikl1ciq34w3hcp883d6p,1,41,83.5,2023-04-01T18:00:27.465Z,2023-04-02T11:50:31Z,4154089253,233,787,4154021535,184,,4154021537,241,,4154007229,286,,4154007217,56,Back,,,,,,,,,,,,,,,,,,,,,,,,,,,,,,,,,,,,,,,,,,,,,,,,,,,,
2526811113,787,4,2,85,39,920raeoumft3q2wmvc296uceo,0,59,16.5,2023-04-01T18:00:27.466Z,2023-04-02T11:50:30Z,4154017787,241,,4154007513,285,,4154005723,56,Right,4156179987,388,,4154089293,233,778,4154017785,184,,,,,,,,dqazrm2wmu9zqpvp8xbeeb7jd,V. Bayo,,,,,,,,,,,,,,,,,,,,,,,,,,,,,,,,,,,,,,,,,
2526811111,786,43,2,85,42,920raeoumft3q2wmvc296uceo,1,0,0,2023-04-01T18:00:29.672Z,2023-04-01T18:01:01Z,4154005719,286,0,4154007663,144,44,4154006317,233,777,4154005717,56,Right,,,,,,,,,,,,,dqazrm2wmu9zqpvp8xbeeb7jd,V. Bayo,,,,,,,,,,,,,,,,,,,,,,,,,,,,,,,,,,,,,,,,,
2526811189,777,43,2,85,42,2nhn3ikl1ciq34w3hcp883d6p,1,0,0,2023-04-01T18:00:29.673Z,2023-04-01T18:04:00Z,4154006161,56,Back,4154006163,285,0,4154021615,144,44,,,,,,,,,,,,,,,,9qm1adecprlczxw7ldbpvoi51,E. Jordanov,,,,,,,,,,,,,,,,,,,,,,,,,,,,,,,,,,,,,,,,,
2526811125,776,43,2,85,43,2nhn3ikl1ciq34w3hcp883d6p,1,0,0,2023-04-01T18:00:31.591Z,2023-04-01T18:00:52Z,4154007081,144,49,,,,,,,,,,,,,,,,,,,,,,9kywhmzih4xhuz5d1rrxjcpd6,R. Tagir,,,,,,,,,,,,,,,,,,,,,,,,,,,,,,,,,,,,,,,,,
2526811199,788,17,2,85,48,920raeoumft3q2wmvc296uceo,1,0,0,2023-04-01T18:00:35.660Z,2023-04-02T05:41:55Z,4154006219,184,,4154006217,31,,,,,,,,,,,,,,,,,,,,dqazrm2wmu9zqpvp8xbeeb7jd,V. Bayo,,,,,,,,,,,,,,,,,,,,,,,,,,,,,,,,,,,,,,,,,
2526811487,779,18,2,86,3,2nhn3ikl1ciq34w3hcp883d6p,1,0,0,2023-04-01T18:00:51.012Z,2023-04-02T05:42:11Z,4154007671,44,Defender,4154007669,42,,4154007673,59,32,4154007717,55,780,,,,,,,,,,,,,9qm1adecprlczxw7ldbpvoi51,E. Jordanov,,,,,,,,,,,,,,,,,,,,,,,,,,,,,,,,,,,,,,,,,
2526811493,780,19,2,86,3,2nhn3ikl1ciq34w3hcp883d6p,1,0,0,2023-04-01T18:00:51.013Z,2023-04-02T05:42:12Z,4154007693,145,3,4154021799,293,0,4154007699,55,779,4154007697,44,Forward,4154021797,292,0,4154007689,42,,4154007695,59,55,,,,1ezai0a0n3xem17lwhtxwaml1,T. Dierckx,,,,,,,,,,,,,,,,,,,,,,,,,,,,,,,,,,,,,,,,,
2526811599,781,1,2,86,23,2nhn3ikl1ciq34w3hcp883d6p,1,43.1,80.5,2023-04-01T18:01:11.118Z,2023-04-02T11:50:30Z,4154008363,5,,4156180729,178,,4154008375,213,5.8,4154008369,140,56.2,4154008367,56,Center,4154008371,141,70.2,4154008373,212,15.4,4154008365,152,,8hl43dvm1d57g011yacyoooa1,M. Fixelles,,,,,,,,,,,,,,,,,,,,,,,,,,,,,,,,,,,,,,,,,
2526811635,782,1,2,86,24,2nhn3ikl1ciq34w3hcp883d6p,1,52.8,70.8,2023-04-01T18:01:12.325Z,2023-04-02T11:50:30Z,4154008527,140,35.6,4154008533,212,18.1,4154008529,141,72.4,4156180803,178,,4154008537,213,3.1,4154008523,56,Back,,,,,,,2j8y06wuinnx87eetadj55zo5,N. Chadli,,,,,,,,,,,,,,,,,,,,,,,,,,,,,,,,,,,,,,,,,
2526811651,783,1,2,86,29,2nhn3ikl1ciq34w3hcp883d6p,1,41.8,73.1,2023-04-01T18:01:16.842Z,2023-04-02T11:50:29Z,4154008611,213,6.2,4154008607,141,71.1,4156180853,178,,4154008605,140,63.1,4154008603,56,Center,4154008609,212,22.4,,,,,,,8hl43dvm1d57g011yacyoooa1,M. Fixelles,,,,,,,,,,,,,,,,,,,,,,,,,,,,,,,,,,,,,,,,,
2526811689,784,1,2,86,30,2nhn3ikl1ciq34w3hcp883d6p,1,59.7,71.4,2023-04-01T18:01:18.413Z,2023-04-02T11:50:28Z,4156180901,178,,4154008853,212,19.6,4155150903,156,,4154008847,141,71.4,4154008833,56,Back,4154008839,140,41.0,4154008857,213,3.1,,,,96xomdtz505yoaz35i5bb8f84,N. Dorgeles,,,,,,,,,,,,,,,,,,,,,,,,,,,,,,,,,,,,,,,,,
2526811719,785,1,2,86,33,2nhn3ikl1ciq34w3hcp883d6p,0,47.3,69.2,2023-04-01T18:01:21.492Z,2023-04-02T11:50:28Z,4154009067,213,5.1,4154009059,56,Right,4154009065,212,41.0,4154009063,141,13.7,4154009061,140,62.5,4154009069,1,,4156180949,178,,4154009057,155,,8hl43dvm1d57g011yacyoooa1,M. Fixelles,,,,,,,,,,,,,,,,,,,,,,,,,,,,,,,,,,,,,,,,,
2526811765,789,49,2,86,36,920raeoumft3q2wmvc296uceo,1,36.4,94.4,2023-04-01T18:01:24.332Z,2023-04-02T11:50:27Z,,,,,,,,,,,,,,,,,,,,,,,,,bz77hr28a1yskifpuvzu8smsq,Y. Badji,,,,,,,,,,,,,,,,,,,,,,,,,,,,,,,,,,,,,,,,,
2526811789,790,1,2,86,37,920raeoumft3q2wmvc296uceo,0,35.7,97.6,2023-04-01T18:01:25.159Z,2023-04-02T11:50:27Z,4154009423,213,4.2,4154009413,140,26.9,4156181065,178,,4154009409,56,Back,4154009419,212,19.1,4154009415,141,73.0,,,,,,,bz77hr28a1yskifpuvzu8smsq,Y. Badji,,,,,,,,,,,,,,,,,,,,,,,,,,,,,,,,,,,,,,,,,
2526811795,786,49,2,86,38,2nhn3ikl1ciq34w3hcp883d6p,1,73.6,14.1,2023-04-01T18:01:26.612Z,2023-04-02T11:50:26Z,,,,,,,,,,,,,,,,,,,,,,,,,1ezai0a0n3xem17lwhtxwaml1,T. Dierckx,,,,,,,,,,,,,,,,,,,,,,,,,,,,,,,,,,,,,,,,,
2526811859,787,1,2,86,42,2nhn3ikl1ciq34w3hcp883d6p,0,78.3,47.2,2023-04-01T18:01:29.837Z,2023-04-02T11:50:24Z,4154009785,56,Left,4154009789,141,100.0,4154009795,1,,4156181189,178,,4154009791,212,38.3,4154009787,140,87.6,4154009793,213,1.3,,,,1ezai0a0n3xem17lwhtxwaml1,T. Dierckx,,,,,,,,,,,,,,,,,,,,,,,,,,,,,,,,,,,,,,,,,
2526811861,788,5,2,86,44,2nhn3ikl1ciq34w3hcp883d6p,0,86.7,101.6,2023-04-01T18:01:32.464Z,2023-04-02T05:43:26Z,4154009801,56,Left,4154009803,347,,4154011269,233,791,,,,,,,,,,,,,,,,1ezai0a0n3xem17lwhtxwaml1,T. Dierckx,,,,,,,,,,,,,,,,,,,,,,,,,,,,,,,,,,,,,,,,,
2526812117,791,5,2,86,44,920raeoumft3q2wmvc296uceo,1,13.3,-1.6,2023-04-01T18:01:32.464Z,2023-04-02T05:43:25Z,4154011109,56,Back,4154011111,347,,4154011261,233,788,,,,,,,,,,,,,,,,bz77hr28a1yskifpuvzu8smsq,Y. Badji,,,,,,,,,,,,,,,,,,,,,,,,,,,,,,,,,,,,,,,,,
2526812119,792,18,2,87,2,920raeoumft3q2wmvc296uceo,1,0,0,2023-04-01T18:01:50.437Z,2023-04-02T05:43:41Z,4154011191,55,793,4154011119,44,Midfielder,4154011117,42,,4154011121,59,99,,,,,,,,,,,,,72xzl0yjdetvqp2n1pmzyqvze,A. Hosseinzadeh,,,,,,,,,,,,,,,,,,,,,,,,,,,,,,,,,,,,,,,,,
2526812121,793,19,2,87,2,920raeoumft3q2wmvc296uceo,1,0,0,2023-04-01T18:01:50.438Z,2023-04-02T05:43:42Z,4154011137,293,2,4154011123,42,,4154011129,59,15,4154011127,145,10,4154011133,292,9,4154011141,44,Forward,4154011143,55,792,,,,5qaa5hrosx323tjkrvajpg5qs,J. Doke,,,,,,,,,,,,,,,,,,,,,,,,,,,,,,,,,,,,,,,,,
2526812215,794,1,2,87,4,920raeoumft3q2wmvc296uceo,1,22.2,0,2023-04-01T18:01:52.426Z,2023-04-02T12:08:05Z,4154014657,189,,4154011629,107,,4154011635,141,16.7,4154011637,212,22.4,4154011641,1,,4154011639,213,0.6,4154011631,56,Back,4154011633,140,39.9,39bcswfqnpa07b4afevezejo4,J. Tchatchoua,,,,,,,,,,,,,,,,,,,,,,,,,,,,,,,,,,,,,,,,,
2527018459,879,3,2,87,7,920raeoumft3q2wmvc296uceo,1,35.5,7.4,2023-04-01T18:01:55.348Z,2023-04-02T11:50:23Z,4156182371,178,,4155153185,56,Back,4155153397,464,,4155182927,233,891,4155153187,286,,,,,,,,,,,bz77hr28a1yskifpuvzu8smsq,Y. Badji,,,,,,,,,,,,,,,,,,,,,,,,,,,,,,,,,,,,,,,,,
2527018467,891,45,2,87,7,2nhn3ikl1ciq34w3hcp883d6p,0,64.5,92.6,2023-04-01T18:01:55.348Z,2023-04-02T11:50:23Z,4155153229,285,,4155182939,233,879,4155153227,56,Left,,,,,,,,,,,,,,,,8hl43dvm1d57g011yacyoooa1,M. Fixelles,,,,,,,,,,,,,,,,,,,,,,,,,,,,,,,,,,,,,,,,,
2526812247,795,1,2,87,9,920raeoumft3q2wmvc296uceo,1,37.6,14.9,2023-04-01T18:01:56.831Z,2023-04-02T11:50:22Z,4154011835,213,1.6,4154011829,140,37.1,4156182649,178,,4154011831,141,25.0,4154011827,56,Back,4154011833,212,6.9,,,,,,,bz77hr28a1yskifpuvzu8smsq,Y. Badji,,,,,,,,,,,,,,,,,,,,,,,,,,,,,,,,,,,,,,,,,
2526812277,797,3,2,87,11,920raeoumft3q2wmvc296uceo,0,39.8,28.2,2023-04-01T18:01:58.704Z,2023-04-02T11:50:21Z,4154011989,286,,4155154319,465,,4154012023,233,789,4156182757,178,,4154011987,56,Back,,,,,,,,,,8zz5lnxo7twq8ntb7e0qfvbv9,M. Ilaimaharitra,,,,,,,,,,,,,,,,,,,,,,,,,,,,,,,,,,,,,,,,,
2526812253,789,7,2,87,11,2nhn3ikl1ciq34w3hcp883d6p,1,60.2,71.8,2023-04-01T18:01:58.875Z,2023-04-02T11:50:21Z,4155154105,383,,4154011853,285,,4156182807,178,,4154011851,56,Center,4154012019,233,797,,,,,,,,,,auqy1bigw2a1owxg441wojzyt,L. Van Eenoo,,,,,,,,,,,,,,,,,,,,,,,,,,,,,,,,,,,,,,,,,
2527018737,892,1,2,87,11,2nhn3ikl1ciq34w3hcp883d6p,1,60.6,73.1,2023-04-01T18:01:59.407Z,2023-04-02T11:50:20Z,4155154813,140,65.5,4155154811,56,Center,4155154819,213,5.7,4156183077,178,,4155154817,212,6.0,4155154815,141,68.6,,,,,,,96xomdtz505yoaz35i5bb8f84,N. Dorgeles,,,,,,,,,,,,,,,,,,,,,,,,,,,,,,,,,,,,,,,,,
2526812273,796,43,2,87,12,920raeoumft3q2wmvc296uceo,1,0,0,2023-04-01T18:01:59.767Z,2023-04-01T18:02:36Z,4154014449,144,44,4154011969,285,0,4154011967,56,Back,,,,,,,,,,,,,,,,8zz5lnxo7twq8ntb7e0qfvbv9,M. Ilaimaharitra,,,,,,,,,,,,,,,,,,,,,,,,,,,,,,,,,,,,,,,,,
2526812261,790,49,2,87,12,2nhn3ikl1ciq34w3hcp883d6p,1,61.5,70.2,2023-04-01T18:02:00.404Z,2023-04-02T11:50:20Z,,,,,,,,,,,,,,,,,,,,,,,,,auqy1bigw2a1owxg441wojzyt,L. Van Eenoo,,,,,,,,,,,,,,,,,,,,,,,,,,,,,,,,,,,,,,,,,
2526812303,791,1,2,87,12,2nhn3ikl1ciq34w3hcp883d6p,1,61.6,69.8,2023-04-01T18:02:00.518Z,2023-04-02T11:50:20Z,4154012147,141,44.2,4154012151,213,5.0,4154012145,140,66.0,4154012143,56,Center,4156183369,178,,4154012149,212,18.0,,,,,,,auqy1bigw2a1owxg441wojzyt,L. Van Eenoo,,,,,,,,,,,,,,,,,,,,,,,,,,,,,,,,,,,,,,,,,
2526812331,792,1,2,87,16,2nhn3ikl1ciq34w3hcp883d6p,1,74,46.3,2023-04-01T18:02:03.657Z,2023-04-02T11:50:18Z,4154012297,56,Center,4154012301,141,56.3,4154012303,212,11.4,4156183449,178,,4154012299,140,82.7,4154012305,213,0.6,,,,,,,1ezai0a0n3xem17lwhtxwaml1,T. Dierckx,,,,,,,,,,,,,,,,,,,,,,,,,,,,,,,,,,,,,,,,,
2526812417,793,1,2,87,17,2nhn3ikl1ciq34w3hcp883d6p,1,83.1,59.1,2023-04-01T18:02:05.077Z,2023-04-02T11:19:24Z,4154012755,212,4.7,4154012749,56,Center,4154012757,213,5.5,4156183579,178,,4154012753,141,54.2,4154012751,140,86.2,,,,,,,2j8y06wuinnx87eetadj55zo5,N. Chadli,,,,,,,,,,,,,,,,,,,,,,,,,,,,,,,,,,,,,,,,,
2527018883,893,3,2,87,18,2nhn3ikl1ciq34w3hcp883d6p,0,84.8,53.4,2023-04-01T18:02:05.827Z,2023-04-02T11:50:18Z,4155155821,464,,4156183725,178,,4155155823,467,39bcswfqnpa07b4afevezejo4,4155155817,56,Center,4155155819,286,,,,,,,,,,,96xomdtz505yoaz35i5bb8f84,N. Dorgeles,,,,,,,,,,,,,,,,,,,,,,,,,,,,,,,,,,,,,,,,,
2526812423,794,4,2,87,18,2nhn3ikl1ciq34w3hcp883d6p,1,87.5,53.2,2023-04-01T18:02:06.251Z,2023-04-02T11:50:17Z,4154012791,13,,4154012793,56,Center,4154012799,286,,4154089303,233,798,4154012797,265,,4154018683,348,1ezai0a0n3xem17lwhtxwaml1,4154012789,9,,4154012795,152,,96xomdtz505yoaz35i5bb8f84,N. Dorgeles,,,,,,,,,,,,,,,,,,,,,,,,,,,,,,,,,,,,,,,,,
2526812707,798,4,2,87,18,920raeoumft3q2wmvc296uceo,0,12.5,46.8,2023-04-01T18:02:06.252Z,2023-04-02T11:50:17Z,4154014257,13,,4156183835,178,,4154014263,265,,4154014261,152,,4154014255,9,,4154014265,285,,4154089367,233,794,4154014259,56,Back,39bcswfqnpa07b4afevezejo4,J. Tchatchoua,,,,,,,,,,,,,,,,,,,,,,,,,,,,,,,,,,,,,,,,,
2526813637,795,16,2,88,47,2nhn3ikl1ciq34w3hcp883d6p,1,88.5,50,2023-04-01T18:03:34.946Z,2023-04-02T05:45:24Z,4154020609,390,523705,4156183953,178,,4155156693,395,1.0,4154020619,281,96xomdtz505yoaz35i5bb8f84,4154019305,56,Center,4154020603,78,,4154020617,280,PENALTY_WON,4154020611,458,,1ezai0a0n3xem17lwhtxwaml1,T. Dierckx,4154020613,230,98.9,,4154020607,103,19.0,4154019687,375,4154019819,353,799,4155156695,396,4154019309,214,4154020615,231,49.6,4154019679,374,,88:46.689,53.8,,2023-04-01 19:03:34.335,4154020621,282,4154019667,20,,4154019303,17,,416,4154020605,102,50.0,4154019301,9,
2526813695,799,58,2,88,47,920raeoumft3q2wmvc296uceo,0,0,0,2023-04-01T18:03:34.946Z,2023-04-02T11:50:16Z,4154019577,186,,4154019869,233,795,4154019575,9,,4154019583,56,Back,4154019581,73,,4154019579,179,,,,,,,,btyk45f7gmz3ck2dafpp22yg9,H. Koffi,,,,,,,,,,,,,,,,,,,,,,,,,,,,,,,,,,,,,,,,,
2526814443,800,1,2,89,30,920raeoumft3q2wmvc296uceo,1,49.7,50.1,2023-04-01T18:04:18.465Z,2023-04-02T05:45:31Z,4154023485,141,52.8,4154023487,212,8.8,4154023491,279,G,4156184061,178,,4154023489,213,2.9,4154023481,56,Back,4154023483,140,41.5,,,,bz77hr28a1yskifpuvzu8smsq,Y. Badji,,,,,,,,,,,,,,,,,,,,,,,,,,,,,,,,,,,,,,,,,
2526814465,801,1,2,89,32,920raeoumft3q2wmvc296uceo,1,42.5,49.4,2023-04-01T18:04:20.428Z,2023-04-02T11:50:15Z,4154023619,140,54.7,4154023623,212,17.5,4156184175,178,,4154023621,141,67.0,4154023625,213,0.8,4154023617,56,Center,,,,,,,8zz5lnxo7twq8ntb7e0qfvbv9,M. Ilaimaharitra,,,,,,,,,,,,,,,,,,,,,,,,,,,,,,,,,,,,,,,,,
2526814483,802,1,2,89,34,920raeoumft3q2wmvc296uceo,0,51.9,58.7,2023-04-01T18:04:21.764Z,2023-04-02T11:50:15Z,4154023709,213,5.9,4154023705,141,50.3,4154023697,56,Center,4156184237,178,,4154023707,212,15.8,4154023701,140,65.9,,,,,,,5ecklu1u6t21rhh8fh4zoq2cq,A. Zorgane,,,,,,,,,,,,,,,,,,,,,,,,,,,,,,,,,,,,,,,,,
2526814461,796,8,2,89,35,2nhn3ikl1ciq34w3hcp883d6p,1,36.4,52.1,2023-04-01T18:04:22.950Z,2023-04-02T11:50:14Z,4156184293,178,,4155157777,383,,4154023597,56,Back,,,,,,,,,,,,,,,,auqy1bigw2a1owxg441wojzyt,L. Van Eenoo,,,,,,,,,,,,,,,,,,,,,,,,,,,,,,,,,,,,,,,,,
2526814517,797,49,2,89,36,2nhn3ikl1ciq34w3hcp883d6p,1,40.3,54.7,2023-04-01T18:04:24.387Z,2023-04-02T11:50:14Z,,,,,,,,,,,,,,,,,,,,,,,,,2j8y06wuinnx87eetadj55zo5,N. Chadli,,,,,,,,,,,,,,,,,,,,,,,,,,,,,,,,,,,,,,,,,
2526814557,798,1,2,89,36,2nhn3ikl1ciq34w3hcp883d6p,1,40.1,54.9,2023-04-01T18:04:24.465Z,2023-04-02T11:50:14Z,4154024057,140,34.2,4154024063,213,2.1,4156184489,178,,4154024055,56,Back,4154024061,212,12.3,4154024059,141,70.6,,,,,,,2j8y06wuinnx87eetadj55zo5,N. Chadli,,,,,,,,,,,,,,,,,,,,,,,,,,,,,,,,,,,,,,,,,
2526814607,799,1,2,89,39,2nhn3ikl1ciq34w3hcp883d6p,0,39,78.6,2023-04-01T18:04:27.440Z,2023-04-02T11:50:13Z,4156184565,178,,4154024359,140,74.5,4154024367,1,,4154024365,213,6.1,4154024353,155,,4154024363,212,37.8,4154024361,141,69.3,4154024357,56,Center,dd711ekg0nlaosmsy2lz13syy,T. Van den Keybus,,,,,,,,,,,,,,,,,,,,,,,,,,,,,,,,,,,,,,,,,
2526814641,803,1,2,89,42,920raeoumft3q2wmvc296uceo,0,27.3,27,2023-04-01T18:04:29.917Z,2023-04-02T11:50:13Z,4154024545,212,7.4,4154024537,3,,4154024547,213,5.5,4156184609,388,,4154024543,141,19.1,4154024539,56,Back,4154024541,140,32.1,,,,ae26s08xs4l50sfm0r6jbsley,S. Andreou,,,,,,,,,,,,,,,,,,,,,,,,,,,,,,,,,,,,,,,,,
2526814767,800,1,2,89,43,2nhn3ikl1ciq34w3hcp883d6p,0,66.7,79.1,2023-04-01T18:04:31.430Z,2023-04-02T11:50:12Z,4154025141,56,Center,4154025143,140,70.1,4154025149,213,5.0,4156184689,388,,4154025147,212,14.9,4154025145,141,57.8,,,,,,,2j8y06wuinnx87eetadj55zo5,N. Chadli,,,,,,,,,,,,,,,,,,,,,,,,,,,,,,,,,,,,,,,,,
2526814787,805,4,2,89,45,920raeoumft3q2wmvc296uceo,1,32.4,37.1,2023-04-01T18:04:33.410Z,2023-04-02T11:50:11Z,4154025259,152,,4154025317,233,801,4154025263,285,,4154025261,265,,4154025255,13,,4154025257,56,Back,,,,,,,8zz5lnxo7twq8ntb7e0qfvbv9,M. Ilaimaharitra,,,,,,,,,,,,,,,,,,,,,,,,,,,,,,,,,,,,,,,,,
2526814771,801,4,2,89,45,2nhn3ikl1ciq34w3hcp883d6p,0,67.6,62.9,2023-04-01T18:04:33.411Z,2023-04-02T11:50:11Z,4154025365,233,805,4156184799,178,,4154025185,286,,4154025177,13,,4154025179,56,Center,4154025183,265,,4154025181,152,,,,,96xomdtz505yoaz35i5bb8f84,N. Dorgeles,,,,,,,,,,,,,,,,,,,,,,,,,,,,,,,,,,,,,,,,,
2526814673,804,43,2,89,46,920raeoumft3q2wmvc296uceo,1,0,0,2023-04-01T18:04:33.961Z,2023-04-01T18:04:41Z,4154025477,144,49,,,,,,,,,,,,,,,,,,,,,,8zz5lnxo7twq8ntb7e0qfvbv9,M. Ilaimaharitra,,,,,,,,,,,,,,,,,,,,,,,,,,,,,,,,,,,,,,,,,
2526814817,802,17,2,89,52,2nhn3ikl1ciq34w3hcp883d6p,1,0,0,2023-04-01T18:04:40.177Z,2023-04-02T05:46:14Z,4154025429,392,,4154025431,13,243,4154025427,31,,,,,,,,,,,,,,,,,96xomdtz505yoaz35i5bb8f84,N. Dorgeles,,,,,,,,,,,,,,,,,,,,,,,,,,,,,,,,,,,,,,,,,
2526815169,806,70,2,90,13,920raeoumft3q2wmvc296uceo,1,0,0,2023-04-01T18:05:01.207Z,2023-04-01T18:05:01Z,4154027251,277,6,,,,,,,,,,,,,,,,,,,,,,,,,,,,,,,,,,,,,,,,,,,,,,,,,,,,,,,,,,,,,,,,
2526815553,807,1,2,90,32,920raeoumft3q2wmvc296uceo,1,32.3,41.2,2023-04-01T18:05:20.119Z,2023-04-02T11:50:11Z,4154029379,212,55.2,4156156167,178,,4154029367,5,,4154029381,213,0.4,4154029373,56,Center,4154029371,152,,4154029383,1,,4154029369,157,,btyk45f7gmz3ck2dafpp22yg9,H. Koffi,4154029377,141,72.7,,4154029375,140,80.8,,,,,,,,,,,,,,,,,,,,,,,,,,,,,,,,,,
2526815571,808,44,2,90,35,920raeoumft3q2wmvc296uceo,1,81.1,60,2023-04-01T18:05:23.278Z,2023-04-02T11:50:10Z,4154029467,233,803,4154029451,56,Center,4154029453,286,,,,,,,,,,,,,,,,,dqazrm2wmu9zqpvp8xbeeb7jd,V. Bayo,,,,,,,,,,,,,,,,,,,,,,,,,,,,,,,,,,,,,,,,,
2526815565,803,44,2,90,35,2nhn3ikl1ciq34w3hcp883d6p,0,18.9,40,2023-04-01T18:05:23.279Z,2023-04-02T11:50:10Z,4154029481,233,808,4154029439,285,,4154029437,56,Back,,,,,,,,,,,,,,,,e2z19y8is5m24brpa3gzn02qx,B. Reynolds,,,,,,,,,,,,,,,,,,,,,,,,,,,,,,,,,,,,,,,,,
2526815581,809,1,2,90,35,920raeoumft3q2wmvc296uceo,0,80.9,59.1,2023-04-01T18:05:23.294Z,2023-04-02T11:50:10Z,4154029495,140,84.6,4154029489,3,,4154029503,212,6.9,4156156467,388,,4154029491,56,Center,4154029507,213,1.0,4154029499,141,67.5,,,,dqazrm2wmu9zqpvp8xbeeb7jd,V. Bayo,,,,,,,,,,,,,,,,,,,,,,,,,,,,,,,,,,,,,,,,,
2526815645,804,1,2,90,36,2nhn3ikl1ciq34w3hcp883d6p,1,13.3,36.5,2023-04-01T18:05:24.493Z,2023-04-02T11:50:09Z,4154029845,212,22.9,4154029835,56,Back,4154029847,213,5.4,4156156593,388,,4154029831,3,,4154029843,141,11.0,4154029839,140,27.6,,,,5ujoracvgg00kzd0a8rh8oa1h,R. Neustädter,,,,,,,,,,,,,,,,,,,,,,,,,,,,,,,,,,,,,,,,,
2526815653,805,49,2,90,40,2nhn3ikl1ciq34w3hcp883d6p,1,20.8,4.1,2023-04-01T18:05:28.165Z,2023-04-02T11:50:09Z,,,,,,,,,,,,,,,,,,,,,,,,,1ezai0a0n3xem17lwhtxwaml1,T. Dierckx,,,,,,,,,,,,,,,,,,,,,,,,,,,,,,,,,,,,,,,,,
2526815681,806,1,2,90,40,2nhn3ikl1ciq34w3hcp883d6p,1,20.9,3.2,2023-04-01T18:05:28.254Z,2023-04-02T11:50:09Z,4154030035,56,Back,4154030051,213,1.0,4154030045,212,15.5,4154030037,140,28.8,4156156847,178,,4154030041,141,22.5,,,,,,,1ezai0a0n3xem17lwhtxwaml1,T. Dierckx,,,,,,,,,,,,,,,,,,,,,,,,,,,,,,,,,,,,,,,,,
2526815743,807,1,2,90,42,2nhn3ikl1ciq34w3hcp883d6p,1,24.6,7.3,2023-04-01T18:05:30.505Z,2023-04-02T11:50:08Z,4154030373,141,18.3,4154030371,140,36.7,4154030375,212,14.7,4154030369,56,Back,4154030377,213,0.5,4156157135,178,,,,,,,,8hl43dvm1d57g011yacyoooa1,M. Fixelles,,,,,,,,,,,,,,,,,,,,,,,,,,,,,,,,,,,,,,,,,
2526815805,808,1,2,90,45,2nhn3ikl1ciq34w3hcp883d6p,1,39.7,22.5,2023-04-01T18:05:33.593Z,2023-04-02T11:50:07Z,4154030699,56,Back,4156157239,178,,4154030705,141,88.6,4154030703,140,44.4,4154030717,1,,4154030715,213,1.5,4154030697,196,,4154030709,212,45.2,96xomdtz505yoaz35i5bb8f84,N. Dorgeles,,,,,,,,,,,,,,,,,,,,,,,,,,,,,,,,,,,,,,,,,
2526815867,809,1,2,90,49,2nhn3ikl1ciq34w3hcp883d6p,0,52.3,95,2023-04-01T18:05:37.201Z,2023-04-02T11:50:06Z,4154030997,212,34.3,4154031001,1,,4156157323,178,,4154030995,141,83.9,4154030993,140,84.2,4154030987,56,Left,4154030999,213,6.1,,,,dd711ekg0nlaosmsy2lz13syy,T. Van den Keybus,,,,,,,,,,,,,,,,,,,,,,,,,,,,,,,,,,,,,,,,,
2526815993,810,1,2,90,52,920raeoumft3q2wmvc296uceo,1,18.2,13.7,2023-04-01T18:05:40.330Z,2023-04-02T11:50:06Z,4154031693,140,20.3,4154031691,56,Back,4154031699,212,3.5,4154031697,141,9.7,4154031703,213,5.4,4156157491,178,,,,,,,,ae26s08xs4l50sfm0r6jbsley,S. Andreou,,,,,,,,,,,,,,,,,,,,,,,,,,,,,,,,,,,,,,,,,
2526815999,811,49,2,90,54,920raeoumft3q2wmvc296uceo,1,20.9,12.6,2023-04-01T18:05:42.292Z,2023-04-02T11:50:05Z,,,,,,,,,,,,,,,,,,,,,,,,,5qaa5hrosx323tjkrvajpg5qs,J. Doke,,,,,,,,,,,,,,,,,,,,,,,,,,,,,,,,,,,,,,,,,
2526816005,812,1,2,90,55,920raeoumft3q2wmvc296uceo,0,23.5,8.9,2023-04-01T18:05:43.080Z,2023-04-02T11:50:05Z,4154031777,141,0.0,4154031775,140,40.5,4154031781,213,5.9,4154031773,56,Back,4156157743,178,,4154031779,212,19.2,,,,,,,5qaa5hrosx323tjkrvajpg5qs,J. Doke,,,,,,,,,,,,,,,,,,,,,,,,,,,,,,,,,,,,,,,,,
2526815989,810,5,2,90,57,2nhn3ikl1ciq34w3hcp883d6p,1,62.4,101.3,2023-04-01T18:05:45.283Z,2023-04-02T05:23:04Z,4154031673,347,,4154031843,233,813,4154031671,56,Left,,,,,,,,,,,,,,,,dd711ekg0nlaosmsy2lz13syy,T. Van den Keybus,,,,,,,,,,,,,,,,,,,,,,,,,,,,,,,,,,,,,,,,,
2526816011,813,5,2,90,57,920raeoumft3q2wmvc296uceo,0,37.6,-1.3,2023-04-01T18:05:45.283Z,2023-04-02T05:23:04Z,4154031811,56,Back,4154031861,233,810,4154031813,347,,,,,,,,,,,,,,,,,5qaa5hrosx323tjkrvajpg5qs,J. Doke,,,,,,,,,,,,,,,,,,,,,,,,,,,,,,,,,,,,,,,,,
2526816039,811,1,2,91,0,2nhn3ikl1ciq34w3hcp883d6p,1,49,100,2023-04-01T18:05:48.211Z,2023-04-02T11:50:04Z,4154031997,56,Back,4154032005,213,4.2,4154032007,1,,4154031995,107,,4154032001,141,71.7,4154031999,140,38.5,4154032003,212,23.4,,,,auqy1bigw2a1owxg441wojzyt,L. Van Eenoo,,,,,,,,,,,,,,,,,,,,,,,,,,,,,,,,,,,,,,,,,
2526816063,812,1,2,91,3,2nhn3ikl1ciq34w3hcp883d6p,1,39.4,78.2,2023-04-01T18:05:51.465Z,2023-04-02T11:50:04Z,4154032125,213,4.7,4154032117,56,Back,4154032119,140,40.1,4154032123,212,28.9,4154032121,141,35.7,4156158309,178,,,,,,,,9kywhmzih4xhuz5d1rrxjcpd6,R. Tagir,,,,,,,,,,,,,,,,,,,,,,,,,,,,,,,,,,,,,,,,,
2526816127,813,1,2,91,6,2nhn3ikl1ciq34w3hcp883d6p,1,38.1,42.4,2023-04-01T18:05:53.819Z,2023-04-02T11:50:03Z,4154032449,212,6.9,4154032441,56,Back,4154032443,140,33.8,4156158381,178,,4154032445,141,50.1,4154032451,213,2.3,,,,,,,e2z19y8is5m24brpa3gzn02qx,B. Reynolds,,,,,,,,,,,,,,,,,,,,,,,,,,,,,,,,,,,,,,,,,
2526816149,814,1,2,91,8,2nhn3ikl1ciq34w3hcp883d6p,1,36.6,59.4,2023-04-01T18:05:56.088Z,2023-04-02T11:50:02Z,4154032573,140,41.5,4154032571,56,Back,4154032577,212,14.0,4156158491,178,,4154032579,213,1.2,4154032575,141,78.5,,,,,,,5ujoracvgg00kzd0a8rh8oa1h,R. Neustädter,,,,,,,,,,,,,,,,,,,,,,,,,,,,,,,,,,,,,,,,,
2526816191,815,1,2,91,11,2nhn3ikl1ciq34w3hcp883d6p,0,49.7,86.9,2023-04-01T18:05:59.328Z,2023-04-02T11:50:01Z,4154032779,155,,4154032789,213,5.9,4154032781,56,Center,4154032783,140,77.9,4154032785,141,67.0,4154032787,212,32.6,4156158563,178,,4154032791,1,,auqy1bigw2a1owxg441wojzyt,L. Van Eenoo,,,,,,,,,,,,,,,,,,,,,,,,,,,,,,,,,,,,,,,,,
2526816259,814,1,2,91,13,920raeoumft3q2wmvc296uceo,0,22.7,24.3,2023-04-01T18:06:01.403Z,2023-04-02T11:50:01Z,4154033137,3,,4154033145,212,10.3,4154033147,213,0.9,4154033141,140,28.7,4156158837,388,,4154033143,141,36.3,4154033139,56,Back,,,,ae26s08xs4l50sfm0r6jbsley,S. Andreou,,,,,,,,,,,,,,,,,,,,,,,,,,,,,,,,,,,,,,,,,
2526816341,817,49,2,91,14,2nhn3ikl1ciq34w3hcp883d6p,1,72,70.5,2023-04-01T18:06:02.570Z,2023-04-02T11:50:00Z,,,,,,,,,,,,,,,,,,,,,,,,,96xomdtz505yoaz35i5bb8f84,N. Dorgeles,,,,,,,,,,,,,,,,,,,,,,,,,,,,,,,,,,,,,,,,,
2526816333,816,1,2,91,16,2nhn3ikl1ciq34w3hcp883d6p,1,75.6,62,2023-04-01T18:06:03.858Z,2023-04-02T11:50:00Z,4154033611,212,24.3,4156159231,178,,4154033607,141,32.5,4154033617,213,5.3,4154033603,140,88.6,4154033601,56,Center,,,,,,,96xomdtz505yoaz35i5bb8f84,N. Dorgeles,,,,,,,,,,,,,,,,,,,,,,,,,,,,,,,,,,,,,,,,,
2526816413,818,1,2,91,21,2nhn3ikl1ciq34w3hcp883d6p,1,89.9,23.4,2023-04-01T18:06:09.501Z,2023-04-02T11:49:57Z,4154033965,141,38.2,4154033967,212,18.6,4154035351,210,13,4156159307,178,,4154033969,213,2.6,4154033961,56,Center,4154033963,140,75.0,,,,1ezai0a0n3xem17lwhtxwaml1,T. Dierckx,,,,1,,,,,,,,,,,,,,,,,,,,,,,,,,,,,,,,,,,,,
2526816427,819,13,2,91,23,2nhn3ikl1ciq34w3hcp883d6p,1,79.3,41.4,2023-04-01T18:06:10.698Z,2023-04-02T11:49:57Z,4154035419,230,96.5,4156159373,178,,4154034019,18,,4154035401,55,818,4154034017,22,,4154034557,20,,4154035417,328,,4154035415,215,,8hl43dvm1d57g011yacyoooa1,M. Fixelles,4154035397,29,,,4154035421,231,49.6,4154035413,103,4154034021,56,Center,4154035411,102,4154035393,74,,,,,,,84.7,47.7,,,,,,,,,,,,,,,,,
2526816417,815,5,2,91,23,920raeoumft3q2wmvc296uceo,1,-1.3,57.6,2023-04-01T18:06:11.636Z,2023-04-02T05:24:04Z,4154033983,346,,4154033979,56,Back,4154034141,233,820,,,,,,,,,,,,,,,,87d73x3gkomc4soukr5uweqc5,I. Mbenza,,,,,,,,,,,,,,,,,,,,,,,,,,,,,,,,,,,,,,,,,
2526816441,820,5,2,91,23,2nhn3ikl1ciq34w3hcp883d6p,0,101.3,42.4,2023-04-01T18:06:11.636Z,2023-04-02T05:24:04Z,4154034067,346,,4154034205,233,815,4154034065,56,Center,,,,,,,,,,,,,,,,8hl43dvm1d57g011yacyoooa1,M. Fixelles,,,,,,,,,,,,,,,,,,,,,,,,,,,,,,,,,,,,,,,,,
2526817069,816,1,2,91,50,920raeoumft3q2wmvc296uceo,1,3.8,45.5,2023-04-01T18:06:38.101Z,2023-04-02T11:49:56Z,4154037529,74,,4154037519,141,54.8,4154037523,213,0.1,4154037513,124,,4154037521,212,60.7,4154037525,1,,4154037515,56,Center,4154037517,140,61.3,btyk45f7gmz3ck2dafpp22yg9,H. Koffi,,,,,,,,,,,,,,,,,,,,,,,,,,,,,,,,,,,,,,,,,
2526817081,817,44,2,91,54,920raeoumft3q2wmvc296uceo,1,60.7,50.5,2023-04-01T18:06:41.722Z,2023-04-02T11:49:56Z,4154037567,56,Center,4154037595,233,821,4154037569,286,,,,,,,,,,,,,,,,,dqazrm2wmu9zqpvp8xbeeb7jd,V. Bayo,,,,,,,,,,,,,,,,,,,,,,,,,,,,,,,,,,,,,,,,,
2526817077,821,44,2,91,54,2nhn3ikl1ciq34w3hcp883d6p,0,39.3,49.5,2023-04-01T18:06:41.723Z,2023-04-02T11:49:56Z,4154037561,56,Back,4154037709,233,817,4154037563,285,,,,,,,,,,,,,,,,,8hl43dvm1d57g011yacyoooa1,M. Fixelles,,,,,,,,,,,,,,,,,,,,,,,,,,,,,,,,,,,,,,,,,
2526817283,818,1,2,91,54,920raeoumft3q2wmvc296uceo,1,59.7,53.1,2023-04-01T18:06:41.781Z,2023-04-02T11:49:56Z,4154038763,213,0.5,4154038761,212,20.2,4154038759,141,66.3,4154043947,210,16,4154043949,22,,4154038755,56,Center,4156159689,388,,4154038757,140,76.9,dqazrm2wmu9zqpvp8xbeeb7jd,V. Bayo,4154038751,3,,,4154038753,168,,,,,,,,,,,,,,,,1,,,,,,,,,,,,,,,,,,,
2526817289,819,16,2,91,58,920raeoumft3q2wmvc296uceo,1,83.2,65,2023-04-01T18:06:46.334Z,2023-04-02T11:49:55Z,4154044025,55,818,4154044035,230,96.6,4154044019,113,,4154038801,22,,4154040493,374,2023-04-01 19:06:45.482,4155165629,396,57.1,4154044023,29,,4154044021,77,,bz77hr28a1yskifpuvzu8smsq,Y. Badji,4154040489,72,,,4157125359,64,,4156159839,178,4154044029,102,52.1,4154044037,231,4154044033,215,4154038805,56,Center,4155165627,395,,,54.1,,98.3,4154040501,375,4154044031,103,31.6,,,,91:57.836,,,,,,
2526818403,822,1,2,93,10,2nhn3ikl1ciq34w3hcp883d6p,1,50.2,50,2023-04-01T18:07:57.947Z,2023-04-02T05:24:26Z,4154044969,140,46.7,4154044977,279,G,4154044975,213,2.8,4154044973,212,3.9,4154044971,141,51.9,4154044967,56,Back,4156159931,178,,,,,2j8y06wuinnx87eetadj55zo5,N. Chadli,,,,,,,,,,,,,,,,,,,,,,,,,,,,,,,,,,,,,,,,,
2526818445,823,1,2,93,11,2nhn3ikl1ciq34w3hcp883d6p,1,49.2,40.7,2023-04-01T18:07:59.578Z,2023-04-02T11:49:54Z,4156159963,178,,4154045229,141,19.8,4154045227,140,33.4,4154045231,212,21.8,4154045233,213,3.8,4154045225,56,Back,,,,,,,auqy1bigw2a1owxg441wojzyt,L. Van Eenoo,,,,,,,,,,,,,,,,,,,,,,,,,,,,,,,,,,,,,,,,,
2526818501,824,1,2,93,14,2nhn3ikl1ciq34w3hcp883d6p,0,39.5,20.3,2023-04-01T18:08:02.380Z,2023-04-02T11:49:53Z,4154045541,1,,4154045539,213,0.3,4154045531,56,Center,4154045533,140,80.9,4154045529,155,,4154045535,141,36.9,4154045537,212,44.9,4156160037,178,,e2z19y8is5m24brpa3gzn02qx,B. Reynolds,,,,,,,,,,,,,,,,,,,,,,,,,,,,,,,,,,,,,,,,,
2526818521,820,1,2,93,17,920raeoumft3q2wmvc296uceo,1,20.1,57.8,2023-04-01T18:08:05.487Z,2023-04-02T11:49:52Z,4154045685,141,75.0,4154045687,212,15.8,4154045679,3,,4154045689,213,0.8,4156160145,178,,4154045681,56,Back,4154045683,140,30.2,,,,3bhmh2ks5ma4rqda9zff6w251,S. Knežević,,,,,,,,,,,,,,,,,,,,,,,,,,,,,,,,,,,,,,,,,
2526818615,821,1,2,93,19,920raeoumft3q2wmvc296uceo,1,29.7,83.8,2023-04-01T18:08:07.562Z,2023-04-02T11:49:52Z,4154046303,212,11.4,4156160251,178,,4154046295,140,39.4,4154046291,56,Back,4154046305,213,5.8,4154046299,141,76.4,,,,,,,5ecklu1u6t21rhh8fh4zoq2cq,A. Zorgane,,,,,,,,,,,,,,,,,,,,,,,,,,,,,,,,,,,,,,,,,
2527020685,881,49,2,93,20,920raeoumft3q2wmvc296uceo,1,37.4,83.2,2023-04-01T18:08:08.310Z,2023-04-02T11:49:52Z,,,,,,,,,,,,,,,,,,,,,,,,,5qaa5hrosx323tjkrvajpg5qs,J. Doke,,,,,,,,,,,,,,,,,,,,,,,,,,,,,,,,,,,,,,,,,
2526818625,822,61,2,93,22,920raeoumft3q2wmvc296uceo,0,49.3,89.9,2023-04-01T18:08:10.613Z,2023-04-02T11:49:51Z,4154046357,56,Back,4156160595,178,,,,,,,,,,,,,,,,,,,,5qaa5hrosx323tjkrvajpg5qs,J. Doke,,,,,,,,,,,,,,,,,,,,,,,,,,,,,,,,,,,,,,,,,
2526818599,825,49,2,93,23,2nhn3ikl1ciq34w3hcp883d6p,1,47.3,1.2,2023-04-01T18:08:11.540Z,2023-04-02T11:49:50Z,,,,,,,,,,,,,,,,,,,,,,,,,8hl43dvm1d57g011yacyoooa1,M. Fixelles,,,,,,,,,,,,,,,,,,,,,,,,,,,,,,,,,,,,,,,,,
2526818675,826,1,2,93,26,2nhn3ikl1ciq34w3hcp883d6p,1,42.9,0.1,2023-04-01T18:08:14.343Z,2023-04-02T11:49:49Z,4154046635,140,58.8,4154046637,141,14.9,4156160771,178,,4154046639,212,19.5,4154046641,213,0.5,4154046633,56,Right,,,,,,,8hl43dvm1d57g011yacyoooa1,M. Fixelles,,,,,,,,,,,,,,,,,,,,,,,,,,,,,,,,,,,,,,,,,
2526818721,827,1,2,93,29,2nhn3ikl1ciq34w3hcp883d6p,1,54.7,8.7,2023-04-01T18:08:17.376Z,2023-04-02T11:49:48Z,4154046869,141,22.2,4154046875,213,2.3,4156160863,178,,4154046865,56,Back,4154046871,212,12.2,4154046867,140,47.1,,,,,,,1ezai0a0n3xem17lwhtxwaml1,T. Dierckx,,,,,,,,,,,,,,,,,,,,,,,,,,,,,,,,,,,,,,,,,
2526818731,828,61,2,93,30,2nhn3ikl1ciq34w3hcp883d6p,1,50,16.3,2023-04-01T18:08:17.736Z,2023-04-02T11:49:48Z,4154046925,56,Right,4156160969,178,,,,,,,,,,,,,,,,,,,,8hl43dvm1d57g011yacyoooa1,M. Fixelles,,,,,,,,,,,,,,,,,,,,,,,,,,,,,,,,,,,,,,,,,
2526818725,823,49,2,93,30,920raeoumft3q2wmvc296uceo,1,50.5,87.1,2023-04-01T18:08:18.451Z,2023-04-02T11:49:48Z,,,,,,,,,,,,,,,,,,,,,,,,,dqazrm2wmu9zqpvp8xbeeb7jd,V. Bayo,,,,,,,,,,,,,,,,,,,,,,,,,,,,,,,,,,,,,,,,,
2526818775,824,50,2,93,31,920raeoumft3q2wmvc296uceo,1,55.3,88.5,2023-04-01T18:08:19.501Z,2023-04-02T11:49:46Z,4154047425,233,829,4154047117,56,Left,4154047119,286,,,,,,,,,,,,,,,,,dqazrm2wmu9zqpvp8xbeeb7jd,V. Bayo,,,,,,,,,,,,,,,,,,,,,,,,,,,,,,,,,,,,,,,,,
2526818819,829,7,2,93,31,2nhn3ikl1ciq34w3hcp883d6p,1,44.7,11.5,2023-04-01T18:08:19.532Z,2023-04-02T11:49:46Z,4155167889,384,,4154047345,285,,4154047387,233,824,4154047343,56,Back,4156161293,178,,,,,,,,,,,1ezai0a0n3xem17lwhtxwaml1,T. Dierckx,,,,,,,,,,,,,,,,,,,,,,,,,,,,,,,,,,,,,,,,,
2526818825,830,49,2,93,35,2nhn3ikl1ciq34w3hcp883d6p,1,20.1,11.4,2023-04-01T18:08:23.058Z,2023-04-02T11:49:46Z,,,,,,,,,,,,,,,,,,,,,,,,,e2z19y8is5m24brpa3gzn02qx,B. Reynolds,,,,,,,,,,,,,,,,,,,,,,,,,,,,,,,,,,,,,,,,,
2526818867,831,1,2,93,35,2nhn3ikl1ciq34w3hcp883d6p,1,20,11.4,2023-04-01T18:08:23.126Z,2023-04-02T11:49:45Z,4154047649,213,2.1,4154047641,56,Back,4154047643,140,9.6,4154047645,141,41.6,4154047647,212,23.3,4156161439,178,,,,,,,,e2z19y8is5m24brpa3gzn02qx,B. Reynolds,,,,,,,,,,,,,,,,,,,,,,,,,,,,,,,,,,,,,,,,,
2526819025,832,1,2,93,38,2nhn3ikl1ciq34w3hcp883d6p,1,11.8,49.5,2023-04-01T18:08:26.533Z,2023-04-02T11:49:45Z,4154048583,140,22.3,4154048581,56,Back,4154048589,213,1.1,4154048587,212,25.6,4156161473,178,,4154048585,141,83.5,,,,,,,6qlfe04qjldj3rkeeme6gdi39,S. Bolat,,,,,,,,,,,,,,,,,,,,,,,,,,,,,,,,,,,,,,,,,
2526819075,833,1,2,93,46,2nhn3ikl1ciq34w3hcp883d6p,1,45,75.5,2023-04-01T18:08:34.044Z,2023-04-02T11:49:43Z,4154048909,1,,4154048901,140,57.7,4154048903,141,14.3,4154048899,56,Right,4154048897,155,,4154048905,212,43.7,4154048907,213,5.0,4156161595,178,,9kywhmzih4xhuz5d1rrxjcpd6,R. Tagir,,,,,,,,,,,,,,,,,,,,,,,,,,,,,,,,,,,,,,,,,
2526819087,834,1,2,93,49,2nhn3ikl1ciq34w3hcp883d6p,1,55.6,10,2023-04-01T18:08:36.872Z,2023-04-02T11:49:43Z,4154048989,141,23.1,4154048997,213,2.4,4154048985,56,Back,4154048991,212,13.9,4156161727,178,,4154048987,140,45.4,,,,,,,auqy1bigw2a1owxg441wojzyt,L. Van Eenoo,,,,,,,,,,,,,,,,,,,,,,,,,,,,,,,,,,,,,,,,,
2526819145,835,1,2,93,53,2nhn3ikl1ciq34w3hcp883d6p,1,47,18.3,2023-04-01T18:08:40.867Z,2023-04-02T11:49:42Z,4156161769,178,,4154049323,155,,4154049325,196,,4154049327,56,Left,4154049329,140,81.1,4154049335,213,0.9,4154049337,1,,4154049331,141,84.2,e2z19y8is5m24brpa3gzn02qx,B. Reynolds,4154049333,212,57.4,,,,,,,,,,,,,,,,,,,,,,,,,,,,,,,,,,,,,,
2526819159,836,1,2,93,56,2nhn3ikl1ciq34w3hcp883d6p,1,78.4,89.5,2023-04-01T18:08:44.202Z,2023-04-02T11:49:41Z,4156161881,178,,4154049437,212,6.6,4154049435,141,85.6,4154049433,140,72.6,4154049431,56,Left,4154049439,213,3.6,,,,,,,96xomdtz505yoaz35i5bb8f84,N. Dorgeles,,,,,,,,,,,,,,,,,,,,,,,,,,,,,,,,,,,,,,,,,
2526819221,837,1,2,93,58,2nhn3ikl1ciq34w3hcp883d6p,1,73,88.6,2023-04-01T18:08:45.968Z,2023-04-02T11:49:41Z,4154049809,212,20.0,4156162021,178,,4154049803,56,Center,4154049805,140,88.5,4154049811,213,5.7,4154049807,141,71.4,,,,,,,2j8y06wuinnx87eetadj55zo5,N. Chadli,,,,,,,,,,,,,,,,,,,,,,,,,,,,,,,,,,,,,,,,,
2526819223,838,1,2,94,1,2nhn3ikl1ciq34w3hcp883d6p,0,97.4,74.2,2023-04-01T18:08:48.983Z,2023-04-02T11:49:40Z,4154049823,140,94.9,4154049821,56,Center,4154049883,233,825,4154049881,236,,4154049827,212,4.1,4154049825,141,69.6,4154049887,286,,4156162137,178,,dd711ekg0nlaosmsy2lz13syy,T. Van den Keybus,4154050011,195,,,4154049829,213,4.0,,,,,,,,,,,,,,,,,,,,,,,,,,,,,,,,,,
2526819227,825,74,2,94,1,920raeoumft3q2wmvc296uceo,1,3,25.8,2023-04-01T18:08:49.012Z,2023-04-02T11:49:40Z,4154049851,285,,4154049933,233,838,4156162259,389,,4154049849,56,Back,,,,,,,,,,,,,ae26s08xs4l50sfm0r6jbsley,S. Andreou,,,,,,,,,,,,,,,,,,,,,,,,,,,,,,,,,,,,,,,,,
2526819243,826,6,2,94,1,920raeoumft3q2wmvc296uceo,0,1.7,28.8,2023-04-01T18:08:49.446Z,2023-04-02T05:26:20Z,4154049993,73,,4154050457,233,839,4154049965,56,Back,,,,,,,,,,,,,,,,ae26s08xs4l50sfm0r6jbsley,S. Andreou,,,,,,,,,,,,,,,,,,,,,,,,,,,,,,,,,,,,,,,,,
2526819321,839,6,2,94,1,2nhn3ikl1ciq34w3hcp883d6p,1,98.3,71.2,2023-04-01T18:08:49.446Z,2023-04-02T05:26:19Z,4154050417,56,Center,4154050441,233,826,4154050419,73,,,,,,,,,,,,,,,,,dd711ekg0nlaosmsy2lz13syy,T. Van den Keybus,,,,,,,,,,,,,,,,,,,,,,,,,,,,,,,,,,,,,,,,,
2526819467,840,1,2,94,13,2nhn3ikl1ciq34w3hcp883d6p,1,99.5,99.5,2023-04-01T18:09:00.700Z,2023-04-02T05:26:26Z,4154051233,213,3.7,4156162463,178,,4154051231,212,13.3,4154051227,141,88.4,4154051225,140,89.1,4154051221,56,Left,4154051219,6,,,,,auqy1bigw2a1owxg441wojzyt,L. Van Eenoo,,,,,,,,,,,,,,,,,,,,,,,,,,,,,,,,,,,,,,,,,
2526819531,841,1,2,94,15,2nhn3ikl1ciq34w3hcp883d6p,1,85.7,86.9,2023-04-01T18:09:03.125Z,2023-04-02T11:49:39Z,4155169189,223,,4154052795,210,13,4154052797,154,,4154051559,212,16.8,4154051545,56,Center,4154051537,2,,4156162549,178,,4154051541,155,,96xomdtz505yoaz35i5bb8f84,N. Dorgeles,4155169191,20,,1,4154051549,140,90.3,4154051555,141,4154051563,213,5.0,,,,,,,,,,,63.3,,,,,,,,,,,,,,,,,,
2526819541,842,13,2,94,16,2nhn3ikl1ciq34w3hcp883d6p,1,91.3,62.1,2023-04-01T18:09:03.967Z,2023-04-02T11:49:38Z,4154052859,103,73.6,4154052209,25,,4154052863,231,53.6,4154052849,29,,4154052861,230,98.9,4154051619,56,Center,4154052219,328,,4154052851,154,,dd711ekg0nlaosmsy2lz13syy,T. Van den Keybus,4154052847,77,,,4154052853,55,841,4154052211,15,4157123781,17,,4156162673,388,4154052857,102,,,,,,,,,56.6,,,,,,,,,,,,,,,,
2526819549,827,5,2,94,17,920raeoumft3q2wmvc296uceo,1,-1.5,45,2023-04-01T18:09:05.478Z,2023-04-02T05:26:37Z,4154051679,233,843,4154051651,56,Back,4154051653,346,,,,,,,,,,,,,,,,,ae26s08xs4l50sfm0r6jbsley,S. Andreou,,,,,,,,,,,,,,,,,,,,,,,,,,,,,,,,,,,,,,,,,
2526819551,843,5,2,94,17,2nhn3ikl1ciq34w3hcp883d6p,0,101.5,55,2023-04-01T18:09:05.478Z,2023-04-02T05:26:37Z,4154051687,233,827,4154051659,56,Center,4154051661,346,,,,,,,,,,,,,,,,,dd711ekg0nlaosmsy2lz13syy,T. Van den Keybus,,,,,,,,,,,,,,,,,,,,,,,,,,,,,,,,,,,,,,,,,
2526820257,828,18,2,94,54,920raeoumft3q2wmvc296uceo,1,0,0,2023-04-01T18:09:41.796Z,2023-04-02T05:26:39Z,4154055587,59,9,4154055715,55,829,4154055585,44,Forward,4154055583,42,,,,,,,,,,,,,,dqazrm2wmu9zqpvp8xbeeb7jd,V. Bayo,,,,,,,,,,,,,,,,,,,,,,,,,,,,,,,,,,,,,,,,,
2526820265,829,19,2,94,54,920raeoumft3q2wmvc296uceo,1,0,0,2023-04-01T18:09:41.797Z,2023-04-02T05:26:40Z,4154055639,44,Defender,4154055641,55,828,4154055633,59,2,4154055631,145,9,4154055627,42,,4154055635,292,3,4154055637,293,2,,,,7hi9yit8aifyojt7i0kg69as5,J. Bager,,,,,,,,,,,,,,,,,,,,,,,,,,,,,,,,,,,,,,,,,
2526820513,830,1,2,95,2,920raeoumft3q2wmvc296uceo,0,4.5,43,2023-04-01T18:09:50.332Z,2023-04-02T11:49:37Z,4154056971,56,Center,4154056983,1,,4154056973,140,66.4,4154056979,213,6.1,4154056977,212,66.7,4154056969,124,,4154056993,74,,4154056975,141,21.2,btyk45f7gmz3ck2dafpp22yg9,H. Koffi,,,,,,,,,,,,,,,,,,,,,,,,,,,,,,,,,,,,,,,,,
2526820509,844,44,2,95,6,2nhn3ikl1ciq34w3hcp883d6p,1,40.2,75.8,2023-04-01T18:09:54.096Z,2023-04-02T11:49:37Z,4154056951,285,,4154057169,233,831,4154056949,56,Back,,,,,,,,,,,,,,,,9kywhmzih4xhuz5d1rrxjcpd6,R. Tagir,,,,,,,,,,,,,,,,,,,,,,,,,,,,,,,,,,,,,,,,,
2526820521,831,44,2,95,6,920raeoumft3q2wmvc296uceo,0,59.8,24.2,2023-04-01T18:09:54.097Z,2023-04-02T11:49:37Z,4154057021,286,,4154057275,233,844,4154057019,56,Center,,,,,,,,,,,,,,,,bz77hr28a1yskifpuvzu8smsq,Y. Badji,,,,,,,,,,,,,,,,,,,,,,,,,,,,,,,,,,,,,,,,,
2526820563,845,1,2,95,6,2nhn3ikl1ciq34w3hcp883d6p,0,39.6,76.7,2023-04-01T18:09:54.186Z,2023-04-02T11:49:37Z,4154057235,56,Back,4154057237,140,35.9,4154057243,213,4.1,4154057239,141,68.1,4154057241,212,7.0,4154057233,3,,4156162971,388,,,,,9kywhmzih4xhuz5d1rrxjcpd6,R. Tagir,,,,,,,,,,,,,,,,,,,,,,,,,,,,,,,,,,,,,,,,,
2526820595,832,1,2,95,8,920raeoumft3q2wmvc296uceo,1,59.8,30.4,2023-04-01T18:09:55.929Z,2023-04-02T11:49:36Z,4154057449,141,43.7,4154057443,3,,4154057445,56,Center,4156163091,388,,4154057451,212,12.1,4154057447,140,52.2,4154057453,213,2.3,,,,bz77hr28a1yskifpuvzu8smsq,Y. Badji,,,,,,,,,,,,,,,,,,,,,,,,,,,,,,,,,,,,,,,,,
2526820627,833,1,2,95,10,920raeoumft3q2wmvc296uceo,1,52.5,39.7,2023-04-01T18:09:58.167Z,2023-04-02T11:49:35Z,4154057663,213,1.0,4154057655,56,Center,4154057661,212,19.1,4156163169,178,,4154057657,140,62.7,4154057659,141,62.9,4154057653,155,,,,,5ecklu1u6t21rhh8fh4zoq2cq,A. Zorgane,,,,,,,,,,,,,,,,,,,,,,,,,,,,,,,,,,,,,,,,,
2526820697,834,1,2,95,12,920raeoumft3q2wmvc296uceo,1,63.2,57.1,2023-04-01T18:10:00.240Z,2023-04-02T11:49:34Z,4154058057,140,54.0,4156163217,178,,4154058063,213,2.2,4154058055,56,Center,4154058061,212,15.9,4154058059,141,75.6,,,,,,,bz77hr28a1yskifpuvzu8smsq,Y. Badji,,,,,,,,,,,,,,,,,,,,,,,,,,,,,,,,,,,,,,,,,
2526820733,835,1,2,95,14,920raeoumft3q2wmvc296uceo,0,53.7,76.9,2023-04-01T18:10:01.866Z,2023-04-02T11:49:34Z,4154058277,140,77.6,4154058275,56,Left,4154058283,213,0.6,4154058281,212,30.3,4154058279,141,100.0,4156163285,178,,,,,,,,87d73x3gkomc4soukr5uweqc5,I. Mbenza,,,,,,,,,,,,,,,,,,,,,,,,,,,,,,,,,,,,,,,,,
2526820745,846,56,2,95,18,2nhn3ikl1ciq34w3hcp883d6p,1,0,0,2023-04-01T18:10:05.800Z,2023-04-02T11:49:33Z,4154058345,56,Back,,,,,,,,,,,,,,,,,,,,,,e2z19y8is5m24brpa3gzn02qx,B. Reynolds,,,,,,,,,,,,,,,,,,,,,,,,,,,,,,,,,,,,,,,,,
2526820739,836,5,2,95,18,920raeoumft3q2wmvc296uceo,0,78.6,102,2023-04-01T18:10:05.982Z,2023-04-02T05:27:12Z,4154058305,56,Left,4154058311,347,,4154058625,233,847,,,,,,,,,,,,,,,,87d73x3gkomc4soukr5uweqc5,I. Mbenza,,,,,,,,,,,,,,,,,,,,,,,,,,,,,,,,,,,,,,,,,
2526820783,847,5,2,95,18,2nhn3ikl1ciq34w3hcp883d6p,1,21.4,-2,2023-04-01T18:10:05.982Z,2023-04-02T05:27:12Z,4154058505,56,Back,4154058507,347,,4154058545,233,836,,,,,,,,,,,,,,,,e2z19y8is5m24brpa3gzn02qx,B. Reynolds,,,,,,,,,,,,,,,,,,,,,,,,,,,,,,,,,,,,,,,,,
2526820867,848,1,2,95,20,2nhn3ikl1ciq34w3hcp883d6p,1,18.2,0,2023-04-01T18:10:08.188Z,2023-04-02T11:49:33Z,4154059047,140,16.9,4154059051,212,17.5,4154059053,213,1.6,4154059045,56,Back,4154059043,107,,4154059049,141,23.7,,,,,,,e2z19y8is5m24brpa3gzn02qx,B. Reynolds,,,,,,,,,,,,,,,,,,,,,,,,,,,,,,,,,,,,,,,,,
2526821011,849,1,2,95,23,2nhn3ikl1ciq34w3hcp883d6p,1,18.7,37.9,2023-04-01T18:10:11.439Z,2023-04-02T11:49:32Z,4154059731,213,1.4,4154059727,141,87.2,4154059733,1,,4154059725,140,25.7,4154059723,56,Back,4156163603,178,,4154059729,212,34.3,,,,5ujoracvgg00kzd0a8rh8oa1h,R. Neustädter,,,,,,,,,,,,,,,,,,,,,,,,,,,,,,,,,,,,,,,,,
2526821121,850,1,2,95,29,2nhn3ikl1ciq34w3hcp883d6p,1,40.4,92.7,2023-04-01T18:10:17.457Z,2023-04-02T11:49:32Z,4156163681,178,,4154060285,141,68.1,4154060289,213,4.5,4154060287,212,17.0,4154060281,56,Back,4154060283,140,37.3,,,,,,,9kywhmzih4xhuz5d1rrxjcpd6,R. Tagir,,,,,,,,,,,,,,,,,,,,,,,,,,,,,,,,,,,,,,,,,
2526821195,851,1,2,95,36,2nhn3ikl1ciq34w3hcp883d6p,0,52.1,54.6,2023-04-01T18:10:24.282Z,2023-04-02T11:49:31Z,4154060701,141,84.1,4154060695,155,,4156163743,178,,4154060703,212,38.1,4154060697,56,Left,4154060707,1,,4154060699,140,82.9,4154060705,213,0.6,8hl43dvm1d57g011yacyoooa1,M. Fixelles,,,,,,,,,,,,,,,,,,,,,,,,,,,,,,,,,,,,,,,,,
2526821269,837,1,2,95,39,920raeoumft3q2wmvc296uceo,1,18.7,10.8,2023-04-01T18:10:26.791Z,2023-04-02T11:49:31Z,4154061021,213,2.4,4154061013,56,Back,4154061011,3,,4154061019,212,7.1,4156163813,388,,4154061017,141,18.2,4154061015,140,13.9,,,,39bcswfqnpa07b4afevezejo4,J. Tchatchoua,,,,,,,,,,,,,,,,,,,,,,,,,,,,,,,,,,,,,,,,,
2526821275,838,49,2,95,40,920raeoumft3q2wmvc296uceo,1,19,22,2023-04-01T18:10:28.165Z,2023-04-02T11:49:30Z,,,,,,,,,,,,,,,,,,,,,,,,,ae26s08xs4l50sfm0r6jbsley,S. Andreou,,,,,,,,,,,,,,,,,,,,,,,,,,,,,,,,,,,,,,,,,
2526821283,839,1,2,95,40,920raeoumft3q2wmvc296uceo,0,18.4,21.4,2023-04-01T18:10:28.295Z,2023-04-02T11:49:30Z,4154061085,212,20.2,4154061077,157,,4154061087,213,5.4,4154061089,1,,4156164083,178,,4154061079,56,Back,4154061083,141,0.0,4154061081,140,30.3,ae26s08xs4l50sfm0r6jbsley,S. Andreou,,,,,,,,,,,,,,,,,,,,,,,,,,,,,,,,,,,,,,,,,
2526821285,840,5,2,95,42,920raeoumft3q2wmvc296uceo,0,27.7,-2,2023-04-01T18:10:30.305Z,2023-04-02T05:27:55Z,4154061091,56,Back,4154061093,347,,4154061137,233,852,,,,,,,,,,,,,,,,ae26s08xs4l50sfm0r6jbsley,S. Andreou,,,,,,,,,,,,,,,,,,,,,,,,,,,,,,,,,,,,,,,,,
2526821279,852,5,2,95,42,2nhn3ikl1ciq34w3hcp883d6p,1,72.3,102,2023-04-01T18:10:30.305Z,2023-04-02T05:27:56Z,4154061057,347,,4154061125,233,840,4154061055,56,Left,,,,,,,,,,,,,,,,2j8y06wuinnx87eetadj55zo5,N. Chadli,,,,,,,,,,,,,,,,,,,,,,,,,,,,,,,,,,,,,,,,,
2526821317,853,1,2,95,44,2nhn3ikl1ciq34w3hcp883d6p,1,67.2,100,2023-04-01T18:10:32.451Z,2023-04-02T11:49:30Z,4154061221,56,Left,4154061229,212,16.0,4154061217,107,,4154061231,213,5.4,4154061227,141,83.9,4154061225,140,76.9,,,,,,,9kywhmzih4xhuz5d1rrxjcpd6,R. Tagir,,,,,,,,,,,,,,,,,,,,,,,,,,,,,,,,,,,,,,,,,
2526821337,854,1,2,95,45,2nhn3ikl1ciq34w3hcp883d6p,1,70.2,91.9,2023-04-01T18:10:33.329Z,2023-04-02T11:49:30Z,4154061337,213,0.1,4154061335,212,5.0,4154061329,56,Left,4154061331,140,74.9,4154061333,141,92.7,4156164297,178,,,,,,,,96xomdtz505yoaz35i5bb8f84,N. Dorgeles,,,,,,,,,,,,,,,,,,,,,,,,,,,,,,,,,,,,,,,,,
2526821381,855,1,2,95,47,2nhn3ikl1ciq34w3hcp883d6p,1,65.5,98.8,2023-04-01T18:10:34.895Z,2023-04-02T11:49:29Z,4154061577,56,Left,4156164385,178,,4154061585,213,4.6,4154061583,212,9.5,4154061581,141,85.0,4154061579,140,64.2,,,,,,,9kywhmzih4xhuz5d1rrxjcpd6,R. Tagir,,,,,,,,,,,,,,,,,,,,,,,,,,,,,,,,,,,,,,,,,
2526821503,856,1,2,95,49,2nhn3ikl1ciq34w3hcp883d6p,1,56.9,86.6,2023-04-01T18:10:37.320Z,2023-04-02T11:49:27Z,4154062235,212,54.7,4154062229,56,Center,4154062237,213,5.5,4154062239,1,,4156164441,178,,4154062233,141,27.1,4154062231,140,92.0,4154062227,155,,8hl43dvm1d57g011yacyoooa1,M. Fixelles,,,,,,,,,,,,,,,,,,,,,,,,,,,,,,,,,,,,,,,,,
2526821575,857,1,2,95,53,2nhn3ikl1ciq34w3hcp883d6p,0,93.5,25.4,2023-04-01T18:10:40.721Z,2023-04-02T11:49:27Z,4154062629,56,Center,4154062635,212,1.3,4154062637,213,2.1,4155172401,224,,4155172403,20,,4155172321,2,,4156164505,178,,4154062633,141,27.0,1ezai0a0n3xem17lwhtxwaml1,T. Dierckx,4154062627,155,,,4154062631,140,92.9,,,,,,,,,,,,,,,,,,,,,,,,,,,,,,,,,,
2527023053,883,61,2,95,53,920raeoumft3q2wmvc296uceo,1,8.2,69.7,2023-04-01T18:10:40.815Z,2023-04-02T11:49:27Z,4155181317,56,Back,4156164591,178,,,,,,,,,,,,,,,,,,,,87d73x3gkomc4soukr5uweqc5,I. Mbenza,,,,,,,,,,,,,,,,,,,,,,,,,,,,,,,,,,,,,,,,,
2526821587,858,13,2,95,54,2nhn3ikl1ciq34w3hcp883d6p,1,98.3,56.6,2023-04-01T18:10:42.442Z,2023-04-02T11:49:26Z,4155181553,458,,4154062687,56,Center,4154077133,146,99.3,4154077119,102,43.9,4156164741,388,,4154077091,84,,4154074649,328,,4154077137,147,45.3,2j8y06wuinnx87eetadj55zo5,N. Chadli,4154062683,22,,,4154077141,230,96.2,4154074645,61,4154077127,153,,4154074643,15,4154077121,103,4154077123,214,,4154077145,231,,,,15.3,48.5,,,,,,,,,,,,,,,
2526821641,841,49,2,95,56,920raeoumft3q2wmvc296uceo,1,0.1,56.9,2023-04-01T18:10:43.917Z,2023-04-02T11:49:25Z,,,,,,,,,,,,,,,,,,,,,,,,,4pbx40gvdmacim2n0k2qt41cl,J. Kayembe,,,,,,,,,,,,,,,,,,,,,,,,,,,,,,,,,,,,,,,,,
2526821759,842,12,2,95,57,920raeoumft3q2wmvc296uceo,1,0.3,56.3,2023-04-01T18:10:44.831Z,2023-04-02T11:49:24Z,4154063555,141,64.3,4154063559,213,0.8,4156164935,178,,4154063557,212,7.7,4154063551,56,Back,4154063553,140,5.5,,,,,,,4pbx40gvdmacim2n0k2qt41cl,J. Kayembe,,,,,,,,,,,,,,,,,,,,,,,,,,,,,,,,,,,,,,,,,
2527021931,897,61,2,95,57,2nhn3ikl1ciq34w3hcp883d6p,1,99.2,41.5,2023-04-01T18:10:44.919Z,2023-04-02T11:49:24Z,4155174955,56,Center,4156165081,178,,,,,,,,,,,,,,,,,,,,1ezai0a0n3xem17lwhtxwaml1,T. Dierckx,,,,,,,,,,,,,,,,,,,,,,,,,,,,,,,,,,,,,,,,,
2526821613,859,61,2,95,57,2nhn3ikl1ciq34w3hcp883d6p,1,96.1,40.5,2023-04-01T18:10:45.222Z,2023-04-02T11:49:23Z,4156165147,178,,4154062825,56,Center,,,,,,,,,,,,,,,,,,,auqy1bigw2a1owxg441wojzyt,L. Van Eenoo,,,,,,,,,,,,,,,,,,,,,,,,,,,,,,,,,,,,,,,,,
2527022271,898,49,2,95,59,2nhn3ikl1ciq34w3hcp883d6p,1,91.9,40.2,2023-04-01T18:10:47.155Z,2023-04-02T11:49:23Z,,,,,,,,,,,,,,,,,,,,,,,,,1ezai0a0n3xem17lwhtxwaml1,T. Dierckx,,,,,,,,,,,,,,,,,,,,,,,,,,,,,,,,,,,,,,,,,
2526821665,860,43,2,96,0,2nhn3ikl1ciq34w3hcp883d6p,1,0,0,2023-04-01T18:10:47.979Z,2023-04-01T18:13:15Z,4154063075,56,Center,4154079081,144,39,4154063081,250,0,4154063073,63,0,4154063071,22,0,,,,,,,,,,96xomdtz505yoaz35i5bb8f84,N. Dorgeles,,,,,,,,,,,,,,,,,,,,,,,,,,,,,,,,,,,,,,,,,
2526821725,861,1,2,96,1,2nhn3ikl1ciq34w3hcp883d6p,0,97.1,30.1,2023-04-01T18:10:49.587Z,2023-04-02T12:37:43Z,4154063383,56,Center,4154063389,212,2.2,4154063677,286,,4154063391,213,2.5,4154063387,141,31.9,4156165409,178,,4154063385,140,95.4,4154063673,233,843,1ezai0a0n3xem17lwhtxwaml1,T. Dierckx,4154063671,236,,,,,,,,,,,,,,,,,,,,,,,,,,,,,,,,,,,,,,,
2526821767,843,74,2,96,1,920raeoumft3q2wmvc296uceo,1,0.1,74.6,2023-04-01T18:10:49.624Z,2023-04-02T11:49:22Z,4154063593,285,,4154063591,56,Back,4154063715,233,861,4156165593,178,,,,,,,,,,,,,,4pbx40gvdmacim2n0k2qt41cl,J. Kayembe,,,,,,,,,,,,,,,,,,,,,,,,,,,,,,,,,,,,,,,,,
2527022167,882,49,2,96,4,920raeoumft3q2wmvc296uceo,1,3.2,91.2,2023-04-01T18:10:52.486Z,2023-04-02T11:49:21Z,,,,,,,,,,,,,,,,,,,,,,,,,4pbx40gvdmacim2n0k2qt41cl,J. Kayembe,,,,,,,,,,,,,,,,,,,,,,,,,,,,,,,,,,,,,,,,,
2526821835,844,1,2,96,4,920raeoumft3q2wmvc296uceo,1,3.8,91.8,2023-04-01T18:10:52.570Z,2023-04-02T11:49:21Z,4156165767,178,,4154063977,213,6.0,4154063975,212,16.3,4154063971,140,18.7,4154063973,141,85.1,4154063967,56,Back,,,,,,,4pbx40gvdmacim2n0k2qt41cl,J. Kayembe,,,,,,,,,,,,,,,,,,,,,,,,,,,,,,,,,,,,,,,,,
2526821879,845,1,2,96,7,920raeoumft3q2wmvc296uceo,1,14.9,97.3,2023-04-01T18:10:54.946Z,2023-04-02T11:49:19Z,4154064211,213,5.1,4156165817,178,,4154064207,212,19.4,4154064193,56,Back,4154064203,141,71.5,4154064199,140,22.7,,,,,,,5ecklu1u6t21rhh8fh4zoq2cq,A. Zorgane,,,,,,,,,,,,,,,,,,,,,,,,,,,,,,,,,,,,,,,,,
2526821927,846,1,2,96,8,920raeoumft3q2wmvc296uceo,0,22.5,76.5,2023-04-01T18:10:55.861Z,2023-04-02T11:49:19Z,4154064431,155,,4154064437,141,100.0,4154064433,56,Back,4154064441,213,0.8,4156165923,178,,4154064435,140,37.8,4154064439,212,23.6,,,,8zz5lnxo7twq8ntb7e0qfvbv9,M. Ilaimaharitra,,,,,,,,,,,,,,,,,,,,,,,,,,,,,,,,,,,,,,,,,
2526821935,847,5,2,96,10,920raeoumft3q2wmvc296uceo,0,37,101.7,2023-04-01T18:10:58.151Z,2023-04-02T05:29:35Z,4154065263,233,862,4154064471,56,Back,4154064473,347,,,,,,,,,,,,,,,,,8zz5lnxo7twq8ntb7e0qfvbv9,M. Ilaimaharitra,,,,,,,,,,,,,,,,,,,,,,,,,,,,,,,,,,,,,,,,,
2526822079,862,5,2,96,10,2nhn3ikl1ciq34w3hcp883d6p,1,63,-1.7,2023-04-01T18:10:58.151Z,2023-04-02T05:29:35Z,4154065181,56,Right,4154065217,233,847,4154065185,347,,,,,,,,,,,,,,,,,8hl43dvm1d57g011yacyoooa1,M. Fixelles,,,,,,,,,,,,,,,,,,,,,,,,,,,,,,,,,,,,,,,,,
2526822155,863,1,2,96,19,2nhn3ikl1ciq34w3hcp883d6p,1,70.4,0,2023-04-01T18:11:06.722Z,2023-04-02T11:49:19Z,4154065597,141,11.9,4154065601,213,0.5,4154065595,140,88.0,4154065591,107,,4154065593,56,Right,4154065599,212,20.8,,,,,,,e2z19y8is5m24brpa3gzn02qx,B. Reynolds,,,,,,,,,,,,,,,,,,,,,,,,,,,,,,,,,,,,,,,,,
2526822165,864,50,2,96,21,2nhn3ikl1ciq34w3hcp883d6p,1,98,15.9,2023-04-01T18:11:09.602Z,2023-04-02T11:49:18Z,4154065635,286,,4154065841,233,848,4154065633,56,Right,,,,,,,,,,,,,,,,f03fccqnepjczr841h0zqdeui,Y. Matsuo,,,,,,,,,,,,,,,,,,,,,,,,,,,,,,,,,,,,,,,,,
2526822187,848,7,2,96,22,920raeoumft3q2wmvc296uceo,1,2,84.1,2023-04-01T18:11:09.715Z,2023-04-02T11:49:18Z,4154065755,56,Back,4154065757,285,,4154065805,233,864,4156166183,178,,4155177573,385,,,,,,,,,,,3bhmh2ks5ma4rqda9zff6w251,S. Knežević,,,,,,,,,,,,,,,,,,,,,,,,,,,,,,,,,,,,,,,,,
2526822191,849,49,2,96,23,920raeoumft3q2wmvc296uceo,1,12.2,87.1,2023-04-01T18:11:11.630Z,2023-04-02T11:49:18Z,,,,,,,,,,,,,,,,,,,,,,,,,87d73x3gkomc4soukr5uweqc5,I. Mbenza,,,,,,,,,,,,,,,,,,,,,,,,,,,,,,,,,,,,,,,,,
2526822255,850,1,2,96,24,920raeoumft3q2wmvc296uceo,0,12.1,87.2,2023-04-01T18:11:11.663Z,2023-04-02T11:49:17Z,4154066063,157,,4154066077,1,,4154066069,141,54.8,4154066067,140,44.7,4156166295,178,,4154066071,212,40.7,4154066065,56,Back,4154066073,213,5.7,87d73x3gkomc4soukr5uweqc5,I. Mbenza,,,,,,,,,,,,,,,,,,,,,,,,,,,,,,,,,,,,,,,,,
2526822273,865,49,2,96,27,2nhn3ikl1ciq34w3hcp883d6p,1,54.7,40.2,2023-04-01T18:11:15.071Z,2023-04-02T11:49:17Z,,,,,,,,,,,,,,,,,,,,,,,,,9kywhmzih4xhuz5d1rrxjcpd6,R. Tagir,,,,,,,,,,,,,,,,,,,,,,,,,,,,,,,,,,,,,,,,,
2526822433,866,1,2,96,33,2nhn3ikl1ciq34w3hcp883d6p,1,65,56,2023-04-01T18:11:21.581Z,2023-04-02T11:49:15Z,4154067101,213,5.5,4154067095,140,72.1,4154067097,141,44.2,4156166451,178,,4154067099,212,11.0,4154067093,56,Center,,,,,,,9kywhmzih4xhuz5d1rrxjcpd6,R. Tagir,,,,,,,,,,,,,,,,,,,,,,,,,,,,,,,,,,,,,,,,,
2527216289,1617,43,2,96,34,2nhn3ikl1ciq34w3hcp883d6p,1,0,0,2023-04-01T18:11:22.422Z,2023-04-02T09:47:48Z,4156234935,233,1584,4156570735,144,67,,,,,,,,,,,,,,,,,,,96xomdtz505yoaz35i5bb8f84,N. Dorgeles,,,,,,,,,,,,,,,,,,,,,,,,,,,,,,,,,,,,,,,,,
2527216283,1584,43,2,96,34,920raeoumft3q2wmvc296uceo,1,0,0,2023-04-01T18:11:22.423Z,2023-04-02T09:47:49Z,4156234943,233,1617,4156570755,144,67,,,,,,,,,,,,,,,,,,,3bhmh2ks5ma4rqda9zff6w251,S. Knežević,,,,,,,,,,,,,,,,,,,,,,,,,,,,,,,,,,,,,,,,,
2527022551,899,61,2,96,34,2nhn3ikl1ciq34w3hcp883d6p,0,74.1,53.1,2023-04-01T18:11:22.454Z,2023-04-02T11:49:15Z,4155178589,56,Center,4156166551,178,,,,,,,,,,,,,,,,,,,,96xomdtz505yoaz35i5bb8f84,N. Dorgeles,,,,,,,,,,,,,,,,,,,,,,,,,,,,,,,,,,,,,,,,,
2526822521,852,49,2,96,35,920raeoumft3q2wmvc296uceo,1,25.6,42.1,2023-04-01T18:11:23.214Z,2023-04-02T11:49:14Z,,,,,,,,,,,,,,,,,,,,,,,,,5qaa5hrosx323tjkrvajpg5qs,J. Doke,,,,,,,,,,,,,,,,,,,,,,,,,,,,,,,,,,,,,,,,,
2526822535,853,1,2,96,35,920raeoumft3q2wmvc296uceo,0,25.6,42.1,2023-04-01T18:11:23.241Z,2023-04-02T11:49:14Z,4154067647,213,5.2,4154067695,286,,4154067645,212,5.4,4154067641,140,27.8,4154067643,141,34.9,4154067691,233,867,4154067639,56,Back,4154067689,236,,5qaa5hrosx323tjkrvajpg5qs,J. Doke,4156166729,178,,,,,,,,,,,,,,,,,,,,,,,,,,,,,,,,,,,,,,,
2526822453,867,74,2,96,35,2nhn3ikl1ciq34w3hcp883d6p,1,73.7,56.5,2023-04-01T18:11:23.349Z,2023-04-02T11:49:14Z,4154067709,233,853,4156166837,178,,4154067209,56,Center,4154067211,285,,,,,,,,,,,,,,96xomdtz505yoaz35i5bb8f84,N. Dorgeles,,,,,,,,,,,,,,,,,,,,,,,,,,,,,,,,,,,,,,,,,
2526822571,854,1,2,96,36,920raeoumft3q2wmvc296uceo,0,22.5,42.2,2023-04-01T18:11:24.162Z,2023-04-02T11:49:13Z,4154067845,140,35.0,4155179579,157,,4155179581,1,,4154067847,141,5.8,4154067851,213,5.2,4154067849,212,28.0,4156166919,178,,4154067843,56,Back,7hi9yit8aifyojt7i0kg69as5,J. Bager,,,,,,,,,,,,,,,,,,,,,,,,,,,,,,,,,,,,,,,,,
2526822493,851,43,2,96,38,920raeoumft3q2wmvc296uceo,1,0,0,2023-04-01T18:11:26.030Z,2023-04-01T22:59:56Z,4155178379,144,8,4154067389,56,Back,,,,,,,,,,,,,,,,,,,3bhmh2ks5ma4rqda9zff6w251,S. Knežević,,,,,,,,,,,,,,,,,,,,,,,,,,,,,,,,,,,,,,,,,
2526822585,868,49,2,96,41,2nhn3ikl1ciq34w3hcp883d6p,1,60.3,98.9,2023-04-01T18:11:28.739Z,2023-04-02T11:49:13Z,,,,,,,,,,,,,,,,,,,,,,,,,dd711ekg0nlaosmsy2lz13syy,T. Van den Keybus,,,,,,,,,,,,,,,,,,,,,,,,,,,,,,,,,,,,,,,,,
2526822591,855,43,2,96,42,920raeoumft3q2wmvc296uceo,1,0,0,2023-04-01T18:11:30.081Z,2023-04-01T18:13:30Z,4154067927,347,0,4154067925,56,Back,4154080771,144,5,,,,,,,,,,,,,,,,7hi9yit8aifyojt7i0kg69as5,J. Bager,,,,,,,,,,,,,,,,,,,,,,,,,,,,,,,,,,,,,,,,,
2526822667,869,1,2,96,43,2nhn3ikl1ciq34w3hcp883d6p,0,61.6,94.1,2023-04-01T18:11:31.475Z,2023-04-02T11:49:12Z,4154068331,155,,4154068333,56,Center,4156167039,178,,4154068341,213,5.2,4154068339,212,35.8,4154068343,1,,4154068337,141,47.3,4154068335,140,77.2,dd711ekg0nlaosmsy2lz13syy,T. Van den Keybus,,,,,,,,,,,,,,,,,,,,,,,,,,,,,,,,,,,,,,,,,
2526822705,856,1,2,96,46,920raeoumft3q2wmvc296uceo,1,23.9,43.3,2023-04-01T18:11:33.703Z,2023-04-02T11:49:11Z,4154068587,56,Back,4156167219,388,,4154068593,212,19.9,4154068591,141,65.1,4154068585,3,,4154068595,213,0.8,4154068589,140,36.5,,,,8zz5lnxo7twq8ntb7e0qfvbv9,M. Ilaimaharitra,,,,,,,,,,,,,,,,,,,,,,,,,,,,,,,,,,,,,,,,,
2526822707,857,49,2,96,48,920raeoumft3q2wmvc296uceo,1,40.2,66,2023-04-01T18:11:36.534Z,2023-04-02T11:49:11Z,,,,,,,,,,,,,,,,,,,,,,,,,bz77hr28a1yskifpuvzu8smsq,Y. Badji,,,,,,,,,,,,,,,,,,,,,,,,,,,,,,,,,,,,,,,,,
2526822789,858,3,2,96,52,920raeoumft3q2wmvc296uceo,0,61.8,76.2,2023-04-01T18:11:39.968Z,2023-04-02T11:49:10Z,4154069067,233,870,4154069039,56,Center,4155180321,464,,4156167537,178,,4154069041,286,,,,,,,,,,,bz77hr28a1yskifpuvzu8smsq,Y. Badji,,,,,,,,,,,,,,,,,,,,,,,,,,,,,,,,,,,,,,,,,
2526822769,870,7,2,96,52,2nhn3ikl1ciq34w3hcp883d6p,0,38.2,23.8,2023-04-01T18:11:40.014Z,2023-04-02T11:49:10Z,4154068951,285,,4155180379,385,,4154069059,233,858,4156167635,389,,4154068949,56,Back,,,,,,,,,,5ujoracvgg00kzd0a8rh8oa1h,R. Neustädter,,,,,,,,,,,,,,,,,,,,,,,,,,,,,,,,,,,,,,,,,
2526822887,859,30,2,96,57,920raeoumft3q2wmvc296uceo,1,0,0,2023-04-01T18:11:45.593Z,2023-04-02T05:31:44Z,4154069567,209,,4154069563,57,0,,,,,,,,,,,,,,,,,,,,,,,,,,,,,,,,,,,,,,,,,,,,,,,,,,,,,,,,,,,,,
2526822891,871,30,2,96,57,2nhn3ikl1ciq34w3hcp883d6p,1,0,0,2023-04-01T18:11:45.593Z,2023-04-02T05:31:43Z,4154069579,57,0,4154069581,209,,,,,,,,,,,,,,,,,,,,,,,,,,,,,,,,,,,,,,,,,,,,,,,,,,,,,,,,,,,,,,
2526822949,872,30,14,0,0,2nhn3ikl1ciq34w3hcp883d6p,1,0,0,2023-04-01T18:11:49.229Z,2023-04-01T18:11:49Z,4154069905,57,1,4154069907,209,,,,,,,,,,,,,,,,,,,,,,,,,,,,,,,,,,,,,,,,,,,,,,,,,,,,,,,,,,,,,,
2526822955,873,37,14,0,0,2nhn3ikl1ciq34w3hcp883d6p,1,0,0,2023-04-01T18:11:49.260Z,2023-04-02T12:56:38Z,4157538369,406,2023-04-02 13:56:02.932,4154109909,302,,4155277447,229,,,,,,,,,,,,,,,,,,,,,,,,,,,,,,,,,,,,,,,,,,,,,,,,,,,,,,,,,,,
2526822991,860,30,14,0,0,920raeoumft3q2wmvc296uceo,1,0,0,2023-04-01T18:11:50.515Z,2023-04-01T18:11:50Z,4154070133,209,,4154070129,57,1,,,,,,,,,,,,,,,,,,,,,,,,,,,,,,,,,,,,,,,,,,,,,,,,,,,,,,,,,,,,,
2526822995,861,37,14,0,0,920raeoumft3q2wmvc296uceo,1,0,0,2023-04-01T18:11:50.547Z,2023-04-02T12:56:38Z,4154110363,302,,4157538405,406,2023-04-02 13:56:02.932,4155277449,229,,,,,,,,,,,,,,,,,,,,,,,,,,,,,,,,,,,,,,,,,,,,,,,,,,,,,,,,,,,
